variableStep chrom=chr8 span=100000
1	0
100001	0
200001	0
300001	0
400001	0
500001	0
600001	0
700001	0
800001	0
900001	0
1000001	0
1100001	0
1200001	0
1300001	0
1400001	0
1500001	0
1600001	0
1700001	0
1800001	0
1900001	0
2000001	0
2100001	0
2200001	0
2300001	0
2400001	0
2500001	0
2600001	0
2700001	0
2800001	0
2900001	0
3000001	42.3
3100001	41.3
3200001	44.2
3300001	45.9
3400001	47.9
3500001	47
3600001	48.7
3700001	43.7
3800001	41.3
3900001	42.4
4000001	41.5
4100001	44.4
4200001	49.2
4300001	44.1
4400001	43.3
4500001	42
4600001	40.8
4700001	39.4
4800001	41
4900001	40.1
5000001	37.5
5100001	38.2
5200001	38.8
5300001	38.1
5400001	37.6
5500001	38.6
5600001	37.2
5700001	36.9
5800001	36.8
5900001	37
6000001	36.2
6100001	36.5
6200001	36.5
6300001	35.8
6400001	37.4
6500001	37.4
6600001	37
6700001	37.5
6800001	36.7
6900001	36.7
7000001	37.8
7100001	37
7200001	36.4
7300001	37.9
7400001	36.6
7500001	37.7
7600001	38.2
7700001	37
7800001	38
7900001	37.4
8000001	39.3
8100001	40.7
8200001	41
8300001	42.4
8400001	42.9
8500001	44.2
8600001	44.2
8700001	44.9
8800001	44.2
8900001	43.1
9000001	42.3
9100001	42.7
9200001	42.4
9300001	41.8
9400001	41.4
9500001	40.7
9600001	41.5
9700001	42.5
9800001	41.8
9900001	42.4
10000001	42.4
10100001	43.6
10200001	42.6
10300001	43.2
10400001	44.5
10500001	45.4
10600001	44.6
10700001	45
10800001	46.2
10900001	47.6
11000001	47.1
11100001	47
11200001	47.7
11300001	48.8
11400001	49.3
11500001	50
11600001	46
11700001	48.8
11800001	47.8
11900001	47.6
12000001	47.1
12100001	48
12200001	48
12300001	47.8
12400001	47.6
12500001	46.8
12600001	47.2
12700001	48.4
12800001	50.2
12900001	51.6
13000001	49.4
13100001	48.1
13200001	48.7
13300001	48.7
13400001	49.9
13500001	48.4
13600001	49.1
13700001	44.8
13800001	43.7
13900001	47.5
14000001	45.1
14100001	44
14200001	45.2
14300001	44.9
14400001	44.9
14500001	44.7
14600001	46.2
14700001	44.9
14800001	46
14900001	50.4
15000001	48.3
15100001	44.6
15200001	44.3
15300001	42.7
15400001	41.2
15500001	41.8
15600001	42.1
15700001	41.7
15800001	41.1
15900001	41.7
16000001	41.1
16100001	41.3
16200001	41.6
16300001	40.4
16400001	41.5
16500001	39.6
16600001	40
16700001	39.5
16800001	39.7
16900001	40.5
17000001	40.2
17100001	38.9
17200001	39.3
17300001	39.2
17400001	39.5
17500001	40.8
17600001	39.8
17700001	39.1
17800001	38.4
17900001	38.8
18000001	39.8
18100001	40.6
18200001	41.1
18300001	42.3
18400001	42.4
18500001	44
18600001	44.2
18700001	46.4
18800001	43.2
18900001	43.8
19000001	40.1
19100001	41.6
19200001	40.9
19300001	40.6
19400001	40.8
19500001	43.2
19600001	42.3
19700001	41.4
19800001	41.7
19900001	41.6
20000001	40.8
20100001	0
20200001	0
20300001	0
20400001	0
20500001	0
20600001	0
20700001	0
20800001	0
20900001	0
21000001	0
21100001	0
21200001	0
21300001	0
21400001	0
21500001	0
21600001	0
21700001	0
21800001	0
21900001	0
22000001	40.9
22100001	40
22200001	40
22300001	39.6
22400001	40
22500001	39.5
22600001	39.9
22700001	40.4
22800001	40.8
22900001	40.5
23000001	42.7
23100001	45.7
23200001	42.9
23300001	43.1
23400001	41.3
23500001	44
23600001	44.5
23700001	45.1
23800001	45.7
23900001	43.7
24000001	43.4
24100001	47.9
24200001	50.4
24300001	43.9
24400001	42.7
24500001	47
24600001	43.1
24700001	45.6
24800001	43.8
24900001	41.8
25000001	41.7
25100001	42.6
25200001	42.6
25300001	43.2
25400001	42.6
25500001	43.4
25600001	45.5
25700001	42
25800001	41.1
25900001	41.3
26000001	42.2
26100001	45.6
26200001	47.1
26300001	45.7
26400001	45.3
26500001	46.5
26600001	47.9
26700001	42.5
26800001	43.7
26900001	44.4
27000001	45.6
27100001	41.5
27200001	41.6
27300001	42.8
27400001	44
27500001	43.8
27600001	43.6
27700001	44.7
27800001	44.1
27900001	47.2
28000001	46.1
28100001	47.2
28200001	48.6
28300001	46
28400001	43.7
28500001	42.3
28600001	38.6
28700001	39.4
28800001	39.1
28900001	39.1
29000001	38.7
29100001	38.2
29200001	38.9
29300001	39.2
29400001	38.8
29500001	39.3
29600001	40.5
29700001	40.7
29800001	40.8
29900001	39.7
30000001	39.5
30100001	39.5
30200001	39.9
30300001	40.9
30400001	38.4
30500001	37
30600001	39.3
30700001	38.5
30800001	38.2
30900001	36.7
31000001	38.2
31100001	38.4
31200001	38.2
31300001	37.9
31400001	37.4
31500001	38
31600001	38.8
31700001	40.1
31800001	40.4
31900001	40.6
32000001	42.9
32100001	44.1
32200001	45.6
32300001	43.5
32400001	41.3
32500001	39.9
32600001	40
32700001	39.7
32800001	40.3
32900001	39.6
33000001	39.6
33100001	40.7
33200001	40
33300001	40.4
33400001	39.7
33500001	38.5
33600001	38.1
33700001	38
33800001	39.3
33900001	40.5
34000001	39.5
34100001	40.7
34200001	40.9
34300001	41.1
34400001	39.8
34500001	41.3
34600001	39.5
34700001	45.2
34800001	42.8
34900001	46.8
35000001	45.2
35100001	45.4
35200001	44.6
35300001	44
35400001	44.3
35500001	44.4
35600001	43.8
35700001	43.9
35800001	45.9
35900001	40.5
36000001	43
36100001	44.2
36200001	45.2
36300001	43.8
36400001	44.5
36500001	42.2
36600001	43.9
36700001	44.3
36800001	43.6
36900001	43.5
37000001	43.9
37100001	44.9
37200001	44.9
37300001	43.3
37400001	42.1
37500001	43.5
37600001	44.6
37700001	41.7
37800001	40.1
37900001	39.3
38000001	39.1
38100001	40.3
38200001	38.1
38300001	38.2
38400001	37.8
38500001	37.5
38600001	36.8
38700001	36.3
38800001	36.4
38900001	35.8
39000001	35.9
39100001	36.4
39200001	35.1
39300001	36
39400001	35.8
39500001	35.6
39600001	36.1
39700001	37
39800001	38.6
39900001	37.3
40000001	39.1
40100001	38.8
40200001	39.2
40300001	38.1
40400001	39.4
40500001	38.3
40600001	37.7
40700001	37.1
40800001	37
40900001	36.7
41000001	37.3
41100001	38.7
41200001	39.4
41300001	39.3
41400001	38.4
41500001	40.2
41600001	41.2
41700001	40.5
41800001	40.3
41900001	41.7
42000001	43.7
42100001	42.9
42200001	41.1
42300001	38
42400001	40.5
42500001	41.4
42600001	41.1
42700001	38.8
42800001	38.9
42900001	38.2
43000001	37.9
43100001	38.1
43200001	36.5
43300001	36.6
43400001	35.8
43500001	36.4
43600001	37.1
43700001	37.9
43800001	37.4
43900001	38.3
44000001	38.9
44100001	38.7
44200001	41.9
44300001	41.6
44400001	41.6
44500001	38.7
44600001	39.2
44700001	38.8
44800001	38.1
44900001	38.3
45000001	38.7
45100001	38
45200001	37
45300001	38.9
45400001	37.8
45500001	40.1
45600001	39.4
45700001	39.9
45800001	41.3
45900001	41.5
46000001	44
46100001	43.4
46200001	41.2
46300001	41.2
46400001	41.7
46500001	41.6
46600001	40.4
46700001	41
46800001	40
46900001	42.4
47000001	41.9
47100001	42.8
47200001	42.9
47300001	44
47400001	44
47500001	44.7
47600001	44.4
47700001	42.7
47800001	44.2
47900001	43.9
48000001	44.2
48100001	43.4
48200001	42.5
48300001	44.3
48400001	45.6
48500001	44.3
48600001	43.3
48700001	44.4
48800001	45.4
48900001	46.5
49000001	45.6
49100001	43.4
49200001	46.3
49300001	44.8
49400001	41.9
49500001	42
49600001	41.4
49700001	41.6
49800001	41.9
49900001	40.1
50000001	41
50100001	39.5
50200001	38.7
50300001	38.4
50400001	38.1
50500001	37.8
50600001	38.5
50700001	37.4
50800001	36.6
50900001	38.1
51000001	36.2
51100001	36.4
51200001	37.2
51300001	36.6
51400001	36
51500001	35.6
51600001	36.9
51700001	35.5
51800001	34.8
51900001	36
52000001	37.6
52100001	35.6
52200001	36.3
52300001	35.5
52400001	36.7
52500001	35.8
52600001	37
52700001	35.6
52800001	36.6
52900001	35.8
53000001	36.9
53100001	34.8
53200001	36.6
53300001	38.3
53400001	35.6
53500001	36.6
53600001	36.5
53700001	35.9
53800001	36.8
53900001	36.4
54000001	37.4
54100001	36.2
54200001	35.8
54300001	36.9
54400001	36.3
54500001	37.3
54600001	38.9
54700001	38.1
54800001	37.2
54900001	37.2
55000001	36.9
55100001	37.6
55200001	37.4
55300001	37.6
55400001	38.1
55500001	39
55600001	39
55700001	37.7
55800001	38.1
55900001	37
56000001	36.1
56100001	37.1
56200001	0
56300001	0
56400001	0
56500001	0
56600001	0
56700001	0
56800001	0
56900001	0
57000001	0
57100001	0
57200001	0
57300001	0
57400001	0
57500001	0
57600001	0
57700001	0
57800001	0
57900001	42.3
58000001	39.5
58100001	37.1
58200001	36
58300001	36.8
58400001	36.1
58500001	35.9
58600001	37.7
58700001	38.4
58800001	38.4
58900001	39
59000001	39
59100001	38
59200001	38.4
59300001	38.3
59400001	39.2
59500001	38.7
59600001	39.1
59700001	40.3
59800001	44
59900001	42.8
60000001	43.3
60100001	42
60200001	42.2
60300001	40.1
60400001	40.2
60500001	39.1
60600001	38
60700001	36.7
60800001	36.7
60900001	36.9
61000001	35.7
61100001	35.8
61200001	36.5
61300001	35.8
61400001	36.3
61500001	36.8
61600001	37.6
61700001	36.4
61800001	37.3
61900001	36.2
62000001	37.3
62100001	38.1
62200001	36.9
62300001	36.9
62400001	38.1
62500001	38
62600001	37.4
62700001	39.4
62800001	39.4
62900001	40.3
63000001	39.9
63100001	42.7
63200001	41.2
63300001	41.6
63400001	39.2
63500001	38.5
63600001	41.4
63700001	44.4
63800001	44.5
63900001	43.4
64000001	43.6
64100001	41.8
64200001	41.7
64300001	40.4
64400001	38.9
64500001	37.4
64600001	38.4
64700001	37.7
64800001	38.1
64900001	36.9
65000001	37.1
65100001	37.2
65200001	37.6
65300001	38
65400001	37.6
65500001	36
65600001	35.7
65700001	36.1
65800001	36.1
65900001	37.7
66000001	36.8
66100001	38.1
66200001	37.2
66300001	38.4
66400001	37.7
66500001	36.6
66600001	37.3
66700001	38.3
66800001	39.4
66900001	40
67000001	42.4
67100001	42.2
67200001	43
67300001	44.3
67400001	43.7
67500001	43.7
67600001	42
67700001	40.3
67800001	39.7
67900001	39.1
68000001	39
68100001	38.2
68200001	37.2
68300001	37.3
68400001	37.3
68500001	37.3
68600001	37.4
68700001	38.4
68800001	39.2
68900001	39.9
69000001	39.5
69100001	39.9
69200001	40.4
69300001	40.1
69400001	39.6
69500001	38.8
69600001	38.7
69700001	38.6
69800001	39.8
69900001	40.3
70000001	40.7
70100001	41.2
70200001	38.8
70300001	39.1
70400001	39.3
70500001	40.3
70600001	40.4
70700001	41.3
70800001	42.7
70900001	40.8
71000001	40.5
71100001	40.1
71200001	41.2
71300001	42.1
71400001	41.5
71500001	42.4
71600001	44.3
71700001	42
71800001	39.7
71900001	41.1
72000001	41.2
72100001	42.7
72200001	43
72300001	49.4
72400001	50.5
72500001	46.8
72600001	51.1
72700001	50.1
72800001	52.6
72900001	52.8
73000001	51.8
73100001	52.3
73200001	53.3
73300001	54.2
73400001	49.1
73500001	41.8
73600001	40.4
73700001	43.7
73800001	50
73900001	49.4
74000001	52.1
74100001	53.3
74200001	50.2
74300001	41.7
74400001	42.4
74500001	44
74600001	45.6
74700001	48.4
74800001	48.5
74900001	48.1
75000001	47.7
75100001	48.4
75200001	47.4
75300001	41.4
75400001	41.4
75500001	40.6
75600001	40.4
75700001	41.8
75800001	42.8
75900001	38.9
76000001	39.9
76100001	39.7
76200001	39
76300001	39.1
76400001	38.9
76500001	39.1
76600001	38.7
76700001	39.3
76800001	39.4
76900001	38.9
77000001	40.5
77100001	40.7
77200001	42.2
77300001	43.7
77400001	44
77500001	45.7
77600001	46.7
77700001	45.8
77800001	39.8
77900001	38.3
78000001	39.3
78100001	38.5
78200001	38.3
78300001	38.3
78400001	37.9
78500001	37.3
78600001	38.1
78700001	38.3
78800001	39
78900001	39.4
79000001	38.4
79100001	38.9
79200001	38.5
79300001	39.1
79400001	40.4
79500001	40.3
79600001	42.5
79700001	44.7
79800001	44.3
79900001	45.4
80000001	44.9
80100001	42.7
80200001	43.3
80300001	41.3
80400001	40.6
80500001	42
80600001	42.7
80700001	41.4
80800001	42.5
80900001	42.8
81000001	43.4
81100001	43.6
81200001	45.2
81300001	43.2
81400001	42.7
81500001	44.3
81600001	45.6
81700001	44.4
81800001	43.9
81900001	42.8
82000001	43.1
82100001	42.1
82200001	39.3
82300001	40.3
82400001	40.8
82500001	40.9
82600001	40.8
82700001	40.5
82800001	40.9
82900001	40.8
83000001	41.4
83100001	42.9
83200001	41
83300001	44.7
83400001	44.6
83500001	41.4
83600001	40.4
83700001	39.9
83800001	39.6
83900001	38.3
84000001	38.5
84100001	38.6
84200001	38.4
84300001	39.1
84400001	38.6
84500001	38.4
84600001	38.6
84700001	39.4
84800001	39.2
84900001	39.1
85000001	39.2
85100001	39.8
85200001	41.5
85300001	42.5
85400001	41.8
85500001	42.3
85600001	43.2
85700001	45.1
85800001	43.4
85900001	42.6
86000001	42
86100001	48.9
86200001	49.2
86300001	46.9
86400001	50.4
86500001	50.5
86600001	50.9
86700001	51
86800001	47
86900001	47.8
87000001	49.2
87100001	49.9
87200001	52.2
87300001	49.5
87400001	48.6
87500001	50.9
87600001	45.3
87700001	39.4
87800001	41.9
87900001	43.1
88000001	44.8
88100001	41
88200001	39.1
88300001	39.1
88400001	39.7
88500001	40.7
88600001	40.9
88700001	42.9
88800001	42.9
88900001	43.8
89000001	46
89100001	42.9
89200001	43.4
89300001	46.1
89400001	45.6
89500001	43.2
89600001	45.8
89700001	46.1
89800001	44.9
89900001	45
90000001	45.3
90100001	48.5
90200001	49.2
90300001	49.8
90400001	50.3
90500001	46.7
90600001	42.7
90700001	44.9
90800001	48
90900001	47.8
91000001	50
91100001	50
91200001	42.4
91300001	46.4
91400001	47.4
91500001	47.2
91600001	44.3
91700001	44.8
91800001	43.2
91900001	43.6
92000001	42.8
92100001	42.3
92200001	42.5
92300001	42
92400001	40.8
92500001	42.2
92600001	41.5
92700001	41.5
92800001	42.9
92900001	43.3
93000001	42.9
93100001	42.3
93200001	43.1
93300001	46
93400001	42
93500001	40.9
93600001	45.1
93700001	42.3
93800001	42.3
93900001	44
94000001	45.9
94100001	46.9
94200001	47.4
94300001	48.7
94400001	46.5
94500001	45.6
94600001	44.3
94700001	45.1
94800001	45.1
94900001	47.6
95000001	46.1
95100001	44.6
95200001	44.6
95300001	45.5
95400001	43.6
95500001	43.6
95600001	41.6
95700001	41.8
95800001	41.6
95900001	42.3
96000001	43.4
96100001	43.6
96200001	43
96300001	44.5
96400001	49.8
96500001	43.5
96600001	46.3
96700001	44
96800001	47.8
96900001	46.4
97000001	50.1
97100001	42.3
97200001	46.9
97300001	49
97400001	49.1
97500001	50.6
97600001	50.9
97700001	47.1
97800001	50.7
97900001	45.8
98000001	46.3
98100001	45.1
98200001	45.5
98300001	45.6
98400001	43.6
98500001	41.7
98600001	41
98700001	40.2
98800001	40.2
98900001	38.6
99000001	39.1
99100001	39
99200001	37.7
99300001	37.9
99400001	37.9
99500001	37.2
99600001	38.2
99700001	37.5
99800001	38.4
99900001	38.9
100000001	38.3
100100001	38
100200001	37.3
100300001	37
100400001	36.8
100500001	37.3
100600001	36.9
100700001	37.6
100800001	36.1
100900001	36.6
101000001	37.5
101100001	36.6
101200001	37.8
101300001	36.7
101400001	36.8
101500001	36.6
101600001	35.8
101700001	36.8
101800001	36.9
101900001	38.8
102000001	37.6
102100001	37.1
102200001	37.5
102300001	37.3
102400001	37.8
102500001	36.9
102600001	38.2
102700001	37.3
102800001	36.9
102900001	37.3
103000001	36.8
103100001	37.6
103200001	36.4
103300001	36.3
103400001	37.1
103500001	37.3
103600001	36.7
103700001	37
103800001	37.8
103900001	36.7
104000001	36.3
104100001	36.3
104200001	36.8
104300001	37.9
104400001	37.2
104500001	37.6
104600001	38
104700001	37.1
104800001	37.3
104900001	36.7
105000001	38
105100001	37.6
105200001	39.7
105300001	39.3
105400001	39.2
105500001	39
105600001	39.5
105700001	41
105800001	40.5
105900001	42.6
106000001	42.1
106100001	42.9
106200001	43.2
106300001	44
106400001	44
106500001	46.9
106600001	46.6
106700001	47.2
106800001	45.2
106900001	44.7
107000001	43.3
107100001	45.6
107200001	43.6
107300001	43.8
107400001	43.1
107500001	44.1
107600001	45.4
107700001	44.4
107800001	51.5
107900001	45.7
108000001	47.4
108100001	45.4
108200001	48.5
108300001	46.8
108400001	49.1
108500001	45.7
108600001	43.8
108700001	46.9
108800001	45.9
108900001	46.1
109000001	46.6
109100001	46.5
109200001	45
109300001	46.2
109400001	45.1
109500001	45.8
109600001	44.8
109700001	44.9
109800001	39
109900001	46.5
110000001	46.7
110100001	44.5
110200001	43.5
110300001	43.4
110400001	42.9
110500001	43.7
110600001	42.4
110700001	42.6
110800001	42.8
110900001	44.9
111000001	43.6
111100001	44.9
111200001	47.7
111300001	49.3
111400001	48.3
111500001	41
111600001	40.3
111700001	40.4
111800001	42.3
111900001	44
112000001	47.2
112100001	46.7
112200001	45.4
112300001	40.7
112400001	44
112500001	45.5
112600001	48.5
112700001	45
112800001	44.2
112900001	44.2
113000001	45.5
113100001	47.3
113200001	51.1
113300001	44.5
113400001	48.2
113500001	46.3
113600001	44.9
113700001	41.5
113800001	45.3
113900001	45.8
114000001	45
114100001	46.1
114200001	49.7
114300001	44.4
114400001	46.5
114500001	45.4
114600001	43.6
114700001	42.4
114800001	41.7
114900001	41
115000001	41
115100001	41
115200001	40.6
115300001	39.1
115400001	39.2
115500001	38.7
115600001	39.7
115700001	39.6
115800001	40.9
115900001	41.6
116000001	43.6
116100001	44.9
116200001	42.4
116300001	43.9
116400001	42.9
116500001	42.6
116600001	43.6
116700001	43.4
116800001	44.4
116900001	44.9
117000001	46
117100001	45.6
117200001	45
117300001	46.1
117400001	46.6
117500001	45.4
117600001	46.1
117700001	45.8
117800001	45.1
117900001	45.1
118000001	45.2
118100001	43.7
118200001	45
118300001	42.6
118400001	43.2
118500001	43.2
118600001	43.5
118700001	43.7
118800001	44.7
118900001	44.1
119000001	45.1
119100001	46.8
119200001	43.5
119300001	45.4
119400001	47.2
119500001	48.6
119600001	48.1
119700001	49.2
119800001	50.9
119900001	51
120000001	48.8
120100001	47.6
120200001	46.3
120300001	45.6
120400001	46.2
120500001	45.4
120600001	46
120700001	45.3
120800001	46.8
120900001	44.8
121000001	44.4
121100001	45.1
121200001	44.6
121300001	45.8
121400001	45.9
121500001	47.2
121600001	46.7
121700001	46.6
121800001	47.7
121900001	52.3
122000001	50.2
122100001	51.5
122200001	51.7
122300001	50.7
122400001	49.3
122500001	50.9
122600001	51.5
122700001	53
122800001	54.1
122900001	53.8
123000001	55.9
123100001	51.4
123200001	50.2
123300001	51.7
123400001	51.3
123500001	51
123600001	52.3
123700001	51.1
123800001	52.1
123900001	49.8
124000001	51.2
124100001	51.3
124200001	51.9
124300001	51
124400001	51.5
124500001	51.4
124600001	52
124700001	53.9
124800001	54.4
124900001	51.6
125000001	53.3
125100001	53.3
125200001	52.5
125300001	52.1
125400001	45.9
125500001	44.8
125600001	50
125700001	51.5
125800001	48.7
125900001	49.3
126000001	55.3
126100001	55.3
126200001	48.6
126300001	48.1
126400001	47.7
126500001	46.2
126600001	47.3
126700001	49.1
126800001	50.8
126900001	49.1
127000001	48.8
127100001	48.8
127200001	48.9
127300001	48.7
127400001	48.9
127500001	46.5
127600001	48.2
127700001	48
127800001	48.2
127900001	49.3
128000001	49.2
128100001	47.6
128200001	48.2
128300001	47.9
128400001	47.2
128500001	46.1
128600001	45.7
128700001	45.9
128800001	47.7
128900001	46.6
129000001	47.2
129100001	47.9
129200001	47.3
129300001	47.3
129400001	46.3
129500001	43.4
129600001	43.9
129700001	42.5
129800001	41.5
129900001	42.2
130000001	43.3
130100001	43.2
130200001	43.1
130300001	41.8
130400001	42
130500001	42.3
130600001	41.4
130700001	41.8
130800001	42.3
130900001	41.7
131000001	42.5
131100001	41.9
131200001	40
131300001	37.8
131400001	37.8
131500001	38.5
131600001	39
