variableStep chrom=chr16 span=100000
1	0
100001	0
200001	0
300001	0
400001	0
500001	0
600001	0
700001	0
800001	0
900001	0
1000001	0
1100001	0
1200001	0
1300001	0
1400001	0
1500001	0
1600001	0
1700001	0
1800001	0
1900001	0
2000001	0
2100001	0
2200001	0
2300001	0
2400001	0
2500001	0
2600001	0
2700001	0
2800001	0
2900001	0
3000001	40.5
3100001	40.9
3200001	37.3
3300001	41.6
3400001	40.4
3500001	39
3600001	42.8
3700001	43.8
3800001	43.9
3900001	47
4000001	46.2
4100001	40.4
4200001	45.3
4300001	43.7
4400001	45.9
4500001	48
4600001	49.9
4700001	44.8
4800001	47.1
4900001	48.7
5000001	45.5
5100001	50.2
5200001	47.5
5300001	46.6
5400001	47.3
5500001	46.4
5600001	44.1
5700001	45.3
5800001	45
5900001	43.6
6000001	42.9
6100001	42.6
6200001	42.7
6300001	43.1
6400001	42.4
6500001	40.4
6600001	40.4
6700001	41.6
6800001	41.3
6900001	42
7000001	43
7100001	42.2
7200001	41.4
7300001	41.4
7400001	42.2
7500001	41
7600001	41.2
7700001	40.9
7800001	40.8
7900001	41.6
8000001	42.3
8100001	42.1
8200001	41.9
8300001	44
8400001	47.5
8500001	46.2
8600001	48.7
8700001	46.1
8800001	44.5
8900001	44.7
9000001	46
9100001	43.7
9200001	43.5
9300001	43.9
9400001	41.4
9500001	42.9
9600001	42.2
9700001	43.6
9800001	44.2
9900001	44.7
10000001	45.9
10100001	42.2
10200001	42.6
10300001	48.8
10400001	46.7
10500001	48.4
10600001	46.9
10700001	50.6
10800001	49.8
10900001	48.6
11000001	48
11100001	43.8
11200001	42.7
11300001	46.2
11400001	47.5
11500001	45.7
11600001	45.7
11700001	47.4
11800001	45.5
11900001	43.8
12000001	44.3
12100001	43
12200001	42.1
12300001	41.1
12400001	41.2
12500001	42.2
12600001	42.6
12700001	41.3
12800001	42.6
12900001	43
13000001	43.3
13100001	45.3
13200001	44
13300001	42.6
13400001	47.6
13500001	45.1
13600001	42.8
13700001	44.1
13800001	42.8
13900001	43
14000001	43.7
14100001	44.5
14200001	46.5
14300001	44.6
14400001	45.1
14500001	40
14600001	38.7
14700001	39.9
14800001	39.9
14900001	40
15000001	40.3
15100001	40.3
15200001	40.9
15300001	40.7
15400001	41
15500001	39.8
15600001	40
15700001	40.1
15800001	42.7
15900001	40.6
16000001	39.4
16100001	39.9
16200001	40.7
16300001	39.5
16400001	38.5
16500001	40.2
16600001	40.7
16700001	39.9
16800001	43.3
16900001	45
17000001	44.3
17100001	45.6
17200001	48.2
17300001	43.4
17400001	44.5
17500001	48.4
17600001	46.8
17700001	45.2
17800001	48.8
17900001	48.3
18000001	47.7
18100001	52.1
18200001	48.4
18300001	48.6
18400001	49.1
18500001	49.3
18600001	49.3
18700001	47.1
18800001	44
18900001	42.4
19000001	39.2
19100001	39.7
19200001	38.2
19300001	38.9
19400001	37.9
19500001	39.4
19600001	39.3
19700001	39.8
19800001	41.3
19900001	41.6
20000001	41.9
20100001	41.2
20200001	43.6
20300001	45
20400001	43.6
20500001	47.9
20600001	48.1
20700001	46.7
20800001	44.1
20900001	41.8
21000001	42.3
21100001	43.2
21200001	50.3
21300001	48.3
21400001	44.6
21500001	43.4
21600001	45.4
21700001	43.1
21800001	43.1
21900001	45.9
22000001	44.9
22100001	44.9
22200001	42.1
22300001	44.4
22400001	45.8
22500001	46.4
22600001	45.4
22700001	45.3
22800001	44.9
22900001	43
23000001	43.8
23100001	43.1
23200001	45.6
23300001	43.9
23400001	45.3
23500001	42.7
23600001	42.3
23700001	41.1
23800001	42.3
23900001	44.8
24000001	43.6
24100001	43.3
24200001	43
24300001	42.8
24400001	44.6
24500001	41.6
24600001	40.3
24700001	40.2
24800001	40.8
24900001	41
25000001	42.1
25100001	39
25200001	41.4
25300001	41
25400001	40.6
25500001	39.7
25600001	38.8
25700001	38.7
25800001	40.3
25900001	40.3
26000001	39.9
26100001	40
26200001	40
26300001	40.2
26400001	38.5
26500001	40
26600001	39.1
26700001	38.4
26800001	38.7
26900001	38.4
27000001	38.5
27100001	38.5
27200001	38.1
27300001	38.2
27400001	39.3
27500001	37.6
27600001	37.5
27700001	37.1
27800001	37.6
27900001	37.4
28000001	37.8
28100001	38.4
28200001	38.8
28300001	38.4
28400001	40.9
28500001	41.6
28600001	40.1
28700001	40.3
28800001	46.1
28900001	43.7
29000001	41.3
29100001	41.9
29200001	41.8
29300001	41.4
29400001	41.8
29500001	41.6
29600001	43
29700001	46.9
29800001	45.7
29900001	46
30000001	47.9
30100001	47.4
30200001	48.5
30300001	40.8
30400001	44.8
30500001	47.3
30600001	46.9
30700001	46.9
30800001	45.9
30900001	48.1
31000001	48.2
31100001	43.1
31200001	43.8
31300001	43.9
31400001	48.1
31500001	46.8
31600001	42.9
31700001	37.9
31800001	42.4
31900001	45.8
32000001	43
32100001	45.6
32200001	42.9
32300001	41.9
32400001	45
32500001	46.6
32600001	46.9
32700001	47.7
32800001	44.9
32900001	40.8
33000001	44.7
33100001	45.6
33200001	43
33300001	45.4
33400001	40.3
33500001	46.4
33600001	45.3
33700001	45.6
33800001	46.3
33900001	47
34000001	46.7
34100001	45.4
34200001	44.3
34300001	46.1
34400001	45
34500001	44.9
34600001	43.3
34700001	42.8
34800001	45.7
34900001	49
35000001	43.2
35100001	48.6
35200001	50.3
35300001	42.2
35400001	48.3
35500001	47.7
35600001	47.9
35700001	44.6
35800001	43.4
35900001	43
36000001	41.9
36100001	40.6
36200001	40.8
36300001	40.5
36400001	42.2
36500001	43.4
36600001	42.8
36700001	42.1
36800001	38.3
36900001	43.4
37000001	40.3
37100001	36.5
37200001	36.1
37300001	37.4
37400001	41.3
37500001	42.1
37600001	43.9
37700001	43.6
37800001	43.5
37900001	44.4
38000001	43.1
38100001	40.5
38200001	43.3
38300001	45
38400001	45.6
38500001	44.2
38600001	45.1
38700001	44.8
38800001	41.7
38900001	44
39000001	42.1
39100001	41.4
39200001	40.3
39300001	40.3
39400001	39
39500001	38
39600001	36.8
39700001	37.6
39800001	37.8
39900001	37.8
40000001	37
40100001	36.8
40200001	37.3
40300001	37.7
40400001	37.5
40500001	37.4
40600001	37.4
40700001	37.7
40800001	37.5
40900001	37.3
41000001	37.5
41100001	37.2
41200001	37.6
41300001	38.3
41400001	38.2
41500001	38.7
41600001	38.1
41700001	38.2
41800001	37.4
41900001	39.4
42000001	38.3
42100001	40.3
42200001	40.1
42300001	40.7
42400001	39.1
42500001	40.1
42600001	39.1
42700001	40.2
42800001	38.7
42900001	36.6
43000001	36.7
43100001	37.7
43200001	37.4
43300001	38.7
43400001	39.5
43500001	42.4
43600001	42.7
43700001	42.3
43800001	42.5
43900001	42.3
44000001	42.6
44100001	40.8
44200001	43.8
44300001	42.3
44400001	43.2
44500001	44.9
44600001	43.6
44700001	41.2
44800001	40
44900001	39.8
45000001	42
45100001	39.3
45200001	39.4
45300001	40
45400001	39.9
45500001	39.9
45600001	41.8
45700001	41.6
45800001	41.1
45900001	41.7
46000001	41.5
46100001	40
46200001	39.1
46300001	41.7
46400001	39.1
46500001	39
46600001	39.4
46700001	38.5
46800001	37.9
46900001	37.7
47000001	37.5
47100001	38.8
47200001	37.1
47300001	37.7
47400001	37.1
47500001	36.9
47600001	37.1
47700001	38.2
47800001	38
47900001	39.6
48000001	40.2
48100001	40.7
48200001	42.3
48300001	42.1
48400001	41.5
48500001	41.2
48600001	40.8
48700001	38.9
48800001	40
48900001	36.3
49000001	37.7
49100001	39.7
49200001	39.5
49300001	39.3
49400001	40.1
49500001	39.9
49600001	40
49700001	39.9
49800001	41.4
49900001	42.7
50000001	42
50100001	42.7
50200001	38.8
50300001	38.6
50400001	40.9
50500001	41.4
50600001	40.6
50700001	41.2
50800001	38.9
50900001	38.9
51000001	38.7
51100001	38.3
51200001	38.5
51300001	37.8
51400001	37.4
51500001	36.9
51600001	37.5
51700001	38.2
51800001	38
51900001	39.9
52000001	40.6
52100001	39.7
52200001	38.9
52300001	37.9
52400001	38
52500001	38.8
52600001	37.6
52700001	37.1
52800001	37
52900001	36.3
53000001	37.2
53100001	37
53200001	35.6
53300001	36.8
53400001	36.1
53500001	36.7
53600001	35.9
53700001	36.2
53800001	36.3
53900001	36.4
54000001	35.6
54100001	35.6
54200001	36.2
54300001	36.2
54400001	37.2
54500001	36.4
54600001	36.5
54700001	35.8
54800001	37.9
54900001	38.1
55000001	38.5
55100001	38.8
55200001	37.1
55300001	38.1
55400001	39.4
55500001	39.7
55600001	39.9
55700001	41.9
55800001	43.4
55900001	43.6
56000001	42.7
56100001	39.1
56200001	40.9
56300001	40.6
56400001	39.2
56500001	39.4
56600001	38.6
56700001	39.9
56800001	40.8
56900001	41.5
57000001	40.5
57100001	40.6
57200001	42.2
57300001	43.6
57400001	42.4
57500001	40.7
57600001	40.2
57700001	39.7
57800001	39.8
57900001	39.8
58000001	37.6
58100001	39.5
58200001	39.9
58300001	40.8
58400001	42.3
58500001	40.9
58600001	41.9
58700001	39
58800001	38.4
58900001	38.7
59000001	37.1
59100001	38.5
59200001	36.7
59300001	38.6
59400001	41.8
59500001	42.9
59600001	39.1
59700001	38.8
59800001	38.7
59900001	38.2
60000001	36.7
60100001	36.9
60200001	36.7
60300001	36.5
60400001	36.6
60500001	36
60600001	36.3
60700001	38
60800001	37
60900001	37.7
61000001	35.3
61100001	35.4
61200001	37.1
61300001	37.8
61400001	35.2
61500001	36.7
61600001	36.2
61700001	35.8
61800001	36.3
61900001	35.6
62000001	36.5
62100001	36
62200001	37.3
62300001	38.5
62400001	38.2
62500001	40
62600001	39.9
62700001	40.9
62800001	40.2
62900001	38.2
63000001	38.9
63100001	38.6
63200001	37.6
63300001	37.5
63400001	37.4
63500001	35.7
63600001	36.3
63700001	36
63800001	36.5
63900001	37.3
64000001	36.5
64100001	36.9
64200001	37.4
64300001	38.3
64400001	37.6
64500001	38.5
64600001	38.9
64700001	40.2
64800001	39.8
64900001	40.2
65000001	39.4
65100001	39
65200001	37.9
65300001	37.6
65400001	38.2
65500001	38.5
65600001	38.3
65700001	38.7
65800001	38.4
65900001	37.7
66000001	38
66100001	37.2
66200001	37
66300001	36.9
66400001	37
66500001	37.9
66600001	36.7
66700001	35.8
66800001	36.5
66900001	35.5
67000001	35.4
67100001	35.1
67200001	35.5
67300001	34.7
67400001	34.6
67500001	35.5
67600001	37.8
67700001	36
67800001	36.4
67900001	36
68000001	35.5
68100001	35.6
68200001	35.4
68300001	35.6
68400001	35.8
68500001	35.8
68600001	35.7
68700001	36.6
68800001	35.8
68900001	35.8
69000001	36.1
69100001	35.5
69200001	35.1
69300001	36.3
69400001	35.8
69500001	35.3
69600001	35.5
69700001	36.3
69800001	38.4
69900001	37.5
70000001	37
70100001	38.2
70200001	38.2
70300001	39.7
70400001	37.1
70500001	39.8
70600001	38.1
70700001	37.5
70800001	38.3
70900001	38.4
71000001	36.2
71100001	37
71200001	37
71300001	36.5
71400001	36.8
71500001	36.1
71600001	36.6
71700001	36.9
71800001	36.1
71900001	36.6
72000001	37.9
72100001	35.7
72200001	35.9
72300001	38
72400001	37
72500001	37.6
72600001	40.1
72700001	39.9
72800001	38.7
72900001	39.5
73000001	40.4
73100001	39.4
73200001	40.1
73300001	38.7
73400001	38.2
73500001	38.7
73600001	38.6
73700001	37.1
73800001	37.5
73900001	36
74000001	36.2
74100001	37.3
74200001	37.2
74300001	36.2
74400001	37.4
74500001	37.3
74600001	36.6
74700001	38.1
74800001	35.8
74900001	36.7
75000001	35.9
75100001	36
75200001	36.9
75300001	36.8
75400001	36.6
75500001	37.3
75600001	39.4
75700001	39.2
75800001	38.1
75900001	38.7
76000001	39.5
76100001	42.3
76200001	41
76300001	42.2
76400001	40.9
76500001	40.9
76600001	39.7
76700001	39.8
76800001	39.3
76900001	39.1
77000001	40.2
77100001	39.2
77200001	36.9
77300001	37.5
77400001	36.6
77500001	36
77600001	36.8
77700001	38.2
77800001	38
77900001	38.8
78000001	39.4
78100001	39.5
78200001	42.6
78300001	42.8
78400001	43.5
78500001	42.7
78600001	41
78700001	38.1
78800001	39.3
78900001	37.2
79000001	36.4
79100001	36.8
79200001	37
79300001	36.8
79400001	36.7
79500001	37
79600001	36.8
79700001	36.9
79800001	36.8
79900001	36.8
80000001	35.6
80100001	36.9
80200001	36.9
80300001	36.7
80400001	35.5
80500001	35.3
80600001	35.5
80700001	36.9
80800001	36.4
80900001	36.6
81000001	38.5
81100001	36.2
81200001	35.7
81300001	35.3
81400001	35.5
81500001	35.6
81600001	36.2
81700001	37.7
81800001	36.8
81900001	35.5
82000001	37
82100001	34.6
82200001	36.6
82300001	35.3
82400001	35.3
82500001	37.1
82600001	37.2
82700001	35.8
82800001	35.9
82900001	36.9
83000001	35.8
83100001	36.1
83200001	36.3
83300001	37.2
83400001	37.4
83500001	36.6
83600001	35.9
83700001	36.2
83800001	37.9
83900001	36.9
84000001	36.8
84100001	36.6
84200001	38.1
84300001	38.1
84400001	38.2
84500001	41.1
84600001	40.2
84700001	42.3
84800001	41.7
84900001	42.6
85000001	42.5
85100001	42.3
85200001	40
85300001	40.1
85400001	40.3
85500001	39.6
85600001	39.2
85700001	40.2
85800001	40.6
85900001	38.6
86000001	38.2
86100001	38.2
86200001	36.4
86300001	37.3
86400001	37.1
86500001	37.6
86600001	36.4
86700001	38.4
86800001	37.9
86900001	39
87000001	39.9
87100001	40.1
87200001	41.8
87300001	43
87400001	42.5
87500001	44
87600001	44.6
87700001	45.1
87800001	41.3
87900001	39.8
88000001	39.9
88100001	39.5
88200001	39.2
88300001	38.3
88400001	38.9
88500001	38.9
88600001	39.2
88700001	39.1
88800001	38.4
88900001	37.5
89000001	37.9
89100001	39.9
89200001	37
89300001	38.5
89400001	39.6
89500001	42.3
89600001	43.7
89700001	45
89800001	47.6
89900001	47.6
90000001	47.5
90100001	47.7
90200001	43.7
90300001	46.3
90400001	47.3
90500001	46.5
90600001	45.6
90700001	48.2
90800001	47.3
90900001	44.2
91000001	44.3
91100001	46
91200001	47.7
91300001	46.5
91400001	46.3
91500001	48
91600001	44.5
91700001	45.1
91800001	47.1
91900001	47.1
92000001	44.9
92100001	47.2
92200001	46.7
92300001	49.1
92400001	48.8
92500001	47.2
92600001	48.1
92700001	46.2
92800001	46.2
92900001	44.3
93000001	45.5
93100001	45
93200001	43.9
93300001	46.5
93400001	45.8
93500001	46.4
93600001	45
93700001	50
93800001	45.6
93900001	48.5
94000001	48.4
94100001	0
94200001	0
94300001	48.1
94400001	48
94500001	45.5
94600001	41
94700001	45.8
94800001	41.8
94900001	46.5
95000001	47.8
95100001	45.6
95200001	44.1
95300001	44.8
95400001	45.1
95500001	46.5
95600001	45.6
95700001	46
95800001	46.6
95900001	47
96000001	46.6
96100001	46
96200001	42.8
96300001	47.6
96400001	45
96500001	45.8
96600001	45.6
96700001	44.8
96800001	44.5
96900001	43.8
97000001	42.2
97100001	42.5
97200001	42.9
97300001	42.9
97400001	42.8
97500001	44.5
97600001	44.8
97700001	45.4
97800001	46
97900001	46.9
98000001	46.2
98100001	43.9
98200001	39.9
