variableStep chrom=chr18 span=100000
1	0
100001	0
200001	0
300001	0
400001	0
500001	0
600001	0
700001	0
800001	0
900001	0
1000001	0
1100001	0
1200001	0
1300001	0
1400001	0
1500001	0
1600001	0
1700001	0
1800001	0
1900001	0
2000001	0
2100001	0
2200001	0
2300001	0
2400001	0
2500001	0
2600001	0
2700001	0
2800001	0
2900001	0
3000001	40.3
3100001	40.5
3200001	40.7
3300001	41
3400001	41.7
3500001	41.5
3600001	40.9
3700001	41.8
3800001	42.2
3900001	43.3
4000001	42.6
4100001	42.5
4200001	42.2
4300001	42.4
4400001	41.8
4500001	44.3
4600001	44.9
4700001	44.1
4800001	44.2
4900001	44.5
5000001	45.3
5100001	46.6
5200001	40.5
5300001	41.8
5400001	44.4
5500001	41.7
5600001	39.8
5700001	41.2
5800001	43.8
5900001	44.3
6000001	40.4
6100001	41.7
6200001	41.3
6300001	43.2
6400001	43
6500001	41.7
6600001	41
6700001	40.7
6800001	41.9
6900001	41.3
7000001	41.3
7100001	39.4
7200001	40.3
7300001	40.2
7400001	39.6
7500001	41.5
7600001	41.8
7700001	41.6
7800001	40.2
7900001	38.5
8000001	39.6
8100001	39.7
8200001	40.1
8300001	39.7
8400001	39.7
8500001	39.2
8600001	39.8
8700001	40.7
8800001	40.4
8900001	41
9000001	39.9
9100001	40.2
9200001	43
9300001	40.6
9400001	41.4
9500001	42
9600001	40.5
9700001	41.6
9800001	41.6
9900001	39.8
10000001	38.7
10100001	37.1
10200001	40.3
10300001	40.2
10400001	40.4
10500001	41.4
10600001	41.4
10700001	39.6
10800001	43
10900001	44.5
11000001	44.6
11100001	42.6
11200001	43.8
11300001	41.4
11400001	41.6
11500001	41.7
11600001	41.3
11700001	40.9
11800001	38.8
11900001	43.3
12000001	48
12100001	46
12200001	44.8
12300001	46.6
12400001	43.3
12500001	44.5
12600001	44.8
12700001	44.9
12800001	46.2
12900001	43.4
13000001	42.8
13100001	43.8
13200001	42.7
13300001	41.8
13400001	42.1
13500001	43
13600001	43
13700001	41.9
13800001	43.1
13900001	41
14000001	42.8
14100001	42.5
14200001	41.5
14300001	41.5
14400001	42.3
14500001	41.4
14600001	42.4
14700001	42.5
14800001	41.5
14900001	39.5
15000001	41
15100001	44.4
15200001	44.9
15300001	44.2
15400001	42.2
15500001	41.7
15600001	41
15700001	40.1
15800001	39.3
15900001	38.7
16000001	38.8
16100001	39.7
16200001	37.3
16300001	38.7
16400001	38.4
16500001	39.4
16600001	39.7
16700001	39.7
16800001	39.9
16900001	40.6
17000001	37.9
17100001	39.1
17200001	36.7
17300001	37.8
17400001	38.2
17500001	38.1
17600001	37.8
17700001	37.2
17800001	37.4
17900001	36.3
18000001	37.1
18100001	36.5
18200001	37.5
18300001	35.6
18400001	37.2
18500001	36.3
18600001	35.7
18700001	35.9
18800001	36.1
18900001	38
19000001	37.9
19100001	38.2
19200001	35.2
19300001	35.7
19400001	38
19500001	39.3
19600001	37.7
19700001	36.8
19800001	37.6
19900001	37.9
20000001	38.3
20100001	39.2
20200001	38.8
20300001	39.4
20400001	38.9
20500001	39.6
20600001	40.6
20700001	46.1
20800001	43.6
20900001	43.1
21000001	41.1
21100001	42.3
21200001	43.9
21300001	43.2
21400001	41.9
21500001	41
21600001	40.4
21700001	40
21800001	40.7
21900001	39.6
22000001	38.5
22100001	38.7
22200001	38.2
22300001	38.3
22400001	38.1
22500001	38.9
22600001	39.3
22700001	39.3
22800001	39.5
22900001	38.3
23000001	37.5
23100001	39.3
23200001	39.4
23300001	40
23400001	38.8
23500001	39
23600001	40.4
23700001	40.3
23800001	41.1
23900001	43.6
24000001	44.5
24100001	41.9
24200001	44.8
24300001	42.8
24400001	42.8
24500001	44
24600001	44.7
24700001	44.3
24800001	46
24900001	45
25000001	44.7
25100001	43.7
25200001	43.1
25300001	39.8
25400001	38.6
25500001	38.8
25600001	47.4
25700001	49.8
25800001	48.3
25900001	43.2
26000001	40.8
26100001	41.2
26200001	39.2
26300001	38.7
26400001	38.8
26500001	37
26600001	38.7
26700001	38
26800001	39
26900001	38.1
27000001	37.8
27100001	37.1
27200001	37.6
27300001	38
27400001	37.6
27500001	36.7
27600001	37.6
27700001	37.2
27800001	38.4
27900001	37.6
28000001	37.4
28100001	38
28200001	37.2
28300001	37.7
28400001	37.8
28500001	38.3
28600001	38.2
28700001	38.5
28800001	37.5
28900001	37.7
29000001	37.5
29100001	38.2
29200001	37.4
29300001	37.9
29400001	37.8
29500001	37.8
29600001	37.4
29700001	38.2
29800001	38.5
29900001	38.5
30000001	39.3
30100001	39.7
30200001	40.4
30300001	39.3
30400001	42.2
30500001	42.1
30600001	39.8
30700001	39.4
30800001	39
30900001	39.2
31000001	38.5
31100001	37.1
31200001	37.4
31300001	37.4
31400001	38.1
31500001	39.2
31600001	39.5
31700001	40.2
31800001	43
31900001	42.8
32000001	44.8
32100001	49
32200001	42.6
32300001	40.9
32400001	43.9
32500001	48.5
32600001	44
32700001	43.3
32800001	40.2
32900001	39.9
33000001	40.3
33100001	40.7
33200001	40.3
33300001	40.6
33400001	41
33500001	41.5
33600001	41.2
33700001	40.4
33800001	41.7
33900001	44.5
34000001	44.3
34100001	44.5
34200001	45.1
34300001	43.3
34400001	41.9
34500001	45.5
34600001	41.8
34700001	44.3
34800001	46.2
34900001	44.5
35000001	46.6
35100001	44.3
35200001	45.2
35300001	38.8
35400001	45.7
35500001	43.3
35600001	44.5
35700001	41.3
35800001	47.2
35900001	45.4
36000001	50.7
36100001	50.4
36200001	48.3
36300001	44.4
36400001	43.8
36500001	45.1
36600001	46.2
36700001	38.5
36800001	44.3
36900001	43.6
37000001	40
37100001	42
37200001	37.9
37300001	40.9
37400001	39.9
37500001	40.4
37600001	40.6
37700001	41
37800001	44.1
37900001	45.6
38000001	42.6
38100001	48.7
38200001	49
38300001	49.9
38400001	46.4
38500001	44
38600001	45.2
38700001	47.8
38800001	46
38900001	44.8
39000001	46.3
39100001	44.9
39200001	44.5
39300001	43.3
39400001	43.8
39500001	42.8
39600001	39.9
39700001	42.1
39800001	41.9
39900001	40.8
40000001	40.8
40100001	39.1
40200001	40
40300001	40.3
40400001	39.8
40500001	39.7
40600001	39.2
40700001	38.3
40800001	39.7
40900001	38.3
41000001	37.6
41100001	38.2
41200001	38.1
41300001	37.1
41400001	38.4
41500001	38.6
41600001	40.5
41700001	39.6
41800001	39.5
41900001	40.5
42000001	42.1
42100001	43.9
42200001	43.3
42300001	43.2
42400001	39.9
42500001	44.2
42600001	42.6
42700001	41.8
42800001	43.6
42900001	42.2
43000001	41
43100001	41
43200001	40.7
43300001	40.7
43400001	41.5
43500001	41.7
43600001	40.6
43700001	41
43800001	39.2
43900001	39.2
44000001	38.1
44100001	37.7
44200001	37.3
44300001	38.1
44400001	40.2
44500001	42.8
44600001	45.1
44700001	43.3
44800001	41.7
44900001	40.9
45000001	38.7
45100001	41.2
45200001	39.5
45300001	38.9
45400001	40.3
45500001	38.5
45600001	38.4
45700001	40.4
45800001	39.7
45900001	38.7
46000001	40.9
46100001	40.4
46200001	41.1
46300001	43.1
46400001	41.7
46500001	43.7
46600001	43.3
46700001	43.2
46800001	42.3
46900001	40.7
47000001	42.5
47100001	42.1
47200001	40.8
47300001	43.9
47400001	43.5
47500001	43.5
47600001	42.4
47700001	41.9
47800001	41.9
47900001	39.7
48000001	38.7
48100001	38.6
48200001	39
48300001	38.1
48400001	36.6
48500001	36.7
48600001	37.3
48700001	37
48800001	36.8
48900001	37.9
49000001	36.5
49100001	37.1
49200001	37.1
49300001	38
49400001	38.7
49500001	40.5
49600001	40.9
49700001	40.7
49800001	40.3
49900001	41.9
50000001	35.4
50100001	41.9
50200001	43.8
50300001	41.5
50400001	39.8
50500001	39.7
50600001	39
50700001	38.4
50800001	37.8
50900001	37.8
51000001	37.2
51100001	38.9
51200001	37.8
51300001	37.8
51400001	36.9
51500001	37
51600001	38
51700001	36.5
51800001	37.6
51900001	36.8
52000001	36.8
52100001	36.6
52200001	37.9
52300001	39.1
52400001	38.6
52500001	39.8
52600001	40.3
52700001	40.6
52800001	40.8
52900001	41.5
53000001	41.5
53100001	42.5
53200001	41.6
53300001	41.5
53400001	44.4
53500001	43.8
53600001	44.2
53700001	42.9
53800001	43
53900001	42.3
54000001	39.1
54100001	40.6
54200001	41.1
54300001	40.7
54400001	41.1
54500001	39.9
54600001	40.8
54700001	41.3
54800001	41.2
54900001	42.3
55000001	42.4
55100001	42.4
55200001	41.3
55300001	41.1
55400001	40.9
55500001	41
55600001	40
55700001	39.7
55800001	40.1
55900001	39.6
56000001	38.6
56100001	39.3
56200001	39
56300001	40.7
56400001	41.2
56500001	43.7
56600001	44.7
56700001	44.5
56800001	44.8
56900001	45.3
57000001	41.6
57100001	41.8
57200001	42
57300001	42.4
57400001	42
57500001	43.9
57600001	41
57700001	42
57800001	41.8
57900001	42
58000001	40.4
58100001	43.4
58200001	42.1
58300001	41.2
58400001	40.2
58500001	40
58600001	41
58700001	40.5
58800001	40.9
58900001	39.7
59000001	39.2
59100001	39.3
59200001	39.9
59300001	39.3
59400001	39
59500001	38.3
59600001	38.5
59700001	38.2
59800001	38.4
59900001	37.8
60000001	39.5
60100001	39.5
60200001	39.5
60300001	39.9
60400001	40
60500001	40.1
60600001	44
60700001	48.3
60800001	50.6
60900001	50.4
61000001	49.1
61100001	51.8
61200001	50.3
61300001	45.3
61400001	47.9
61500001	47.3
61600001	46.9
61700001	43.2
61800001	48.9
61900001	48
62000001	45.7
62100001	45.2
62200001	44.3
62300001	43.5
62400001	41.9
62500001	39.8
62600001	41.5
62700001	40.6
62800001	41.8
62900001	44.3
63000001	44.1
63100001	44.7
63200001	42.8
63300001	41.8
63400001	42.5
63500001	42.5
63600001	42.3
63700001	41
63800001	42
63900001	39.2
64000001	40.3
64100001	43.2
64200001	42.8
64300001	42.6
64400001	41.9
64500001	44.4
64600001	44.5
64700001	43.6
64800001	43.4
64900001	42.4
65000001	45.2
65100001	45.7
65200001	45
65300001	45.6
65400001	46.4
65500001	43.7
65600001	43.1
65700001	47.1
65800001	45.7
65900001	45.3
66000001	45.1
66100001	44.2
66200001	43.4
66300001	43.1
66400001	43.8
66500001	43.6
66600001	44
66700001	41.5
66800001	40.7
66900001	40.3
67000001	39.8
67100001	41.9
67200001	45.7
67300001	43.8
67400001	46.4
67500001	46.3
67600001	44.4
67700001	42.5
67800001	42.5
67900001	42.6
68000001	43.4
68100001	44.1
68200001	43.9
68300001	43.8
68400001	42.1
68500001	41.2
68600001	43.3
68700001	41.3
68800001	41.8
68900001	41.3
69000001	41.9
69100001	40.6
69200001	40.5
69300001	42.8
69400001	41.3
69500001	42.2
69600001	43
69700001	41.5
69800001	42.4
69900001	42.3
70000001	41.3
70100001	40.3
70200001	39.9
70300001	39
70400001	39.7
70500001	40.2
70600001	41.2
70700001	42.5
70800001	40.7
70900001	40.5
71000001	39.4
71100001	38.5
71200001	38.1
71300001	38.5
71400001	38.6
71500001	35.8
71600001	36.5
71700001	37.4
71800001	36.2
71900001	36.2
72000001	38
72100001	37.5
72200001	37.1
72300001	36.9
72400001	37.6
72500001	38.5
72600001	38.5
72700001	38.7
72800001	37.4
72900001	38.4
73000001	39.1
73100001	40.1
73200001	41
73300001	41.8
73400001	41.8
73500001	42.5
73600001	42.6
73700001	43.6
73800001	43.3
73900001	44.8
74000001	46
74100001	47.2
74200001	44
74300001	45.6
74400001	45.2
74500001	44
74600001	45.2
74700001	46
74800001	48.1
74900001	45.8
75000001	46
75100001	46.6
75200001	45
75300001	44.5
75400001	48.8
75500001	49.9
75600001	49.7
75700001	49.1
75800001	48.4
75900001	46.4
76000001	47.5
76100001	46.8
76200001	49
76300001	46.6
76400001	42.8
76500001	47
76600001	46.3
76700001	48.6
76800001	45.8
76900001	46.9
77000001	45.7
77100001	42.6
77200001	45.5
77300001	38.8
77400001	47.6
77500001	46.2
77600001	47.7
77700001	48.7
77800001	45.3
77900001	42.9
78000001	45.2
78100001	44.5
78200001	46.2
78300001	46.1
78400001	44.5
78500001	42.2
78600001	42.3
78700001	40.4
78800001	41.3
78900001	41.1
79000001	41.8
79100001	43.5
79200001	44.2
79300001	40.8
79400001	39.7
79500001	38.4
79600001	38.9
79700001	39.1
79800001	38.5
79900001	39.9
80000001	40
80100001	41.1
80200001	47.9
80300001	46.2
80400001	48.1
80500001	48.4
80600001	48.2
80700001	48.3
80800001	50.6
80900001	45.4
81000001	40.4
81100001	44.6
81200001	46
81300001	45.7
81400001	45
81500001	44.6
81600001	44.3
81700001	44.4
81800001	44.2
81900001	44.2
82000001	43.7
82100001	44.2
82200001	42.7
82300001	43.3
82400001	43.2
82500001	45
82600001	47.2
82700001	48.6
82800001	45.6
82900001	47.4
83000001	46.7
83100001	48.6
83200001	45.8
83300001	44.6
83400001	43.6
83500001	44.6
83600001	44
83700001	42.3
83800001	43.1
83900001	43.1
84000001	44
84100001	45.4
84200001	46
84300001	46.3
84400001	42.6
84500001	40
84600001	39.5
84700001	41.5
84800001	45.5
84900001	43.3
85000001	44.2
85100001	41.9
85200001	40.7
85300001	40.7
85400001	40.6
85500001	40.2
85600001	38.5
85700001	38.4
85800001	38.2
85900001	38.3
86000001	38.3
86100001	36.4
86200001	37.7
86300001	38.9
86400001	37.6
86500001	38.5
86600001	36.7
86700001	37.5
86800001	37.9
86900001	37
87000001	37.2
87100001	36.5
87200001	36.4
87300001	38
87400001	37
87500001	36.9
87600001	36.4
87700001	36.3
87800001	36
87900001	37.1
88000001	36.5
88100001	37.1
88200001	35.9
88300001	37
88400001	37.2
88500001	37.5
88600001	37.6
88700001	37.9
88800001	37.6
88900001	39.1
89000001	39.5
89100001	38.5
89200001	37.3
89300001	38
89400001	37.2
89500001	37.6
89600001	36.3
89700001	36.9
89800001	36.1
89900001	37.2
90000001	38.5
90100001	38.5
90200001	38.3
90300001	37.5
90400001	38.8
90500001	39.1
90600001	39.4
