variableStep chrom=chr14 span=100000
1	0
100001	0
200001	0
300001	0
400001	0
500001	0
600001	0
700001	0
800001	0
900001	0
1000001	0
1100001	0
1200001	0
1300001	0
1400001	0
1500001	0
1600001	0
1700001	0
1800001	0
1900001	0
2000001	0
2100001	0
2200001	0
2300001	0
2400001	0
2500001	0
2600001	0
2700001	0
2800001	0
2900001	0
3000001	42.5
3100001	42.3
3200001	42.9
3300001	42.4
3400001	42.7
3500001	42.2
3600001	43.1
3700001	42.6
3800001	42.1
3900001	42.7
4000001	42.7
4100001	42.4
4200001	43
4300001	41.7
4400001	41.6
4500001	42.8
4600001	42.8
4700001	42.5
4800001	42.6
4900001	41.7
5000001	42.6
5100001	42.9
5200001	42.6
5300001	42.3
5400001	42
5500001	42.1
5600001	42.9
5700001	42.4
5800001	42.2
5900001	42.4
6000001	42.3
6100001	42.7
6200001	41.5
6300001	43
6400001	42.4
6500001	42
6600001	42.4
6700001	42.8
6800001	42.4
6900001	42.5
7000001	41.6
7100001	43.3
7200001	41.9
7300001	41.6
7400001	42.8
7500001	43
7600001	41.4
7700001	41.8
7800001	42.6
7900001	42.5
8000001	43
8100001	42.4
8200001	42.6
8300001	42.6
8400001	43.2
8500001	41.8
8600001	44.4
8700001	47
8800001	45.8
8900001	45.2
9000001	44.6
9100001	47.2
9200001	44.1
9300001	40.9
9400001	41.6
9500001	40
9600001	38.1
9700001	40.1
9800001	40
9900001	40.7
10000001	40.5
10100001	39.7
10200001	42.1
10300001	41.4
10400001	41.8
10500001	40.5
10600001	39.5
10700001	39.6
10800001	39.6
10900001	39.2
11000001	39.5
11100001	39.6
11200001	39.4
11300001	40.5
11400001	40.2
11500001	41.4
11600001	39.2
11700001	40.3
11800001	40.3
11900001	40.2
12000001	41.7
12100001	39.9
12200001	41.2
12300001	44
12400001	44.2
12500001	43.4
12600001	43.2
12700001	42.7
12800001	42.6
12900001	44.9
13000001	42
13100001	42.1
13200001	42.4
13300001	42.1
13400001	43.1
13500001	40.8
13600001	40.9
13700001	40.6
13800001	40.1
13900001	41.5
14000001	40
14100001	40.8
14200001	40.1
14300001	39.3
14400001	40.1
14500001	40.8
14600001	40.1
14700001	41
14800001	42.2
14900001	42
15000001	39.3
15100001	41.6
15200001	39.4
15300001	41.5
15400001	41.8
15500001	39.8
15600001	41.2
15700001	40.9
15800001	41.7
15900001	40.9
16000001	39.6
16100001	40.1
16200001	41.8
16300001	40.9
16400001	39.7
16500001	39.3
16600001	40.6
16700001	40
16800001	39.8
16900001	40.5
17000001	40.1
17100001	40.7
17200001	39
17300001	43.5
17400001	42.3
17500001	41.9
17600001	40.4
17700001	40.9
17800001	40.3
17900001	40
18000001	40.2
18100001	40
18200001	40.6
18300001	39.7
18400001	41.5
18500001	40.5
18600001	41.5
18700001	42.4
18800001	42.1
18900001	41.6
19000001	42.2
19100001	43.2
19200001	43.1
19300001	42.9
19400001	41.5
19500001	40
19600001	41.3
19700001	40.4
19800001	41.1
19900001	41.1
20000001	41.1
20100001	41.4
20200001	41.4
20300001	42.9
20400001	42.7
20500001	44.5
20600001	44.8
20700001	43.4
20800001	43.2
20900001	47.5
21000001	48.1
21100001	43.8
21200001	43.8
21300001	38.5
21400001	42.9
21500001	48.6
21600001	45.1
21700001	41
21800001	41.2
21900001	39.1
22000001	38.5
22100001	40.1
22200001	43.6
22300001	44
22400001	43.8
22500001	46.1
22600001	45.2
22700001	44.5
22800001	46.9
22900001	43
23000001	43.2
23100001	42.5
23200001	43.2
23300001	42.6
23400001	43
23500001	41.6
23600001	41.9
23700001	41.5
23800001	40.1
23900001	40.3
24000001	40.1
24100001	41.4
24200001	42.3
24300001	43
24400001	42.4
24500001	44.1
24600001	46.2
24700001	46.2
24800001	45.8
24900001	47
25000001	48.5
25100001	44.2
25200001	44.6
25300001	45.4
25400001	47
25500001	47
25600001	46.8
25700001	46.2
25800001	48.2
25900001	46.7
26000001	48.7
26100001	48.4
26200001	50.4
26300001	52.2
26400001	51.8
26500001	50.5
26600001	47.7
26700001	46.9
26800001	46.6
26900001	46.1
27000001	45.8
27100001	46.2
27200001	40.6
27300001	41.7
27400001	40
27500001	39.7
27600001	41
27700001	40.9
27800001	44.5
27900001	46.9
28000001	45.9
28100001	44
28200001	39.4
28300001	42.8
28400001	42.8
28500001	42.7
28600001	41.7
28700001	40.1
28800001	40.8
28900001	41.6
29000001	41.5
29100001	43.5
29200001	44.6
29300001	44.6
29400001	42.4
29500001	42.1
29600001	41.8
29700001	42.3
29800001	43.8
29900001	42.5
30000001	43.1
30100001	43.2
30200001	42.5
30300001	43.2
30400001	43.5
30500001	44.9
30600001	44.6
30700001	43.8
30800001	48.5
30900001	47
31000001	43.9
31100001	44.5
31200001	42.8
31300001	46.3
31400001	49.2
31500001	42.5
31600001	45.1
31700001	47.3
31800001	40.3
31900001	48.2
32000001	49.9
32100001	45.6
32200001	47.7
32300001	46.8
32400001	44.7
32500001	38.5
32600001	41.1
32700001	45.6
32800001	47
32900001	44.4
33000001	39
33100001	46.6
33200001	46.9
33300001	44.2
33400001	47.8
33500001	44.3
33600001	46
33700001	46.4
33800001	44.9
33900001	46.1
34000001	46.8
34100001	49.2
34200001	40.6
34300001	44.8
34400001	42.4
34500001	44.7
34600001	44.7
34700001	47.7
34800001	47.2
34900001	46
35000001	44.5
35100001	45.1
35200001	41.3
35300001	46.6
35400001	45.9
35500001	40.6
35600001	46.8
35700001	48.1
35800001	44.1
35900001	44.3
36000001	42.4
36100001	40.6
36200001	39.4
36300001	41.7
36400001	39.6
36500001	38.7
36600001	38.9
36700001	38.4
36800001	39.9
36900001	39.8
37000001	39.2
37100001	38.5
37200001	38.1
37300001	39.3
37400001	39.5
37500001	41.7
37600001	42
37700001	40.7
37800001	43.5
37900001	42.8
38000001	41.5
38100001	40.9
38200001	39.5
38300001	38.3
38400001	38.8
38500001	38.6
38600001	38.2
38700001	37.6
38800001	38.4
38900001	39.4
39000001	36.6
39100001	37.9
39200001	38.3
39300001	38.1
39400001	37.9
39500001	37
39600001	37.1
39700001	36.7
39800001	36.9
39900001	37.6
40000001	37.2
40100001	36.4
40200001	38.6
40300001	38.5
40400001	39.3
40500001	38.2
40600001	37.4
40700001	37
40800001	37.8
40900001	38.6
41000001	37.8
41100001	38
41200001	38.2
41300001	39.1
41400001	39.6
41500001	40.5
41600001	42.7
41700001	47
41800001	44
41900001	43.7
42000001	41.4
42100001	41.3
42200001	41.5
42300001	40.9
42400001	41.5
42500001	41
42600001	41.5
42700001	40.9
42800001	42.7
42900001	41.4
43000001	41.4
43100001	42.6
43200001	41.2
43300001	41.5
43400001	42
43500001	41
43600001	41.9
43700001	40.9
43800001	41.3
43900001	41.2
44000001	40.8
44100001	40.8
44200001	41.6
44300001	42.3
44400001	43.5
44500001	43.3
44600001	43.3
44700001	40.9
44800001	41.1
44900001	40.6
45000001	41.2
45100001	40.4
45200001	41.1
45300001	41.8
45400001	41.9
45500001	41.4
45600001	42.4
45700001	41.3
45800001	39.5
45900001	40.2
46000001	43.6
46100001	44.8
46200001	42.9
46300001	42.8
46400001	42.9
46500001	41.7
46600001	42.5
46700001	40.9
46800001	40.7
46900001	41.9
47000001	44.2
47100001	42.6
47200001	44
47300001	45.3
47400001	43.3
47500001	45.6
47600001	45.8
47700001	46.1
47800001	42.8
47900001	44.2
48000001	44.2
48100001	44.9
48200001	42.7
48300001	42
48400001	44.4
48500001	44.4
48600001	43.6
48700001	44.9
48800001	45
48900001	44.6
49000001	43.1
49100001	44.2
49200001	44.4
49300001	43.1
49400001	42.4
49500001	42.6
49600001	38.1
49700001	41.2
49800001	41.1
49900001	41.2
50000001	40.3
50100001	40.1
50200001	40.7
50300001	40.1
50400001	40.1
50500001	37.4
50600001	39.4
50700001	37.7
50800001	38.2
50900001	38.2
51000001	37.9
51100001	39.2
51200001	40.2
51300001	40.5
51400001	44.4
51500001	45.1
51600001	42.4
51700001	44.5
51800001	42.9
51900001	41.3
52000001	37.9
52100001	39.1
52200001	41.2
52300001	41.9
52400001	43.1
52500001	45.6
52600001	46.7
52700001	42.8
52800001	42.1
52900001	43.8
53000001	40.5
53100001	40.4
53200001	40.4
53300001	40.8
53400001	41.2
53500001	41.3
53600001	41.7
53700001	41
53800001	41.4
53900001	41.4
54000001	40.6
54100001	41.3
54200001	41.4
54300001	42
54400001	40.4
54500001	41.2
54600001	41.7
54700001	44
54800001	45.9
54900001	43.6
55000001	48.3
55100001	47.8
55200001	47.6
55300001	47.7
55400001	43.3
55500001	50.4
55600001	48.7
55700001	48.3
55800001	44.8
55900001	42.6
56000001	43.9
56100001	50
56200001	48.4
56300001	49.1
56400001	47.8
56500001	46.3
56600001	43.2
56700001	43.4
56800001	42.7
56900001	44
57000001	39
57100001	41.4
57200001	43.7
57300001	39.6
57400001	42.7
57500001	39.1
57600001	44.1
57700001	46.4
57800001	44.3
57900001	45.9
58000001	42.5
58100001	44.8
58200001	39.8
58300001	46.4
58400001	42
58500001	43.7
58600001	44
58700001	42.7
58800001	42.4
58900001	43.6
59000001	43.5
59100001	41.7
59200001	42.9
59300001	41
59400001	41.3
59500001	40
59600001	42.2
59700001	40.6
59800001	41.8
59900001	43.2
60000001	39.8
60100001	41.8
60200001	44.6
60300001	45.3
60400001	44.2
60500001	44
60600001	44.5
60700001	44.2
60800001	41.1
60900001	44.2
61000001	44
61100001	45.4
61200001	46.1
61300001	47.8
61400001	44.8
61500001	43.4
61600001	44.8
61700001	43.8
61800001	43.1
61900001	44.7
62000001	41.5
62100001	43.2
62200001	39
62300001	43.9
62400001	43.7
62500001	42
62600001	42.4
62700001	44.1
62800001	43.5
62900001	43.8
63000001	45.4
63100001	44.1
63200001	45
63300001	38
63400001	43.4
63500001	44.1
63600001	44.2
63700001	46.7
63800001	47.2
63900001	48
64000001	47.8
64100001	44.1
64200001	43.7
64300001	47.7
64400001	46.4
64500001	46.7
64600001	49.1
64700001	47.6
64800001	44.6
64900001	44.2
65000001	44.1
65100001	44.6
65200001	45.2
65300001	43.5
65400001	44.3
65500001	40.9
65600001	46.7
65700001	46.4
65800001	41
65900001	46
66000001	45.9
66100001	44.6
66200001	45.9
66300001	46.8
66400001	43.6
66500001	47.1
66600001	44.8
66700001	47.2
66800001	46.2
66900001	45.6
67000001	42.8
67100001	42.9
67200001	44.1
67300001	43.7
67400001	46.8
67500001	46.1
67600001	42
67700001	45.3
67800001	46.3
67900001	44.8
68000001	43.9
68100001	44.2
68200001	43.8
68300001	43.2
68400001	44.8
68500001	44.6
68600001	43.3
68700001	43.6
68800001	41.3
68900001	40.8
69000001	39.7
69100001	39.3
69200001	39.3
69300001	40.1
69400001	39.7
69500001	41.2
69600001	42.4
69700001	44.3
69800001	46.4
69900001	46.2
70000001	47.3
70100001	46.6
70200001	48.1
70300001	47.9
70400001	50.3
70500001	50.1
70600001	43.5
70700001	45.7
70800001	47.8
70900001	51.9
71000001	46.9
71100001	42.8
71200001	46.6
71300001	46.3
71400001	43.3
71500001	43.1
71600001	42.7
71700001	41
71800001	41.1
71900001	40.8
72000001	40.8
72100001	40.7
72200001	41
72300001	40.6
72400001	41.3
72500001	43.1
72600001	43
72700001	43.2
72800001	46.5
72900001	41
73000001	39.1
73100001	40.3
73200001	41.8
73300001	42.1
73400001	42.7
73500001	43.5
73600001	38.3
73700001	42.6
73800001	43.3
73900001	42.6
74000001	41.7
74100001	40.8
74200001	40.4
74300001	39.3
74400001	39
74500001	38.6
74600001	38.9
74700001	39.9
74800001	39.6
74900001	39.7
75000001	42.3
75100001	42.2
75200001	44.3
75300001	44.8
75400001	44.4
75500001	42.1
75600001	42.1
75700001	42.7
75800001	45.5
75900001	45.4
76000001	45.8
76100001	43.7
76200001	46.2
76300001	40.4
76400001	43.5
76500001	45.1
76600001	45.8
76700001	43.4
76800001	44.6
76900001	45.9
77000001	45.7
77100001	45.4
77200001	42.9
77300001	41.9
77400001	39.7
77500001	42.1
77600001	43
77700001	42.2
77800001	41.8
77900001	43.8
78000001	44.3
78100001	43.4
78200001	41.6
78300001	41.8
78400001	41.6
78500001	41
78600001	43.4
78700001	43.1
78800001	43.1
78900001	41.4
79000001	44
79100001	44.1
79200001	41.5
79300001	41.3
79400001	42.4
79500001	44.7
79600001	45.9
79700001	40.9
79800001	43.2
79900001	41.9
80000001	43.4
80100001	45.7
80200001	44.4
80300001	41.9
80400001	42
80500001	40.6
80600001	41
80700001	39.7
80800001	40.1
80900001	38.2
81000001	37.6
81100001	37.9
81200001	37.3
81300001	37.2
81400001	37.7
81500001	36.8
81600001	35.9
81700001	36.7
81800001	36.3
81900001	36.9
82000001	36
82100001	36.3
82200001	36.2
82300001	36.2
82400001	37.6
82500001	36.5
82600001	36.4
82700001	36.2
82800001	36.4
82900001	37.1
83000001	37
83100001	35.6
83200001	36.3
83300001	35.1
83400001	35.4
83500001	36.2
83600001	35.5
83700001	34.4
83800001	36.9
83900001	36.2
84000001	35.2
84100001	36.6
84200001	36.7
84300001	36.3
84400001	35.1
84500001	35.9
84600001	37
84700001	37.3
84800001	36.3
84900001	36
85000001	36.4
85100001	37.6
85200001	36.4
85300001	35.4
85400001	36.4
85500001	37
85600001	36.5
85700001	36.7
85800001	36.6
85900001	37.1
86000001	35.7
86100001	36.5
86200001	38
86300001	37.1
86400001	37.7
86500001	38.1
86600001	39.3
86700001	40
86800001	39.7
86900001	40
87000001	40.5
87100001	39.9
87200001	38.4
87300001	39
87400001	39.2
87500001	41.2
87600001	41.1
87700001	40.7
87800001	40
87900001	39.6
88000001	39.8
88100001	39
88200001	38.8
88300001	38.3
88400001	37.8
88500001	37.1
88600001	36.3
88700001	36.4
88800001	37.8
88900001	36.5
89000001	36.5
89100001	35.7
89200001	36.1
89300001	35.7
89400001	37
89500001	35.8
89600001	36.2
89700001	36.1
89800001	36.2
89900001	36
90000001	35.2
90100001	35.1
90200001	35.9
90300001	35.2
90400001	36.9
90500001	36.3
90600001	36.8
90700001	34.8
90800001	36.7
90900001	35.3
91000001	36.8
91100001	35.6
91200001	35
91300001	35.9
91400001	36.4
91500001	36.5
91600001	36.2
91700001	34.8
91800001	36.4
91900001	35.9
92000001	36.8
92100001	37.2
92200001	37.1
92300001	37.8
92400001	36.7
92500001	35.5
92600001	35.9
92700001	35.8
92800001	37.4
92900001	36.5
93000001	36.9
93100001	36.7
93200001	37.3
93300001	38.1
93400001	37.2
93500001	34.9
93600001	36.1
93700001	35.4
93800001	35.2
93900001	35.3
94000001	35.4
94100001	35.7
94200001	35.6
94300001	36.7
94400001	36.7
94500001	36
94600001	36
94700001	36.6
94800001	36.6
94900001	36.5
95000001	36.7
95100001	36.7
95200001	35.9
95300001	36.2
95400001	36.7
95500001	35.5
95600001	35.9
95700001	36.5
95800001	35.9
95900001	36.1
96000001	35
96100001	35.6
96200001	35.7
96300001	37
96400001	37.1
96500001	35.9
96600001	36.8
96700001	36.4
96800001	36.4
96900001	36.4
97000001	36.6
97100001	36.7
97200001	36.6
97300001	36.5
97400001	35.8
97500001	37.5
97600001	37
97700001	37.7
97800001	35.8
97900001	36.3
98000001	36.7
98100001	37.5
98200001	35.2
98300001	34.9
98400001	35.1
98500001	36.3
98600001	37.6
98700001	38.1
98800001	38.5
98900001	38.5
99000001	38.2
99100001	39.7
99200001	39.9
99300001	39.8
99400001	41.4
99500001	40.6
99600001	43.2
99700001	43.5
99800001	42.4
99900001	40.8
100000001	40.6
100100001	40.4
100200001	41.2
100300001	40.9
100400001	39.6
100500001	40.4
100600001	41.7
100700001	40.3
100800001	39.9
100900001	38.6
101000001	39.4
101100001	39.2
101200001	39.2
101300001	38.5
101400001	39.8
101500001	39.2
101600001	38.9
101700001	40.2
101800001	41.5
101900001	43
102000001	41.3
102100001	42.3
102200001	42.1
102300001	41
102400001	39.3
102500001	38.7
102600001	39
102700001	38.9
102800001	38.5
102900001	39.3
103000001	39.1
103100001	39.8
103200001	41.5
103300001	42.2
103400001	43.7
103500001	38.6
103600001	37
103700001	40
103800001	41.7
103900001	41.4
104000001	42.4
104100001	41.8
104200001	40.8
104300001	40.6
104400001	39.4
104500001	39.5
104600001	38.5
104700001	39.2
104800001	41.8
104900001	40.7
105000001	40.2
105100001	41.2
105200001	40
105300001	39.9
105400001	41.1
105500001	38.1
105600001	41
105700001	41.9
105800001	40.6
105900001	41.4
106000001	40.7
106100001	40
106200001	41.9
106300001	42.2
106400001	40.2
106500001	39
106600001	38
106700001	38.9
106800001	41.3
106900001	37.6
107000001	36.9
107100001	37.1
107200001	36.3
107300001	36.8
107400001	36.4
107500001	36.2
107600001	37.6
107700001	35
107800001	36.2
107900001	36.5
108000001	36.8
108100001	36.2
108200001	35.4
108300001	35.5
108400001	35.1
108500001	36.8
108600001	35.5
108700001	36
108800001	35.5
108900001	36.6
109000001	36.7
109100001	35.4
109200001	34.8
109300001	36.4
109400001	36.6
109500001	36.2
109600001	36.1
109700001	35.7
109800001	35.8
109900001	36.5
110000001	35.8
110100001	36.3
110200001	38.1
110300001	38.1
110400001	36.4
110500001	38
110600001	35.5
110700001	37
110800001	36.1
110900001	36.2
111000001	36.4
111100001	36.4
111200001	37
111300001	36.4
111400001	36.3
111500001	36.1
111600001	36.1
111700001	36.3
111800001	36
111900001	36.8
112000001	35.8
112100001	36.4
112200001	37
112300001	36.3
112400001	36.4
112500001	35.8
112600001	36.9
112700001	37.7
112800001	36.2
112900001	36.3
113000001	35.7
113100001	35.9
113200001	35.2
113300001	36.1
113400001	37.4
113500001	36.6
113600001	36.6
113700001	36.9
113800001	35.9
113900001	37.1
114000001	36.9
114100001	36.3
114200001	37.1
114300001	36.8
114400001	37.3
114500001	37.2
114600001	38.2
114700001	37.2
114800001	37.4
114900001	39.2
115000001	38.3
115100001	38.9
115200001	40.5
115300001	39.9
115400001	40.8
115500001	39.7
115600001	39.5
115700001	39.6
115800001	38.6
115900001	37
116000001	37.4
116100001	37
116200001	37.9
116300001	37.3
116400001	37.1
116500001	37.4
116600001	38.1
116700001	37.4
116800001	37.6
116900001	38.7
117000001	38.6
117100001	38.8
117200001	39.1
117300001	40.1
117400001	39.7
117500001	39.1
117600001	39.3
117700001	39
117800001	39.2
117900001	40.5
118000001	40
118100001	41.6
118200001	42.3
118300001	44.9
118400001	44.6
118500001	44.4
118600001	44.6
118700001	44.1
118800001	44.4
118900001	45.6
119000001	47.6
119100001	45.1
119200001	46.1
119300001	44.8
119400001	40.3
119500001	41.8
119600001	40.9
119700001	39.8
119800001	40.6
119900001	40.2
120000001	40
120100001	41.2
120200001	41.8
120300001	42.3
120400001	41.7
120500001	43.6
120600001	43.9
120700001	44.7
120800001	44.1
120900001	43.1
121000001	43.4
121100001	43.3
121200001	46.3
121300001	45.1
121400001	46
121500001	46.3
121600001	48.1
121700001	47.3
121800001	45.5
121900001	46.1
122000001	45.7
122100001	46.3
122200001	44.7
122300001	44.4
122400001	46.3
122500001	43.5
122600001	44.6
122700001	44
122800001	45.9
122900001	40.9
123000001	40.4
123100001	40.5
123200001	42.1
123300001	43.1
123400001	41.4
123500001	40.1
123600001	39.7
123700001	39.2
123800001	38.2
123900001	38.1
124000001	39.4
124100001	38.8
124200001	38.1
124300001	37.2
124400001	37
124500001	37.2
124600001	36.9
124700001	37.7
124800001	38.8
124900001	37.3
125000001	39.1
