variableStep chrom=chr6 span=100000
1	0
100001	0
200001	0
300001	0
400001	0
500001	0
600001	0
700001	0
800001	0
900001	0
1000001	0
1100001	0
1200001	0
1300001	0
1400001	0
1500001	0
1600001	0
1700001	0
1800001	0
1900001	0
2000001	0
2100001	0
2200001	0
2300001	0
2400001	0
2500001	0
2600001	0
2700001	0
2800001	0
2900001	0
3000001	40
3100001	41.4
3200001	42.7
3300001	39.5
3400001	39.4
3500001	39.7
3600001	39
3700001	38.7
3800001	37.2
3900001	38.6
4000001	37.9
4100001	38.7
4200001	38.6
4300001	40.6
4400001	40.6
4500001	40.5
4600001	40.9
4700001	40.3
4800001	41.5
4900001	41
5000001	41.2
5100001	42.2
5200001	42.7
5300001	41.8
5400001	40.4
5500001	41.9
5600001	41.2
5700001	41.8
5800001	41.4
5900001	41.5
6000001	42.8
6100001	43.5
6200001	41.8
6300001	40.6
6400001	40.6
6500001	39.7
6600001	39.7
6700001	40.6
6800001	43.4
6900001	40.1
7000001	40.7
7100001	40.9
7200001	39.9
7300001	39.7
7400001	39.5
7500001	40.6
7600001	42.4
7700001	41.9
7800001	40.2
7900001	41
8000001	40.2
8100001	39.4
8200001	38.4
8300001	40.6
8400001	39.5
8500001	40.7
8600001	42.6
8700001	40.7
8800001	40.3
8900001	39.8
9000001	37.8
9100001	37
9200001	38.3
9300001	37.1
9400001	37.5
9500001	37.4
9600001	37.8
9700001	35.8
9800001	38.4
9900001	36.2
10000001	36.4
10100001	37.5
10200001	36.8
10300001	37.1
10400001	36.3
10500001	37.1
10600001	38.8
10700001	37.5
10800001	37.8
10900001	37.2
11000001	37.8
11100001	38.4
11200001	37.2
11300001	38.2
11400001	38.3
11500001	38.7
11600001	39.1
11700001	38.7
11800001	38.5
11900001	36.6
12000001	39.3
12100001	38.8
12200001	39.2
12300001	37.5
12400001	37.7
12500001	38.2
12600001	37.6
12700001	37.2
12800001	37.4
12900001	37.5
13000001	40.2
13100001	37.5
13200001	40.2
13300001	38.4
13400001	40.8
13500001	39.3
13600001	39.3
13700001	38.7
13800001	38.4
13900001	37.7
14000001	38.3
14100001	36.8
14200001	37.7
14300001	36.7
14400001	38.2
14500001	37.7
14600001	37.9
14700001	38.1
14800001	38.2
14900001	36.5
15000001	35.5
15100001	36.3
15200001	36.3
15300001	37.1
15400001	39.3
15500001	39.5
15600001	38.8
15700001	38.5
15800001	37.9
15900001	37.7
16000001	37.5
16100001	37.7
16200001	38.2
16300001	37.9
16400001	37.1
16500001	38.6
16600001	37.7
16700001	36.9
16800001	37.5
16900001	40.2
17000001	41.6
17100001	40.1
17200001	40.5
17300001	40.3
17400001	41.6
17500001	41.4
17600001	41.3
17700001	40.5
17800001	41.6
17900001	41.2
18000001	38.2
18100001	37.4
18200001	38.4
18300001	40.5
18400001	40.7
18500001	38.4
18600001	38.6
18700001	39.6
18800001	38.4
18900001	37.6
19000001	37.9
19100001	37.8
19200001	37.8
19300001	37.5
19400001	37.7
19500001	37.4
19600001	36.9
19700001	36.8
19800001	36
19900001	36.6
20000001	36.9
20100001	37.5
20200001	36.3
20300001	35.6
20400001	36.5
20500001	36.3
20600001	37.5
20700001	36.5
20800001	37.5
20900001	37.5
21000001	36.4
21100001	38.1
21200001	36
21300001	37
21400001	36.7
21500001	36.8
21600001	38.5
21700001	40.9
21800001	39.4
21900001	41.2
22000001	40.7
22100001	41
22200001	41.1
22300001	42.3
22400001	41.2
22500001	39.2
22600001	40.1
22700001	39.2
22800001	39.8
22900001	38
23000001	40.6
23100001	41.3
23200001	40.4
23300001	39
23400001	39.8
23500001	39.9
23600001	39.4
23700001	40.4
23800001	39
23900001	38.9
24000001	38.1
24100001	39
24200001	39.7
24300001	39.7
24400001	40.6
24500001	39.9
24600001	39.4
24700001	38.5
24800001	39.9
24900001	38.7
25000001	39.2
25100001	37.3
25200001	37.6
25300001	37.2
25400001	37.9
25500001	38.2
25600001	38.2
25700001	37.3
25800001	36.8
25900001	37.2
26000001	37.3
26100001	37.2
26200001	36.8
26300001	35.9
26400001	37.1
26500001	35.9
26600001	36.6
26700001	36.7
26800001	36.7
26900001	37.6
27000001	38.8
27100001	37
27200001	36.9
27300001	36.2
27400001	37.9
27500001	38.3
27600001	37.4
27700001	39
27800001	37.9
27900001	40.4
28000001	41.7
28100001	39.7
28200001	40.6
28300001	44.3
28400001	42.6
28500001	41.2
28600001	41.6
28700001	45.2
28800001	48.4
28900001	46.6
29000001	45.8
29100001	47.8
29200001	44.5
29300001	47.3
29400001	50.4
29500001	41.4
29600001	46
29700001	41.9
29800001	42.4
29900001	45.2
30000001	42.8
30100001	48.1
30200001	44.2
30300001	43.7
30400001	44
30500001	45.9
30600001	44.1
30700001	39
30800001	40.8
30900001	43.4
31000001	47
31100001	44.7
31200001	43.8
31300001	41.4
31400001	41.6
31500001	47.8
31600001	44.5
31700001	43.4
31800001	45.3
31900001	43.6
32000001	43.1
32100001	47.4
32200001	44.3
32300001	45.6
32400001	45.4
32500001	43.5
32600001	43.8
32700001	43.4
32800001	40.2
32900001	40.8
33000001	42.8
33100001	41.6
33200001	39
33300001	38.8
33400001	38.1
33500001	39.1
33600001	40.2
33700001	40.2
33800001	41.6
33900001	45.3
34000001	43.3
34100001	45.1
34200001	46
34300001	43.6
34400001	43.8
34500001	42.2
34600001	43.4
34700001	39.9
34800001	47.8
34900001	44.3
35000001	39
35100001	41.9
35200001	46.8
35300001	44.2
35400001	40.8
35500001	40.3
35600001	40.3
35700001	40.4
35800001	39.2
35900001	39
36000001	38.5
36100001	38.5
36200001	38.3
36300001	38.5
36400001	39
36500001	38.6
36600001	39.4
36700001	40
36800001	40.7
36900001	41.7
37000001	42.8
37100001	43.5
37200001	44.2
37300001	46
37400001	41.7
37500001	41.5
37600001	42.3
37700001	41.9
37800001	40.8
37900001	42.5
38000001	46.3
38100001	46.4
38200001	45.4
38300001	42
38400001	41
38500001	41.2
38600001	46.9
38700001	43.6
38800001	45.3
38900001	45.5
39000001	44.1
39100001	41.9
39200001	46.3
39300001	45.1
39400001	46.8
39500001	42.8
39600001	39.7
39700001	42.4
39800001	43.5
39900001	43.8
40000001	43.4
40100001	43.6
40200001	42
40300001	42.3
40400001	39.7
40500001	40.2
40600001	39.7
40700001	38.6
40800001	39.6
40900001	38.8
41000001	39.9
41100001	38.9
41200001	39.7
41300001	39.5
41400001	40.9
41500001	42.2
41600001	39.9
41700001	39
41800001	39.5
41900001	39.1
42000001	40
42100001	40.9
42200001	44.5
42300001	43.2
42400001	40.2
42500001	40.9
42600001	39.8
42700001	38.8
42800001	38.2
42900001	41.5
43000001	38.4
43100001	38.3
43200001	42.3
43300001	39.3
43400001	38.2
43500001	38.5
43600001	39.2
43700001	40.6
43800001	40
43900001	38.4
44000001	38
44100001	36.8
44200001	36.8
44300001	36.6
44400001	35.9
44500001	37.4
44600001	37
44700001	37
44800001	37.4
44900001	36.4
45000001	34.7
45100001	36
45200001	35.7
45300001	36.3
45400001	36
45500001	36.5
45600001	36.9
45700001	36.2
45800001	36.7
45900001	37.3
46000001	38
46100001	37.7
46200001	38.1
46300001	37.6
46400001	38.1
46500001	38.5
46600001	38.5
46700001	38.8
46800001	39.4
46900001	39.4
47000001	41.5
47100001	41.8
47200001	42
47300001	41.7
47400001	39.8
47500001	40.4
47600001	55
47700001	46.5
47800001	44.6
47900001	46.3
48000001	43.9
48100001	44.1
48200001	42.8
48300001	46.4
48400001	51
48500001	48
48600001	44
48700001	44.1
48800001	45.1
48900001	45.9
49000001	43.6
49100001	43.6
49200001	43.3
49300001	39.2
49400001	42.4
49500001	44.3
49600001	43.2
49700001	42.1
49800001	43.1
49900001	43.9
50000001	41.2
50100001	42.2
50200001	45.2
50300001	45.1
50400001	44.4
50500001	44.2
50600001	43.5
50700001	43.8
50800001	43.4
50900001	44.4
51000001	43.3
51100001	44.4
51200001	44.6
51300001	46.2
51400001	44
51500001	44.6
51600001	45.3
51700001	44.9
51800001	39.7
51900001	39.7
52000001	42.5
52100001	49.9
52200001	46.6
52300001	43.5
52400001	44.3
52500001	39.9
52600001	40.5
52700001	44.8
52800001	43.5
52900001	43.4
53000001	42.6
53100001	42.6
53200001	43.3
53300001	43.8
53400001	43.6
53500001	43.2
53600001	43.7
53700001	44.3
53800001	43.7
53900001	44.8
54000001	44.6
54100001	45
54200001	45.3
54300001	44.8
54400001	46.2
54500001	43.3
54600001	45.9
54700001	43.4
54800001	43.5
54900001	45.6
55000001	48
55100001	46.6
55200001	50.1
55300001	46.9
55400001	46.9
55500001	41.4
55600001	41.4
55700001	41.6
55800001	38.5
55900001	41.4
56000001	40.1
56100001	40.3
56200001	39.8
56300001	41.1
56400001	40.7
56500001	42.4
56600001	40.9
56700001	42.2
56800001	41.4
56900001	37.7
57000001	38.6
57100001	38.2
57200001	39
57300001	38.1
57400001	41.6
57500001	39.3
57600001	39.8
57700001	40.3
57800001	38.3
57900001	37.9
58000001	39.5
58100001	41
58200001	38.1
58300001	39
58400001	40
58500001	39.7
58600001	39.4
58700001	40.9
58800001	40.7
58900001	40.1
59000001	39.6
59100001	39.6
59200001	38.7
59300001	40
59400001	37.9
59500001	39.1
59600001	37.1
59700001	37.2
59800001	39.1
59900001	36.8
60000001	36.8
60100001	37.7
60200001	37.3
60300001	37.2
60400001	38.2
60500001	38.7
60600001	38.7
60700001	37.8
60800001	39.3
60900001	38.5
61000001	39.4
61100001	39.3
61200001	39.2
61300001	36.8
61400001	36.5
61500001	37.1
61600001	37.1
61700001	36.8
61800001	36.5
61900001	36.6
62000001	36.1
62100001	36
62200001	35.3
62300001	37.1
62400001	36.7
62500001	37.4
62600001	36.4
62700001	37.4
62800001	37.5
62900001	38.3
63000001	37.4
63100001	37.1
63200001	36.4
63300001	36.2
63400001	35.7
63500001	35.8
63600001	37.2
63700001	35.8
63800001	36.8
63900001	37.9
64000001	37.3
64100001	39
64200001	38.1
64300001	37.6
64400001	38.1
64500001	40.1
64600001	41.6
64700001	40.1
64800001	41.4
64900001	41.3
65000001	39
65100001	41
65200001	40.2
65300001	41.1
65400001	39.5
65500001	39.6
65600001	39.4
65700001	40.1
65800001	39.3
65900001	38.6
66000001	39.1
66100001	38.9
66200001	38.9
66300001	38.3
66400001	39.7
66500001	38.6
66600001	39.7
66700001	39
66800001	41.9
66900001	44.4
67000001	43.7
67100001	42.2
67200001	40.3
67300001	39.5
67400001	40.3
67500001	40.4
67600001	39.9
67700001	37.9
67800001	38.8
67900001	38.8
68000001	38.5
68100001	39.3
68200001	39.1
68300001	38.8
68400001	37.9
68500001	38.9
68600001	38.5
68700001	38.6
68800001	37.5
68900001	38.1
69000001	38.6
69100001	36.4
69200001	37.1
69300001	37.5
69400001	38.8
69500001	36.6
69600001	38.2
69700001	37.9
69800001	37.9
69900001	38.6
70000001	39.7
70100001	40.6
70200001	39.6
70300001	40.9
70400001	40.1
70500001	39.6
70600001	40.7
70700001	44.8
70800001	44.4
70900001	44.9
71000001	45.1
71100001	44.2
71200001	44.4
71300001	42.8
71400001	41.6
71500001	40.4
71600001	43.8
71700001	45
71800001	42.3
71900001	46.2
72000001	45.7
72100001	49
72200001	46.9
72300001	46.8
72400001	46.7
72500001	48.1
72600001	47.5
72700001	46.9
72800001	44.4
72900001	45.9
73000001	43.7
73100001	43.6
73200001	44.9
73300001	42.6
73400001	42.2
73500001	40.3
73600001	39.4
73700001	38
73800001	39
73900001	37.7
74000001	37.1
74100001	37.1
74200001	37.3
74300001	37.1
74400001	36.7
74500001	36.4
74600001	36.3
74700001	36.2
74800001	36.7
74900001	36.6
75000001	36.7
75100001	36.8
75200001	37.2
75300001	36.6
75400001	36.3
75500001	37
75600001	36.3
75700001	36.6
75800001	36.2
75900001	36.8
76000001	36.6
76100001	37.4
76200001	36.3
76300001	37.4
76400001	38.6
76500001	38
76600001	38
76700001	38.5
76800001	36.8
76900001	39.3
77000001	39.3
77100001	40.7
77200001	39.2
77300001	39
77400001	38.9
77500001	39.2
77600001	39.4
77700001	38.4
77800001	39.1
77900001	39
78000001	38.4
78100001	40.2
78200001	38.9
78300001	39.1
78400001	40
78500001	38.6
78600001	37.7
78700001	37
78800001	37.8
78900001	37.9
79000001	36.5
79100001	37.2
79200001	38
79300001	36.6
79400001	38.3
79500001	36.5
79600001	37.7
79700001	36.9
79800001	37.8
79900001	37.5
80000001	37.1
80100001	37.7
80200001	37.5
80300001	37.4
80400001	37.4
80500001	37.7
80600001	38
80700001	37.9
80800001	37.8
80900001	38.7
81000001	38.3
81100001	39.2
81200001	39.9
81300001	39.3
81400001	39.4
81500001	40.9
81600001	41.3
81700001	43.4
81800001	43.1
81900001	45.4
82000001	44.7
82100001	42.1
82200001	42.1
82300001	42.4
82400001	43.7
82500001	43.4
82600001	46.8
82700001	46.3
82800001	46.2
82900001	44.7
83000001	50.9
83100001	50.3
83200001	46.1
83300001	48.9
83400001	46.8
83500001	46.3
83600001	48.4
83700001	46.5
83800001	40.7
83900001	41.5
84000001	50.6
84100001	48.3
84200001	47.1
84300001	47.5
84400001	46.7
84500001	47.4
84600001	41.1
84700001	40.1
84800001	38.8
84900001	38.8
85000001	45.4
85100001	49.8
85200001	49
85300001	48.3
85400001	48
85500001	40.3
85600001	40.8
85700001	44
85800001	44.9
85900001	45.9
86000001	47.7
86100001	46.8
86200001	47
86300001	44.2
86400001	46
86500001	48.2
86600001	45
86700001	46.6
86800001	43.1
86900001	44.6
87000001	44.7
87100001	47.9
87200001	45.5
87300001	44.9
87400001	46.5
87500001	43.6
87600001	45.6
87700001	46.5
87800001	45.8
87900001	46.6
88000001	47.5
88100001	50.6
88200001	48.1
88300001	45.6
88400001	47.8
88500001	42.8
88600001	45.5
88700001	51.5
88800001	50.3
88900001	49.1
89000001	48.1
89100001	46
89200001	50.8
89300001	49
89400001	43.5
89500001	45.1
89600001	42.8
89700001	41.2
89800001	41.7
89900001	41
90000001	40.3
90100001	40.4
90200001	45.2
90300001	47.8
90400001	48.8
90500001	50.6
90600001	50
90700001	48.6
90800001	45.9
90900001	47.6
91000001	47.2
91100001	50.9
91200001	50
91300001	48.3
91400001	47.7
91500001	47.8
91600001	50
91700001	50.8
91800001	45.2
91900001	50
92000001	43.5
92100001	45
92200001	43
92300001	44.1
92400001	42.7
92500001	42.2
92600001	42.9
92700001	42.9
92800001	43.2
92900001	40.8
93000001	41.3
93100001	41.7
93200001	41
93300001	41.5
93400001	41.3
93500001	42.6
93600001	43.3
93700001	41.3
93800001	42.5
93900001	42
94000001	43.2
94100001	43.2
94200001	43.5
94300001	43.4
94400001	43.2
94500001	46.1
94600001	44.9
94700001	44.8
94800001	42.9
94900001	42.2
95000001	41.3
95100001	41.3
95200001	40.8
95300001	41.2
95400001	42.6
95500001	42.3
95600001	43.7
95700001	41
95800001	40.8
95900001	39.9
96000001	40.1
96100001	39.9
96200001	39.5
96300001	39.6
96400001	40.1
96500001	40.4
96600001	39.8
96700001	40.2
96800001	40.4
96900001	43.3
97000001	43.3
97100001	41.4
97200001	43.8
97300001	44.6
97400001	44.8
97500001	44
97600001	41.9
97700001	43
97800001	42.1
97900001	41.8
98000001	41.5
98100001	40
98200001	39.9
98300001	38.6
98400001	40.1
98500001	40
98600001	40.6
98700001	42.3
98800001	42.1
98900001	44.4
99000001	44.3
99100001	44
99200001	43.6
99300001	45.3
99400001	44.7
99500001	45.8
99600001	45.5
99700001	45.4
99800001	47.1
99900001	47.8
100000001	48.2
100100001	47.6
100200001	44.7
100300001	47.5
100400001	49.2
100500001	44.7
100600001	44.9
100700001	44
100800001	44.5
100900001	43.3
101000001	43.8
101100001	44.8
101200001	44.5
101300001	42.4
101400001	40.9
101500001	40.4
101600001	38.6
101700001	39.1
101800001	38.9
101900001	38.2
102000001	38.6
102100001	38.2
102200001	38.1
102300001	38.8
102400001	38.3
102500001	38.8
102600001	39
102700001	38.4
102800001	37.7
102900001	36.5
103000001	38.4
103100001	38.2
103200001	38.3
103300001	38.7
103400001	38.3
103500001	37.5
103600001	38.1
103700001	39.4
103800001	37.4
103900001	37.8
104000001	36.1
104100001	38.3
104200001	37.6
104300001	37.3
104400001	36.4
104500001	37.3
104600001	36.5
104700001	36.3
104800001	37.1
104900001	37.6
105000001	37.5
105100001	37.4
105200001	37.1
105300001	37.3
105400001	37.9
105500001	38.3
105600001	38.6
105700001	36.5
105800001	36.3
105900001	36.8
106000001	37.4
106100001	37
106200001	37.9
106300001	38.2
106400001	38.6
106500001	39.8
106600001	40
106700001	39.4
106800001	39.6
106900001	39.7
107000001	39.4
107100001	38.5
107200001	40.1
107300001	38.6
107400001	39.9
107500001	39.8
107600001	40
107700001	39.7
107800001	40.5
107900001	40
108000001	41.4
108100001	44.1
108200001	42.9
108300001	44.3
108400001	45.5
108500001	42.8
108600001	46.1
108700001	43.6
108800001	42.1
108900001	41.3
109000001	39.8
109100001	39.6
109200001	38.2
109300001	38.1
109400001	38.9
109500001	38.5
109600001	37.2
109700001	37.2
109800001	37.4
109900001	37.3
110000001	36.6
110100001	37.7
110200001	37
110300001	36.9
110400001	37
110500001	38.4
110600001	36.7
110700001	38
110800001	37
110900001	38
111000001	37.6
111100001	37.8
111200001	38.9
111300001	40.1
111400001	39.1
111500001	40.5
111600001	40.2
111700001	40.5
111800001	40.5
111900001	39.4
112000001	40.9
112100001	43.6
112200001	44.2
112300001	46.7
112400001	46.6
112500001	43.3
112600001	44.2
112700001	46.6
112800001	46.7
112900001	44.4
113000001	38.8
113100001	45.7
113200001	48.4
113300001	48.8
113400001	47.5
113500001	45.6
113600001	47.4
113700001	50.1
113800001	50.9
113900001	49.4
114000001	47.6
114100001	47.3
114200001	50.8
114300001	48.3
114400001	53.6
114500001	56
114600001	47
114700001	46.7
114800001	48.9
114900001	47.5
115000001	43.5
115100001	40.6
115200001	44
115300001	38.8
115400001	45.6
115500001	46
115600001	45.4
115700001	47.8
115800001	49.3
115900001	50.6
116000001	39
116100001	42.5
116200001	41.3
116300001	43.1
116400001	41.9
116500001	42.6
116600001	46.1
116700001	42.7
116800001	42.1
116900001	42.2
117000001	44.6
117100001	45.6
117200001	43.3
117300001	43
117400001	44.1
117500001	44.2
117600001	45.7
117700001	45.5
117800001	45.1
117900001	47.5
118000001	44.7
118100001	47.1
118200001	46.5
118300001	43.6
118400001	41.8
118500001	45.2
118600001	46.3
118700001	47.4
118800001	46.9
118900001	46
119000001	46.6
119100001	44.8
119200001	48.7
119300001	45.6
119400001	47.8
119500001	43.5
119600001	39.4
119700001	39.7
119800001	42.6
119900001	37.4
120000001	44.3
120100001	47.8
120200001	45.5
120300001	39.7
120400001	48.4
120500001	46.1
120600001	41.8
120700001	45.4
120800001	46.8
120900001	50
121000001	48.6
121100001	47.2
121200001	46.1
121300001	49.2
121400001	46.2
121500001	41
121600001	41.2
121700001	39.7
121800001	39.5
121900001	40
122000001	41.2
122100001	40.4
122200001	44.1
122300001	43.6
122400001	43.7
122500001	44.9
122600001	44.9
122700001	45.9
122800001	43
122900001	40.9
123000001	39.4
123100001	39.8
123200001	38.7
123300001	38.8
123400001	38.2
123500001	38.1
123600001	39.6
123700001	38.3
123800001	39.4
123900001	38.5
124000001	38.5
124100001	38.5
124200001	41.8
124300001	44.8
124400001	47.2
124500001	43.9
124600001	49.1
124700001	49.3
124800001	49.4
124900001	47.2
125000001	49.4
125100001	48.2
125200001	48.5
125300001	49.9
125400001	48.1
125500001	48.9
125600001	46.4
125700001	44.7
125800001	42.3
125900001	45
126000001	45.5
126100001	43.2
126200001	41.7
126300001	43.8
126400001	45.7
126500001	47.4
126600001	46.7
126700001	46.4
126800001	44.4
126900001	44.7
127000001	46.9
127100001	46.6
127200001	46.5
127300001	45.7
127400001	44.5
127500001	47.4
127600001	47.9
127700001	47.3
127800001	48.4
127900001	52
128000001	49.7
128100001	46
128200001	47.7
128300001	48.4
128400001	43.1
128500001	42.3
128600001	41.9
128700001	44.1
128800001	41.4
128900001	41.4
129000001	39.9
129100001	39.8
129200001	39.8
129300001	39
129400001	40.5
129500001	38.3
129600001	37.6
129700001	38.3
129800001	40.6
129900001	37.6
130000001	38.2
130100001	36.7
130200001	36.9
130300001	37.5
130400001	37.5
130500001	37.7
130600001	37.2
130700001	37.7
130800001	37.6
130900001	37.7
131000001	39.1
131100001	38.5
131200001	40.2
131300001	42.3
131400001	39
131500001	39.2
131600001	38.8
131700001	38.6
131800001	38.3
131900001	37
132000001	37.2
132100001	37.8
132200001	38.7
132300001	37.8
132400001	38.4
132500001	37.5
132600001	37.4
132700001	36.5
132800001	36.1
132900001	37.2
133000001	37.2
133100001	37.6
133200001	37.9
133300001	38.2
133400001	37.1
133500001	37.8
133600001	39.4
133700001	39.9
133800001	41.7
133900001	43.1
134000001	45.5
134100001	45.5
134200001	44.8
134300001	45.3
134400001	40.7
134500001	44.7
134600001	43.6
134700001	42.7
134800001	45.1
134900001	46
135000001	46.5
135100001	47.1
135200001	45.7
135300001	45.3
135400001	44.1
135500001	43.1
135600001	43.5
135700001	43.3
135800001	43.5
135900001	43
136000001	42.5
136100001	43.3
136200001	44.2
136300001	45.8
136400001	42.7
136500001	43
136600001	46.3
136700001	44.6
136800001	44.9
136900001	44
137000001	43.4
137100001	43.4
137200001	42.2
137300001	43.3
137400001	44.1
137500001	44.2
137600001	43.4
137700001	44.9
137800001	42
137900001	42.6
138000001	42.7
138100001	40.9
138200001	40.8
138300001	39.2
138400001	37.6
138500001	39.3
138600001	38.8
138700001	38.1
138800001	37.3
138900001	37.8
139000001	37.6
139100001	37.3
139200001	37.9
139300001	39
139400001	39.3
139500001	39.5
139600001	39.9
139700001	40.7
139800001	40.3
139900001	41.1
140000001	42.4
140100001	43.4
140200001	44.6
140300001	43.4
140400001	43.1
140500001	45
140600001	45
140700001	43.1
140800001	41.9
140900001	42.2
141000001	42.2
141100001	42.1
141200001	40.4
141300001	40
141400001	39.9
141500001	38.9
141600001	38.5
141700001	38.6
141800001	39.3
141900001	39
142000001	39.7
142100001	40
142200001	40.7
142300001	43.2
142400001	44
142500001	42.7
142600001	43.4
142700001	44.8
142800001	44.2
142900001	44.6
143000001	43.5
143100001	43.8
143200001	42.6
143300001	44.3
143400001	43.4
143500001	42.6
143600001	41.9
143700001	41.4
143800001	42.9
143900001	41.8
144000001	41.5
144100001	41.5
144200001	42.5
144300001	42.7
144400001	43.5
144500001	43.9
144600001	43.7
144700001	44.2
144800001	45.2
144900001	45.9
145000001	45.6
145100001	43.1
145200001	45.5
145300001	46.3
145400001	46.7
145500001	45.2
145600001	45.6
145700001	45.7
145800001	46.3
145900001	46.2
146000001	44.4
146100001	44.2
146200001	44.5
146300001	45.6
146400001	44.4
146500001	42.3
146600001	44.1
146700001	44.9
146800001	43.7
146900001	43.4
147000001	46.2
147100001	43.2
147200001	43.6
147300001	41.8
147400001	42.7
147500001	43.7
147600001	43.3
147700001	42.1
147800001	42.6
147900001	41.9
148000001	42.3
148100001	41.5
148200001	42.5
148300001	43.3
148400001	41.6
148500001	41.4
148600001	42.2
148700001	41.2
148800001	40.6
148900001	41.1
149000001	40.5
149100001	41.3
149200001	40.9
149300001	39.6
149400001	37.2
