variableStep chrom=chr5 span=100000
1	0
100001	0
200001	0
300001	0
400001	0
500001	0
600001	0
700001	0
800001	0
900001	0
1000001	0
1100001	0
1200001	0
1300001	0
1400001	0
1500001	0
1600001	0
1700001	0
1800001	0
1900001	0
2000001	0
2100001	0
2200001	0
2300001	0
2400001	0
2500001	0
2600001	0
2700001	0
2800001	0
2900001	0
3000001	41.2
3100001	41.6
3200001	41.5
3300001	42.3
3400001	43.8
3500001	42.8
3600001	43.1
3700001	38.7
3800001	39.1
3900001	40.9
4000001	41.3
4100001	41.6
4200001	40
4300001	41.8
4400001	41
4500001	40.7
4600001	40.4
4700001	41.6
4800001	41
4900001	42
5000001	39.5
5100001	39
5200001	40.6
5300001	41.9
5400001	40.6
5500001	40.2
5600001	40.3
5700001	41.3
5800001	40.6
5900001	38.8
6000001	38.5
6100001	38.3
6200001	38.6
6300001	37.4
6400001	39.2
6500001	38.1
6600001	38.2
6700001	37.7
6800001	36.7
6900001	37
7000001	36.3
7100001	35.9
7200001	36.6
7300001	37.4
7400001	38
7500001	39.1
7600001	38.4
7700001	39.2
7800001	39.3
7900001	40.9
8000001	41.7
8100001	40.5
8200001	40.3
8300001	40.4
8400001	39.7
8500001	38.3
8600001	39
8700001	41.5
8800001	41.4
8900001	41
9000001	41.4
9100001	40.9
9200001	39.9
9300001	40.4
9400001	39.5
9500001	39.2
9600001	37.6
9700001	37.5
9800001	38.9
9900001	37.8
10000001	37.9
10100001	37.1
10200001	39
10300001	36.1
10400001	36.7
10500001	37.7
10600001	38
10700001	37
10800001	37.3
10900001	37.9
11000001	38
11100001	38.3
11200001	37.3
11300001	37.7
11400001	37.9
11500001	38.2
11600001	38.4
11700001	38.1
11800001	36.9
11900001	38.1
12000001	36.9
12100001	37.2
12200001	38.1
12300001	36.1
12400001	35.7
12500001	37.1
12600001	37.3
12700001	37.9
12800001	37.4
12900001	36.5
13000001	36.8
13100001	35.9
13200001	36.1
13300001	36.5
13400001	35.9
13500001	35.5
13600001	37.8
13700001	39.2
13800001	40.3
13900001	37.8
14000001	37.5
14100001	37.1
14200001	38.3
14300001	38.7
14400001	37.5
14500001	37.1
14600001	38.1
14700001	35.8
14800001	38.8
14900001	41.6
15000001	41.3
15100001	41.5
15200001	39.3
15300001	38.5
15400001	38.9
15500001	38.3
15600001	37.6
15700001	37.5
15800001	37.1
15900001	38.6
16000001	36.8
16100001	37.7
16200001	38.4
16300001	35.7
16400001	37.9
16500001	37.2
16600001	37.4
16700001	38.2
16800001	39.3
16900001	39.2
17000001	37.8
17100001	37.9
17200001	37.4
17300001	37.2
17400001	38.3
17500001	38.2
17600001	38.3
17700001	39
17800001	40.9
17900001	39.3
18000001	37.9
18100001	39.1
18200001	37.7
18300001	37.9
18400001	37.4
18500001	37.6
18600001	38.2
18700001	37.7
18800001	37.2
18900001	38.2
19000001	38.3
19100001	37.3
19200001	37.5
19300001	38.5
19400001	39.6
19500001	38.2
19600001	39.7
19700001	39.7
19800001	39.6
19900001	40.2
20000001	41.5
20100001	43.3
20200001	42.8
20300001	40
20400001	42
20500001	40.3
20600001	42.6
20700001	43.5
20800001	42
20900001	41.3
21000001	43.2
21100001	43.9
21200001	43.3
21300001	42.4
21400001	42.1
21500001	40.5
21600001	40.7
21700001	40.9
21800001	41.7
21900001	42.2
22000001	40.1
22100001	40.5
22200001	41.4
22300001	39.9
22400001	40.1
22500001	40.9
22600001	41.9
22700001	42.3
22800001	42.2
22900001	40
23000001	42.5
23100001	42.8
23200001	45.1
23300001	44.4
23400001	42.2
23500001	42.4
23600001	41.8
23700001	46.5
23800001	51.1
23900001	52.9
24000001	50.4
24100001	48.1
24200001	48.4
24300001	44.7
24400001	49.1
24500001	49.9
24600001	45.4
24700001	44.6
24800001	37.3
24900001	38.7
25000001	43.9
25100001	46.4
25200001	43.5
25300001	46.3
25400001	0
25500001	0
25600001	0
25700001	0
25800001	0
25900001	0
26000001	0
26100001	0
26200001	0
26300001	44
26400001	42.8
26500001	43.4
26600001	43
26700001	42.4
26800001	43.8
26900001	41
27000001	41.1
27100001	41
27200001	43.8
27300001	44.5
27400001	43.8
27500001	44.3
27600001	43.5
27700001	42.8
27800001	43.4
27900001	45
28000001	47.3
28100001	43.7
28200001	42.5
28300001	45.9
28400001	48.2
28500001	46.4
28600001	41.5
28700001	44.6
28800001	44.5
28900001	42.8
29000001	44.5
29100001	45.4
29200001	43.6
29300001	42
29400001	41
29500001	41
29600001	40.4
29700001	43.9
29800001	44.3
29900001	39.6
30000001	44.2
30100001	43.6
30200001	41.2
30300001	41.2
30400001	44.8
30500001	44.2
30600001	50
30700001	49
30800001	48.5
30900001	48.7
31000001	47.6
31100001	47.8
31200001	48.6
31300001	49
31400001	46.4
31500001	46.6
31600001	42.7
31700001	42.5
31800001	45.1
31900001	44
32000001	40.1
32100001	40.4
32200001	42.7
32300001	44.1
32400001	49.1
32500001	45.9
32600001	46.9
32700001	42.6
32800001	40.6
32900001	39.1
33000001	47.1
33100001	44
33200001	42.3
33300001	45.8
33400001	43.3
33500001	46.6
33600001	46.1
33700001	48.5
33800001	51.1
33900001	47.8
34000001	51.5
34100001	43.4
34200001	42.8
34300001	45
34400001	39.9
34500001	47.7
34600001	46.9
34700001	41.5
34800001	46.8
34900001	46.2
35000001	40.4
35100001	41.4
35200001	46.4
35300001	50.5
35400001	51.1
35500001	49.5
35600001	50.2
35700001	51.8
35800001	51.3
35900001	50.4
36000001	52.4
36100001	52
36200001	49.4
36300001	50.5
36400001	50.1
36500001	50.6
36600001	50.7
36700001	50.4
36800001	47.5
36900001	46.9
37000001	44
37100001	48.3
37200001	51.1
37300001	51.3
37400001	48.4
37500001	50.2
37600001	48.8
37700001	48.1
37800001	46.4
37900001	45
38000001	44.3
38100001	47.1
38200001	49.2
38300001	46.9
38400001	43.7
38500001	49.6
38600001	46.8
38700001	47.4
38800001	47.2
38900001	46.8
39000001	44.2
39100001	44.3
39200001	42.9
39300001	41.3
39400001	40.4
39500001	40.5
39600001	40
39700001	39.6
39800001	40
39900001	39.3
40000001	41.6
40100001	39.4
40200001	38.8
40300001	37.6
40400001	38.9
40500001	37.4
40600001	37.1
40700001	36.8
40800001	38.3
40900001	38.2
41000001	37.4
41100001	38.2
41200001	37.8
41300001	38.3
41400001	38.4
41500001	39
41600001	39.1
41700001	40.6
41800001	41
41900001	41.3
42000001	38.1
42100001	43.1
42200001	41.7
42300001	39.8
42400001	40.7
42500001	40.8
42600001	40.2
42700001	39.1
42800001	38.1
42900001	38.1
43000001	39.1
43100001	38.9
43200001	39.9
43300001	39.9
43400001	42.1
43500001	40.2
43600001	40.8
43700001	42.1
43800001	40.9
43900001	41.8
44000001	42.6
44100001	40.6
44200001	43.6
44300001	43.7
44400001	44.4
44500001	44.7
44600001	42.4
44700001	41.3
44800001	41.8
44900001	40.7
45000001	41.8
45100001	41
45200001	40.1
45300001	40.5
45400001	40.4
45500001	40
45600001	41.5
45700001	41.1
45800001	43.8
45900001	43.1
46000001	39.3
46100001	36.6
46200001	39.1
46300001	39.6
46400001	39.2
46500001	38.7
46600001	38.6
46700001	39.1
46800001	38.4
46900001	37.6
47000001	37.8
47100001	38
47200001	36.8
47300001	36.7
47400001	36.6
47500001	38.4
47600001	36.9
47700001	36.1
47800001	36.6
47900001	37
48000001	37.3
48100001	36.9
48200001	37.8
48300001	39.4
48400001	37.1
48500001	36.9
48600001	37.2
48700001	39.3
48800001	38.8
48900001	38.4
49000001	38.6
49100001	37.4
49200001	37.1
49300001	37.6
49400001	37
49500001	36.7
49600001	37.4
49700001	37.8
49800001	38.5
49900001	39.4
50000001	38.9
50100001	39.2
50200001	39.9
50300001	41.4
50400001	41.9
50500001	39.3
50600001	39.6
50700001	39.4
50800001	38.7
50900001	38.5
51000001	37.6
51100001	37.8
51200001	37.4
51300001	37.2
51400001	38.4
51500001	38.3
51600001	38.8
51700001	38.8
51800001	38.6
51900001	40.2
52000001	40.8
52100001	41.8
52200001	41.8
52300001	42.1
52400001	42.9
52500001	41.7
52600001	44.3
52700001	46.1
52800001	45.6
52900001	47.6
53000001	44.3
53100001	42.5
53200001	43.8
53300001	45.9
53400001	46
53500001	45.5
53600001	47.1
53700001	46.3
53800001	45.1
53900001	43.5
54000001	42.8
54100001	41.8
54200001	40
54300001	43
54400001	39.3
54500001	43.6
54600001	40.8
54700001	39.6
54800001	39.4
54900001	38.3
55000001	36.9
55100001	37.2
55200001	37
55300001	37.7
55400001	37.2
55500001	36.9
55600001	35.9
55700001	36.5
55800001	36.8
55900001	36.6
56000001	37
56100001	37.5
56200001	36.6
56300001	37.2
56400001	36.3
56500001	36.1
56600001	36.4
56700001	34.6
56800001	36.7
56900001	35.7
57000001	35.5
57100001	34.9
57200001	36.8
57300001	37.2
57400001	35.9
57500001	35.7
57600001	35
57700001	36.2
57800001	37.4
57900001	36.9
58000001	38.7
58100001	38.8
58200001	36.8
58300001	35.9
58400001	36.2
58500001	36.2
58600001	37.4
58700001	38.4
58800001	36.9
58900001	37.6
59000001	36.7
59100001	37
59200001	35.6
59300001	37.6
59400001	36.8
59500001	37.4
59600001	35.9
59700001	35.7
59800001	35.6
59900001	36.2
60000001	36
60100001	35.9
60200001	36.3
60300001	36.5
60400001	36.8
60500001	36.8
60600001	34.8
60700001	35.2
60800001	37
60900001	37.1
61000001	37
61100001	38.1
61200001	36.6
61300001	36.6
61400001	36.2
61500001	35.4
61600001	37.6
61700001	36.8
61800001	35.7
61900001	36
62000001	35.6
62100001	36.5
62200001	36.7
62300001	36.6
62400001	35.9
62500001	36.5
62600001	39.2
62700001	37.2
62800001	37.8
62900001	37.6
63000001	37.9
63100001	39.7
63200001	37.6
63300001	38.1
63400001	37.5
63500001	37.3
63600001	37.1
63700001	38.3
63800001	37.8
63900001	39.9
64000001	40.2
64100001	41.7
64200001	44.1
64300001	45.2
64400001	44.5
64500001	44.2
64600001	45.2
64700001	46.3
64800001	44.7
64900001	43.7
65000001	45.1
65100001	44.1
65200001	45.2
65300001	43.2
65400001	44.2
65500001	42.9
65600001	43.9
65700001	43.8
65800001	44.2
65900001	41.1
66000001	39.8
66100001	43.4
66200001	43.6
66300001	45.3
66400001	44.6
66500001	45.1
66600001	43.6
66700001	46.7
66800001	44
66900001	44.6
67000001	45.2
67100001	44.2
67200001	43.8
67300001	43.8
67400001	44.6
67500001	43.4
67600001	43.5
67700001	42.1
67800001	45.1
67900001	43.9
68000001	43.1
68100001	41.6
68200001	41.6
68300001	40.2
68400001	40.4
68500001	39.2
68600001	39.1
68700001	38.3
68800001	39.1
68900001	37.5
69000001	36.3
69100001	37.6
69200001	36.5
69300001	36
69400001	38
69500001	37.4
69600001	36.7
69700001	38.2
69800001	38.9
69900001	38
70000001	38.1
70100001	38.2
70200001	37.2
70300001	37.3
70400001	37
70500001	36.6
70600001	37.7
70700001	37
70800001	37
70900001	37.3
71000001	37.1
71100001	36.3
71200001	36.2
71300001	37.1
71400001	36.7
71500001	37.9
71600001	37.9
71700001	38.6
71800001	37.6
71900001	37.8
72000001	38.7
72100001	37.2
72200001	38.2
72300001	38.3
72400001	40.2
72500001	41.5
72600001	41.7
72700001	41.2
72800001	42
72900001	41.8
73000001	43.2
73100001	43.9
73200001	44
73300001	42.5
73400001	44.4
73500001	44.1
73600001	44.1
73700001	45.4
73800001	44.6
73900001	44.7
74000001	44.1
74100001	43.8
74200001	42.9
74300001	43.6
74400001	45.1
74500001	46
74600001	46.7
74700001	41.9
74800001	41.4
74900001	39.8
75000001	45.3
75100001	45.4
75200001	45.5
75300001	45.8
75400001	43.2
75500001	45.7
75600001	45
75700001	42.9
75800001	44.4
75900001	45.7
76000001	44.7
76100001	43.3
76200001	44.9
76300001	43.3
76400001	43.1
76500001	43.9
76600001	40.6
76700001	41.6
76800001	42.4
76900001	42.1
77000001	43.6
77100001	44.6
77200001	46.1
77300001	44.2
77400001	43.5
77500001	45.7
77600001	45.6
77700001	44.4
77800001	44.8
77900001	44.3
78000001	42.7
78100001	42.1
78200001	41.9
78300001	39.8
78400001	38.7
78500001	39.1
78600001	38.1
78700001	37.7
78800001	37
78900001	36.7
79000001	36.3
79100001	35.4
79200001	36.3
79300001	35.3
79400001	37.9
79500001	36.7
79600001	37.1
79700001	36.2
79800001	36.2
79900001	35.3
80000001	36.7
80100001	36.2
80200001	37.7
80300001	35.8
80400001	37.1
80500001	35.1
80600001	35.9
80700001	36.4
80800001	35.5
80900001	36.4
81000001	37.4
81100001	36.8
81200001	37.4
81300001	37.8
81400001	38.6
81500001	36.5
81600001	36.2
81700001	36.5
81800001	37.4
81900001	36.6
82000001	39.6
82100001	36.3
82200001	36.6
82300001	37.8
82400001	37.3
82500001	36.5
82600001	36.4
82700001	36.7
82800001	35.8
82900001	36
83000001	37.3
83100001	35.5
83200001	36.8
83300001	36.9
83400001	36.7
83500001	36.7
83600001	34.9
83700001	34.6
83800001	37.4
83900001	37.5
84000001	36.4
84100001	37
84200001	36.8
84300001	35.7
84400001	36.3
84500001	34.9
84600001	34.8
84700001	35.4
84800001	36.9
84900001	35.9
85000001	35.9
85100001	36.2
85200001	36.4
85300001	36.4
85400001	36
85500001	37.3
85600001	36.7
85700001	36.8
85800001	37.2
85900001	38.9
86000001	37.7
86100001	37.7
86200001	38.5
86300001	39.3
86400001	39.7
86500001	36.4
86600001	39.2
86700001	38.2
86800001	38.3
86900001	38.6
87000001	38.2
87100001	38.8
87200001	38.6
87300001	38.8
87400001	37.6
87500001	36.7
87600001	38
87700001	37
87800001	37.3
87900001	36.7
88000001	37.6
88100001	36.3
88200001	36.5
88300001	37.1
88400001	37.5
88500001	38.2
88600001	38.5
88700001	39.4
88800001	39.1
88900001	41.1
89000001	43
89100001	41.9
89200001	41.5
89300001	43.8
89400001	41.3
89500001	41
89600001	39.7
89700001	39.7
89800001	41
89900001	39.4
90000001	39.6
90100001	40
90200001	40.4
90300001	41.4
90400001	40.3
90500001	42.7
90600001	41.8
90700001	36.8
90800001	39.8
90900001	41.6
91000001	43.1
91100001	40.5
91200001	41.7
91300001	40.5
91400001	40
91500001	40.2
91600001	39.7
91700001	41.4
91800001	41.4
91900001	41.5
92000001	42.8
92100001	42.4
92200001	43.1
92300001	42.4
92400001	41.6
92500001	43.7
92600001	44.4
92700001	44.8
92800001	44.4
92900001	44.9
93000001	43.7
93100001	44.2
93200001	44.8
93300001	47.1
93400001	45.1
93500001	44.9
93600001	42.1
93700001	41.7
93800001	40.7
93900001	40.4
94000001	42.3
94100001	40.7
94200001	40.6
94300001	40.8
94400001	41.5
94500001	40.6
94600001	41
94700001	40.6
94800001	41.3
94900001	40.9
95000001	40.5
95100001	42.2
95200001	41
95300001	41.1
95400001	41.2
95500001	40.2
95600001	41.3
95700001	40.6
95800001	41.1
95900001	41
96000001	40.4
96100001	41.9
96200001	40.6
96300001	41.8
96400001	41.1
96500001	37.2
96600001	40.4
96700001	42.2
96800001	42.7
96900001	41.8
97000001	43.1
97100001	43.4
97200001	43.8
97300001	42.5
97400001	42.3
97500001	41.7
97600001	40.5
97700001	39.8
97800001	39.4
97900001	39.6
98000001	39
98100001	38.6
98200001	38.7
98300001	38.3
98400001	40.6
98500001	41.7
98600001	43.4
98700001	41.4
98800001	40.7
98900001	39.3
99000001	37.9
99100001	39.5
99200001	41.5
99300001	40.4
99400001	41.9
99500001	41.9
99600001	44.1
99700001	42.2
99800001	44
99900001	44
100000001	44.9
100100001	44
100200001	44.3
100300001	42.7
100400001	45.5
100500001	45.3
100600001	45.7
100700001	46.3
100800001	43.5
100900001	43.5
101000001	45.3
101100001	45.8
101200001	43.9
101300001	44.2
101400001	42.7
101500001	41.2
101600001	41.6
101700001	43
101800001	42.1
101900001	43.8
102000001	44.8
102100001	44.7
102200001	46.8
102300001	44.8
102400001	44.9
102500001	42.7
102600001	42.3
102700001	39.9
102800001	42.5
102900001	41.7
103000001	41
103100001	42.3
103200001	41.5
103300001	41.5
103400001	41.5
103500001	41.3
103600001	41.7
103700001	43.2
103800001	43.2
103900001	42.9
104000001	44.8
104100001	44.8
104200001	46.1
104300001	43.9
104400001	43.6
104500001	43.9
104600001	42.4
104700001	42.2
104800001	42.3
104900001	40.5
105000001	40.5
105100001	40.7
105200001	40.9
105300001	41.5
105400001	42.2
105500001	41.6
105600001	42.4
105700001	41.1
105800001	43.9
105900001	45.1
106000001	45.1
106100001	46.6
106200001	46.7
106300001	42.3
106400001	44.1
106500001	44.1
106600001	43
106700001	44
106800001	44.9
106900001	44.3
107000001	41.8
107100001	43.5
107200001	43.8
107300001	39.7
107400001	44.8
107500001	45.1
107600001	45
107700001	43.4
107800001	42.5
107900001	41.2
108000001	42
108100001	43.6
108200001	40
108300001	42.5
108400001	43.3
108500001	38.7
108600001	38.7
108700001	42.5
108800001	45.4
108900001	45.2
109000001	45
109100001	47.1
109200001	38.6
109300001	39.4
109400001	38.8
109500001	39.5
109600001	37.9
109700001	38.3
109800001	38
109900001	42.7
110000001	39.7
110100001	41
110200001	40.6
110300001	41
110400001	40.4
110500001	43.6
110600001	43.4
110700001	46
110800001	50.5
110900001	48.6
111000001	48.4
111100001	42.9
111200001	47.2
111300001	43.4
111400001	45.4
111500001	46.3
111600001	50.4
111700001	47
111800001	51.2
111900001	50.6
112000001	51.4
112100001	49.3
112200001	49.9
112300001	49.5
112400001	48.6
112500001	49.9
112600001	50.5
112700001	52.3
112800001	50.5
112900001	49.5
113000001	49.3
113100001	48.5
113200001	50
113300001	49.4
113400001	49.3
113500001	52.7
113600001	51.1
113700001	51
113800001	48.6
113900001	50.9
114000001	51.4
114100001	49.7
114200001	51.5
114300001	49.4
114400001	49.8
114500001	50.5
114600001	50.1
114700001	49.8
114800001	52.7
114900001	50.7
115000001	53.3
115100001	51.6
115200001	49
115300001	48.2
115400001	46.6
115500001	47.7
115600001	49.8
115700001	47.5
115800001	48.8
115900001	50.3
116000001	52.5
116100001	45.4
116200001	46
116300001	49.3
116400001	49.4
116500001	47
116600001	48.6
116700001	47.7
116800001	47.1
116900001	47.4
117000001	47.2
117100001	45.1
117200001	46.2
117300001	46.2
117400001	46.2
117500001	48.6
117600001	47.3
117700001	49
117800001	48.5
117900001	48.8
118000001	48.2
118100001	48.4
118200001	49
118300001	49.1
118400001	51.6
118500001	51
118600001	50.8
118700001	49.1
118800001	49
118900001	47.3
119000001	45.3
119100001	46.6
119200001	49.5
119300001	47.1
119400001	47.9
119500001	47.4
119600001	46.5
119700001	47.4
119800001	46.7
119900001	46.6
120000001	48
120100001	48.1
120200001	48.1
120300001	47
120400001	47.1
120500001	50.6
120600001	53.1
120700001	49.6
120800001	50
120900001	52.4
121000001	52
121100001	52.3
121200001	49.2
121300001	48.1
121400001	49
121500001	48.3
121600001	46
121700001	47
121800001	48.4
121900001	46.6
122000001	49
122100001	46.1
122200001	47.3
122300001	53
122400001	52.1
122500001	50.2
122600001	50.2
122700001	47.3
122800001	47.1
122900001	45.6
123000001	44.6
123100001	47.7
123200001	46.2
123300001	46.6
123400001	48.1
123500001	49.6
123600001	47.7
123700001	47.7
123800001	46.4
123900001	46.9
124000001	45.5
124100001	43.9
124200001	44.8
124300001	45.9
124400001	50.1
124500001	52.1
124600001	50.7
124700001	45.8
124800001	44.3
124900001	48.7
125000001	48.6
125100001	0
125200001	49.4
125300001	48.7
125400001	50.3
125500001	55.3
125600001	53.2
125700001	51.1
125800001	48.8
125900001	50.9
126000001	48.9
126100001	47.2
126200001	45.7
126300001	43.8
126400001	43.7
126500001	44.4
126600001	42.7
126700001	42
126800001	42
126900001	42.3
127000001	42
127100001	43.1
127200001	43.6
127300001	42.8
127400001	42.6
127500001	42.3
127600001	44.3
127700001	45.7
127800001	46
127900001	47.1
128000001	47.2
128100001	46.6
128200001	45.8
128300001	45
128400001	44.3
128500001	44
128600001	45.1
128700001	45.5
128800001	45.6
128900001	46.9
129000001	47.8
129100001	47.6
129200001	48.4
129300001	49.1
129400001	48.3
129500001	47.4
129600001	49.2
129700001	50.4
129800001	49.5
129900001	48.1
130000001	48.5
130100001	44.9
130200001	45.4
130300001	46.5
130400001	44.9
130500001	46.2
130600001	45.9
130700001	46.9
130800001	46.1
130900001	44.6
131000001	43.7
131100001	43
131200001	43.8
131300001	46
131400001	44
131500001	43.9
131600001	43.5
131700001	44.8
131800001	44
131900001	46.1
132000001	46.5
132100001	45.5
132200001	45.3
132300001	43.7
132400001	41.3
132500001	41.6
132600001	43.1
132700001	41.9
132800001	42.7
132900001	41.9
133000001	43.9
133100001	44.1
133200001	43
133300001	43.8
133400001	43.8
133500001	42.9
133600001	42.3
133700001	42.6
133800001	41.1
133900001	42.4
134000001	43
134100001	43.2
134200001	43.5
134300001	44.2
134400001	45.1
134500001	47.6
134600001	49.4
134700001	48.8
134800001	48.6
134900001	49.1
135000001	50.2
135100001	49.3
135200001	49.1
135300001	49
135400001	49.5
135500001	50.4
135600001	46.1
135700001	47.1
135800001	48.2
135900001	49
136000001	46.8
136100001	48.1
136200001	50.5
136300001	49.5
136400001	48.4
136500001	51.3
136600001	49.9
136700001	49.7
136800001	45.2
136900001	45.9
137000001	46.3
137100001	49.3
137200001	49.1
137300001	48.8
137400001	49.7
137500001	50.1
137600001	48.3
137700001	50.5
137800001	49.5
137900001	49.8
138000001	50.8
138100001	48.4
138200001	46.7
138300001	42.5
138400001	44.3
138500001	44.1
138600001	46.2
138700001	44.9
138800001	39.3
138900001	38.9
139000001	41.8
139100001	46.4
139200001	50.1
139300001	49
139400001	51.7
139500001	49.8
139600001	49
139700001	50.4
139800001	53.3
139900001	49.2
140000001	50.9
140100001	51.6
140200001	53.7
140300001	50.2
140400001	50.4
140500001	51
140600001	49.4
140700001	49
140800001	48.2
140900001	50.1
141000001	51.8
141100001	52.6
141200001	49
141300001	47.9
141400001	47.1
141500001	47.1
141600001	44.9
141700001	41.3
141800001	41.8
141900001	41.7
142000001	43.6
142100001	44.9
142200001	45.2
142300001	46
142400001	47
142500001	47.4
142600001	48.8
142700001	45.8
142800001	48.2
142900001	52.6
143000001	48.2
143100001	49.7
143200001	46.3
143300001	0
143400001	49.6
143500001	51.2
143600001	50.8
143700001	48.4
143800001	44.1
143900001	46.7
144000001	51.4
144100001	48.7
144200001	46.6
144300001	46.4
144400001	47
144500001	47
144600001	45.4
144700001	46.4
144800001	46.4
144900001	49.3
145000001	46.8
145100001	46.4
145200001	46.4
145300001	47.7
145400001	48.4
145500001	48.1
145600001	49.3
145700001	47.2
145800001	47.3
145900001	48
146000001	43.8
146100001	40.7
146200001	41.5
146300001	41.9
146400001	42.2
146500001	41.8
146600001	41.8
146700001	41
146800001	42
146900001	42.7
147000001	43.3
147100001	45.2
147200001	45.6
147300001	46.2
147400001	47.2
147500001	47.2
147600001	46.6
147700001	47.2
147800001	47.4
147900001	46.6
148000001	47.1
148100001	47.1
148200001	43.3
148300001	42.9
148400001	45.8
148500001	46.4
148600001	46.6
148700001	46.2
148800001	45
148900001	44.5
149000001	45.9
149100001	48
149200001	46.6
149300001	44
149400001	47
149500001	47.3
149600001	47.7
149700001	47
149800001	46.7
149900001	45.6
150000001	46.5
150100001	47.6
150200001	46
150300001	47
150400001	46
150500001	44.4
150600001	45.1
150700001	43.4
150800001	43.6
150900001	44.5
151000001	44.5
151100001	44.1
151200001	44.5
151300001	43.4
151400001	41
151500001	38.9
151600001	44.5
151700001	44.6
151800001	44.4
151900001	43.4
152000001	42.1
152100001	40.9
152200001	40.5
152300001	39.3
152400001	40.6
