variableStep chrom=chr19 span=100000
1	0
100001	0
200001	0
300001	0
400001	0
500001	0
600001	0
700001	0
800001	0
900001	0
1000001	0
1100001	0
1200001	0
1300001	0
1400001	0
1500001	0
1600001	0
1700001	0
1800001	0
1900001	0
2000001	0
2100001	0
2200001	0
2300001	0
2400001	0
2500001	0
2600001	0
2700001	0
2800001	0
2900001	0
3000001	41.2
3100001	41.2
3200001	45.1
3300001	49.1
3400001	47.7
3500001	43.9
3600001	50.4
3700001	45.4
3800001	45.6
3900001	51.8
4000001	49.1
4100001	52.6
4200001	50.8
4300001	42.2
4400001	48.2
4500001	44.3
4600001	46.1
4700001	46.1
4800001	48
4900001	48.6
5000001	51.7
5100001	46.4
5200001	43.5
5300001	49.4
5400001	50.8
5500001	49.1
5600001	51.9
5700001	51.5
5800001	50.2
5900001	49.8
6000001	50
6100001	48.4
6200001	51.5
6300001	51.8
6400001	53.1
6500001	51.8
6600001	48
6700001	0
6800001	0
6900001	49
7000001	52.6
7100001	51.3
7200001	53.1
7300001	49
7400001	47.5
7500001	40.9
7600001	44.7
7700001	41
7800001	40.4
7900001	39.4
8000001	40.5
8100001	40
8200001	40.2
8300001	41
8400001	40
8500001	40.8
8600001	44.4
8700001	46.2
8800001	45.7
8900001	45.9
9000001	48.6
9100001	45.7
9200001	40.2
9300001	39.9
9400001	39.1
9500001	40.1
9600001	40.2
9700001	40.1
9800001	40.6
9900001	43.2
10000001	46.9
10100001	48.7
10200001	47.1
10300001	52.4
10400001	50.8
10500001	49.3
10600001	44.8
10700001	49.4
10800001	47.9
10900001	48.6
11000001	47.2
11100001	41.1
11200001	40.4
11300001	40.5
11400001	39.8
11500001	39.3
11600001	39.8
11700001	40.1
11800001	43.5
11900001	41.2
12000001	43.6
12100001	39.9
12200001	40.3
12300001	38.7
12400001	39.6
12500001	43.9
12600001	40.5
12700001	39.4
12800001	39.5
12900001	38.6
13000001	38.4
13100001	39.4
13200001	38
13300001	37.6
13400001	37.2
13500001	36.3
13600001	37.2
13700001	37.8
13800001	37.4
13900001	38.2
14000001	40.4
14100001	38.6
14200001	37.8
14300001	40.5
14400001	40.9
14500001	40
14600001	39.8
14700001	40
14800001	38.8
14900001	40.3
15000001	39.7
15100001	39.2
15200001	38.9
15300001	39.7
15400001	39.5
15500001	39.9
15600001	40.4
15700001	41.6
15800001	41.9
15900001	44.6
16000001	43.8
16100001	41.8
16200001	41.8
16300001	41.6
16400001	42.6
16500001	43.8
16600001	42.6
16700001	36.8
16800001	39.3
16900001	41.7
17000001	42.4
17100001	42.5
17200001	42.3
17300001	42.6
17400001	43.7
17500001	43.2
17600001	41.5
17700001	40.3
17800001	40.6
17900001	40.9
18000001	40
18100001	40
18200001	40.2
18300001	39.3
18400001	40.3
18500001	39.6
18600001	42.9
18700001	42.4
18800001	41.3
18900001	41.3
19000001	40
19100001	38.6
19200001	38.4
19300001	38.3
19400001	37.1
19500001	37.8
19600001	37.1
19700001	36.7
19800001	35.9
19900001	37.5
20000001	37.1
20100001	37
20200001	37.6
20300001	38.4
20400001	38.1
20500001	39
20600001	38.8
20700001	38.3
20800001	39.6
20900001	39.6
21000001	39.8
21100001	42
21200001	41.2
21300001	41.1
21400001	41.4
21500001	41.6
21600001	42.5
21700001	41.2
21800001	43.4
21900001	42.1
22000001	41.3
22100001	40.3
22200001	38.7
22300001	40.3
22400001	40.2
22500001	39.5
22600001	40.5
22700001	40.7
22800001	40.4
22900001	42.1
23000001	43.4
23100001	43.7
23200001	44.1
23300001	39.8
23400001	42.2
23500001	42.6
23600001	40.8
23700001	42
23800001	42.8
23900001	45.3
24000001	45.9
24100001	44.3
24200001	45.9
24300001	45.5
24400001	43.2
24500001	43.1
24600001	43.8
24700001	44
24800001	43.2
24900001	44.6
25000001	40.3
25100001	43.8
25200001	45.9
25300001	45.1
25400001	46.2
25500001	46
25600001	46.8
25700001	44.3
25800001	41.4
25900001	41.6
26000001	41.1
26100001	40.9
26200001	39.9
26300001	40.8
26400001	40.2
26500001	42.6
26600001	43.5
26700001	44
26800001	43.9
26900001	42.4
27000001	41.7
27100001	42.2
27200001	42.5
27300001	41.9
27400001	43
27500001	43.3
27600001	42
27700001	41.1
27800001	40.1
27900001	37.1
28000001	37.5
28100001	40.5
28200001	42.3
28300001	43.3
28400001	42
28500001	43
28600001	43.1
28700001	44.1
28800001	42.4
28900001	44.3
29000001	42.3
29100001	44.7
29200001	43.9
29300001	40.4
29400001	42.8
29500001	43.8
29600001	39.6
29700001	45
29800001	37.8
29900001	42.4
30000001	42.7
30100001	41.6
30200001	44.1
30300001	40.5
30400001	40.2
30500001	40.1
30600001	40.1
30700001	38.8
30800001	38.6
30900001	39.9
31000001	40.1
31100001	41.2
31200001	39.4
31300001	38.1
31400001	39.9
31500001	39
31600001	38.1
31700001	40.9
31800001	40.4
31900001	40.2
32000001	40.3
32100001	41.3
32200001	43.8
32300001	43.4
32400001	44.5
32500001	43
32600001	43.4
32700001	41.6
32800001	39.9
32900001	42.9
33000001	43.2
33100001	42.8
33200001	39.2
33300001	38.9
33400001	38.7
33500001	37.4
33600001	38.5
33700001	37.8
33800001	38.3
33900001	37.7
34000001	38.4
34100001	39.1
34200001	41.6
34300001	41.9
34400001	39.8
34500001	41.1
34600001	42.4
34700001	41.2
34800001	41.5
34900001	43.2
35000001	39.9
35100001	40.7
35200001	39.8
35300001	38.9
35400001	37.9
35500001	37.7
35600001	38.3
35700001	38.9
35800001	38.6
35900001	39
36000001	40.6
36100001	42
36200001	43
36300001	41.8
36400001	43.8
36500001	41.9
36600001	39.5
36700001	43.5
36800001	43.3
36900001	41.9
37000001	39.7
37100001	42.9
37200001	41.6
37300001	44
37400001	42
37500001	44.6
37600001	42.3
37700001	44.4
37800001	43.8
37900001	45
38000001	43.8
38100001	45.6
38200001	41.4
38300001	43.1
38400001	44.5
38500001	44.2
38600001	43.1
38700001	43
38800001	42.1
38900001	40.7
39000001	39.9
39100001	40.2
39200001	40.3
39300001	38.8
39400001	40.2
39500001	39.3
39600001	38.1
39700001	38.3
39800001	37
39900001	37.5
40000001	39.7
40100001	38.7
40200001	40.7
40300001	45
40400001	46
40500001	45.9
40600001	45
40700001	44
40800001	43.6
40900001	41.7
41000001	44.8
41100001	47.4
41200001	45.7
41300001	44.5
41400001	45
41500001	42.3
41600001	43.3
41700001	50.3
41800001	47
41900001	47.7
42000001	47.2
42100001	46.6
42200001	49.1
42300001	49.7
42400001	47.8
42500001	47.1
42600001	42.9
42700001	47.6
42800001	48.4
42900001	42.4
43000001	40.1
43100001	39.1
43200001	39
43300001	37.9
43400001	38.9
43500001	46.3
43600001	46.2
43700001	46.6
43800001	43.2
43900001	46.7
44000001	46.3
44100001	41.8
44200001	45.2
44300001	45.9
44400001	46.6
44500001	46.6
44600001	47.2
44700001	48.9
44800001	49.7
44900001	46.7
45000001	45.9
45100001	50.2
45200001	48.8
45300001	49.3
45400001	43.3
45500001	41.7
45600001	50.9
45700001	45.8
45800001	48.5
45900001	43.9
46000001	44.4
46100001	47.5
46200001	43.1
46300001	47.1
46400001	48.9
46500001	50.1
46600001	48
46700001	47.1
46800001	45.2
46900001	45.4
47000001	45
47100001	44.5
47200001	49.3
47300001	52.5
47400001	50.9
47500001	49
47600001	43
47700001	46.9
47800001	44.1
47900001	47.1
48000001	45
48100001	46
48200001	45
48300001	44
48400001	44.2
48500001	42
48600001	40.6
48700001	40.5
48800001	40.6
48900001	39
49000001	38.3
49100001	38.9
49200001	38
49300001	39.1
49400001	39.4
49500001	38.8
49600001	38
49700001	38.2
49800001	37.7
49900001	37.8
50000001	38.4
50100001	38.6
50200001	40.3
50300001	40.4
50400001	39.9
50500001	40.2
50600001	39.8
50700001	39.6
50800001	37.5
50900001	37.7
51000001	37.2
51100001	38
51200001	37.6
51300001	38.1
51400001	37.5
51500001	37.6
51600001	37.4
51700001	37.9
51800001	37.7
51900001	38
52000001	38.6
52100001	38.4
52200001	37.7
52300001	38.8
52400001	38.5
52500001	38.6
52600001	39.2
52700001	40.6
52800001	41.1
52900001	42.3
53000001	46.6
53100001	45
53200001	42.4
53300001	47.1
53400001	45.3
53500001	48.9
53600001	45.4
53700001	44.7
53800001	47.1
53900001	45.8
54000001	38.8
54100001	45.9
54200001	44.7
54300001	42.9
54400001	41.9
54500001	41.9
54600001	40.1
54700001	40.2
54800001	41.4
54900001	41.7
55000001	43.5
55100001	46
55200001	45.9
55300001	44.1
55400001	41.9
55500001	44
55600001	46.5
55700001	47.7
55800001	47.3
55900001	45.9
56000001	46.1
56100001	45.6
56200001	45.8
56300001	48.2
56400001	46.6
56500001	46
56600001	43.7
56700001	47.7
56800001	45.6
56900001	47.9
57000001	48.8
57100001	46.1
57200001	46.6
57300001	45
57400001	46.4
57500001	46.1
57600001	44.4
57700001	41.4
57800001	40.5
57900001	41.4
58000001	42.2
58100001	44.2
58200001	45.3
58300001	45.8
58400001	45.8
58500001	43.9
58600001	42.5
58700001	41.4
58800001	47.1
58900001	48.4
59000001	45.3
59100001	42.8
59200001	45.7
59300001	44.3
59400001	44.9
59500001	45.8
59600001	43.8
59700001	44.7
59800001	42.3
59900001	41.5
60000001	40.8
60100001	41.8
60200001	41.4
60300001	39.9
60400001	42
60500001	42.5
60600001	40.8
60700001	42.8
60800001	41.2
60900001	42
61000001	43.7
61100001	42.8
61200001	41.1
