variableStep chrom=chr22 span=100000
1	0
100001	0
200001	0
300001	0
400001	0
500001	0
600001	0
700001	0
800001	0
900001	0
1000001	0
1100001	0
1200001	0
1300001	0
1400001	0
1500001	0
1600001	0
1700001	0
1800001	0
1900001	0
2000001	0
2100001	0
2200001	0
2300001	0
2400001	0
2500001	0
2600001	0
2700001	0
2800001	0
2900001	0
3000001	0
3100001	0
3200001	0
3300001	0
3400001	0
3500001	0
3600001	0
3700001	0
3800001	0
3900001	0
4000001	0
4100001	0
4200001	0
4300001	0
4400001	0
4500001	0
4600001	0
4700001	0
4800001	0
4900001	0
5000001	0
5100001	0
5200001	0
5300001	0
5400001	0
5500001	0
5600001	0
5700001	0
5800001	0
5900001	0
6000001	0
6100001	0
6200001	0
6300001	0
6400001	0
6500001	0
6600001	0
6700001	0
6800001	0
6900001	0
7000001	0
7100001	0
7200001	0
7300001	0
7400001	0
7500001	0
7600001	0
7700001	0
7800001	0
7900001	0
8000001	0
8100001	0
8200001	0
8300001	0
8400001	0
8500001	0
8600001	0
8700001	0
8800001	0
8900001	0
9000001	0
9100001	0
9200001	0
9300001	0
9400001	0
9500001	0
9600001	0
9700001	0
9800001	0
9900001	0
10000001	0
10100001	0
10200001	0
10300001	0
10400001	0
10500001	0
10600001	0
10700001	0
10800001	0
10900001	0
11000001	0
11100001	0
11200001	0
11300001	0
11400001	0
11500001	0
11600001	0
11700001	0
11800001	0
11900001	0
12000001	0
12100001	0
12200001	0
12300001	0
12400001	0
12500001	0
12600001	0
12700001	0
12800001	0
12900001	0
13000001	0
13100001	0
13200001	0
13300001	0
13400001	0
13500001	0
13600001	0
13700001	0
13800001	0
13900001	0
14000001	0
14100001	0
14200001	0
14300001	0
14400001	43.4
14500001	42.1
14600001	40.9
14700001	42
14800001	40.1
14900001	45.6
15000001	37
15100001	0
15200001	39.3
15300001	40.8
15400001	44.4
15500001	38.9
15600001	37.7
15700001	40.8
15800001	44.8
15900001	47.8
16000001	49.5
16100001	47.3
16200001	44
16300001	43.6
16400001	47.6
16500001	42.7
16600001	54
16700001	48.7
16800001	48.3
16900001	48.7
17000001	42.2
17100001	47.2
17200001	48.8
17300001	51.9
17400001	49.9
17500001	52.3
17600001	43.5
17700001	45.9
17800001	48.8
17900001	47.9
18000001	52.2
18100001	57
18200001	52.6
18300001	55.6
18400001	54
18500001	60.3
18600001	57.9
18700001	49.9
18800001	53.4
18900001	45
19000001	46.1
19100001	52
19200001	51.7
19300001	49.5
19400001	48.4
19500001	46.3
19600001	52.8
19700001	49.3
19800001	46.9
19900001	47.8
20000001	49.7
20100001	55
20200001	50.9
20300001	53.2
20400001	46.6
20500001	44.9
20600001	52.1
20700001	43.7
20800001	42.9
20900001	45.4
21000001	45.1
21100001	42.5
21200001	45.4
21300001	49.9
21400001	45.9
21500001	47.8
21600001	44.1
21700001	53.2
21800001	51.6
21900001	53.5
22000001	49
22100001	49
22200001	50.3
22300001	50
22400001	51.9
22500001	51.9
22600001	50.2
22700001	47.3
22800001	52.4
22900001	53.1
23000001	41
23100001	48.5
23200001	48.2
23300001	52.2
23400001	42.7
23500001	47.9
23600001	47.6
23700001	48.9
23800001	48.8
23900001	47.3
24000001	47.7
24100001	49.2
24200001	43.9
24300001	39.7
24400001	45.4
24500001	46.4
24600001	44.7
24700001	44.2
24800001	42.8
24900001	43.6
25000001	45.3
25100001	46.2
25200001	46.6
25300001	48.7
25400001	46.5
25500001	45.6
25600001	44.5
25700001	45
25800001	45.7
25900001	45.9
26000001	43.9
26100001	48.4
26200001	49.5
26300001	50.1
26400001	49.5
26500001	48.1
26600001	39.3
26700001	46.8
26800001	40.7
26900001	38.2
27000001	37.4
27100001	38.5
27200001	38.5
27300001	38.7
27400001	45.2
27500001	45.3
27600001	44.8
27700001	46.7
27800001	45.6
27900001	50.9
28000001	51.5
28100001	47
28200001	48.4
28300001	45.8
28400001	54.2
28500001	47.9
28600001	39.5
28700001	43.6
28800001	38.1
28900001	50.8
29000001	52.2
29100001	51.5
29200001	50.5
29300001	51.1
29400001	47.2
29500001	47.6
29600001	47.4
29700001	45.4
29800001	52
29900001	46.6
30000001	48.2
30100001	44.1
30200001	44.5
30300001	50.4
30400001	45.4
30500001	44.6
30600001	48.6
30700001	44
30800001	44
30900001	45.5
31000001	44.9
31100001	43.2
31200001	45.2
31300001	46.5
31400001	45.7
31500001	46.6
31600001	44.3
31700001	45.4
31800001	41.6
31900001	40.5
32000001	45.4
32100001	44
32200001	44.5
32300001	43
32400001	44.7
32500001	44.6
32600001	44.4
32700001	41.4
32800001	41.6
32900001	39.8
33000001	40.5
33100001	40.5
33200001	39.9
33300001	41.5
33400001	41.2
33500001	42.1
33600001	43.7
33700001	45.6
33800001	46.5
33900001	44
34000001	49.8
34100001	51.4
34200001	50.4
34300001	48.4
34400001	42.6
34500001	38.6
34600001	39.6
34700001	43.4
34800001	47
34900001	47.1
35000001	52
35100001	51
35200001	49.7
35300001	47.5
35400001	48.7
35500001	49.9
35600001	47.2
35700001	52.4
35800001	54.2
35900001	52.1
36000001	55.5
36100001	54.9
36200001	55
36300001	53.9
36400001	54.4
36500001	51.4
36600001	52.1
36700001	53.8
36800001	53.2
36900001	53.1
37000001	50
37100001	51.5
37200001	43.3
37300001	45.8
37400001	51.7
37500001	52.8
37600001	46.8
37700001	51
37800001	50.8
37900001	53
38000001	52.8
38100001	53.6
38200001	53.7
38300001	55.2
38400001	48.3
38500001	38.7
38600001	43.1
38700001	48.3
38800001	41.4
38900001	42.8
39000001	43.8
39100001	47.2
39200001	42.7
39300001	44.3
39400001	47
39500001	40.5
39600001	43.2
39700001	47.6
39800001	43.1
39900001	51.7
40000001	53
40100001	50.6
40200001	51.8
40300001	48.8
40400001	46.9
40500001	48
40600001	54.4
40700001	46.2
40800001	50.6
40900001	44.6
41000001	56.4
41100001	52.3
41200001	51.8
41300001	52.5
41400001	52.1
41500001	47.6
41600001	48.9
41700001	50.2
41800001	53.6
41900001	56.4
42000001	51.8
42100001	51.4
42200001	50.6
42300001	43.5
42400001	40.5
42500001	48.5
42600001	51.3
42700001	49.2
42800001	51.9
42900001	49
43000001	55.5
43100001	52.5
43200001	47.7
43300001	51.8
43400001	53.7
43500001	53
43600001	50.6
43700001	53
43800001	49.3
43900001	46.6
44000001	52.4
44100001	42.5
44200001	50.4
44300001	51.5
44400001	43.4
44500001	40.6
44600001	52.1
44700001	57.9
44800001	56.4
44900001	49.3
45000001	50.6
45100001	54.2
45200001	53
45300001	55.4
45400001	55.2
45500001	50.4
45600001	46.9
45700001	47.7
45800001	50.6
45900001	53.6
46000001	47.4
46100001	49.4
46200001	43.2
46300001	47.5
46400001	44.6
46500001	45.3
46600001	43.8
46700001	42.3
46800001	46.9
46900001	46.3
47000001	48.8
47100001	49.4
47200001	53.2
47300001	57.4
47400001	56.6
47500001	49.1
47600001	51.1
47700001	47.6
47800001	52.1
47900001	51.3
48000001	48.8
48100001	48.7
48200001	48.1
48300001	51.8
48400001	53.5
48500001	52.5
48600001	51.2
48700001	60.6
48800001	52.2
48900001	55.3
49000001	62.4
49100001	49.7
49200001	57.9
49300001	55.3
49400001	51.2
49500001	48.9
