variableStep chrom=chr13 span=100000
1	0
100001	0
200001	0
300001	0
400001	0
500001	0
600001	0
700001	0
800001	0
900001	0
1000001	0
1100001	0
1200001	0
1300001	0
1400001	0
1500001	0
1600001	0
1700001	0
1800001	0
1900001	0
2000001	0
2100001	0
2200001	0
2300001	0
2400001	0
2500001	0
2600001	0
2700001	0
2800001	0
2900001	0
3000001	0
3100001	0
3200001	0
3300001	0
3400001	0
3500001	0
3600001	0
3700001	0
3800001	0
3900001	0
4000001	0
4100001	0
4200001	0
4300001	0
4400001	0
4500001	0
4600001	0
4700001	0
4800001	0
4900001	0
5000001	0
5100001	0
5200001	0
5300001	0
5400001	0
5500001	0
5600001	0
5700001	0
5800001	0
5900001	0
6000001	0
6100001	0
6200001	0
6300001	0
6400001	0
6500001	0
6600001	0
6700001	0
6800001	0
6900001	0
7000001	0
7100001	0
7200001	0
7300001	0
7400001	0
7500001	0
7600001	0
7700001	0
7800001	0
7900001	0
8000001	0
8100001	0
8200001	0
8300001	0
8400001	0
8500001	0
8600001	0
8700001	0
8800001	0
8900001	0
9000001	0
9100001	0
9200001	0
9300001	0
9400001	0
9500001	0
9600001	0
9700001	0
9800001	0
9900001	0
10000001	0
10100001	0
10200001	0
10300001	0
10400001	0
10500001	0
10600001	0
10700001	0
10800001	0
10900001	0
11000001	0
11100001	0
11200001	0
11300001	0
11400001	0
11500001	0
11600001	0
11700001	0
11800001	0
11900001	0
12000001	0
12100001	0
12200001	0
12300001	0
12400001	0
12500001	0
12600001	0
12700001	0
12800001	0
12900001	0
13000001	0
13100001	0
13200001	0
13300001	0
13400001	0
13500001	0
13600001	0
13700001	0
13800001	0
13900001	0
14000001	0
14100001	0
14200001	0
14300001	0
14400001	0
14500001	0
14600001	0
14700001	0
14800001	0
14900001	0
15000001	0
15100001	0
15200001	0
15300001	0
15400001	0
15500001	0
15600001	0
15700001	0
15800001	0
15900001	0
16000001	0
16100001	0
16200001	0
16300001	0
16400001	0
16500001	0
16600001	0
16700001	0
16800001	0
16900001	0
17000001	0
17100001	0
17200001	0
17300001	0
17400001	0
17500001	0
17600001	0
17700001	0
17800001	0
17900001	37.5
18000001	39.2
18100001	41.4
18200001	44.9
18300001	38.4
18400001	44.1
18500001	44
18600001	45.1
18700001	38.1
18800001	41.5
18900001	38.3
19000001	42.5
19100001	39.7
19200001	44.4
19300001	43.4
19400001	39.2
19500001	40
19600001	45.2
19700001	44.4
19800001	45.9
19900001	44.3
20000001	40.4
20100001	42.6
20200001	39.7
20300001	40.5
20400001	45.4
20500001	45.1
20600001	42.8
20700001	41.8
20800001	42.7
20900001	40.7
21000001	39.2
21100001	41.6
21200001	42.2
21300001	43.5
21400001	42.1
21500001	42.1
21600001	40.2
21700001	39.4
21800001	37
21900001	37.9
22000001	36.7
22100001	39
22200001	38.3
22300001	40
22400001	45.1
22500001	39.4
22600001	39.9
22700001	39.2
22800001	41.2
22900001	42.1
23000001	40.8
23100001	42.7
23200001	40.2
23300001	39.6
23400001	43.8
23500001	43.7
23600001	43.7
23700001	44.9
23800001	44.1
23900001	42.4
24000001	42.2
24100001	46.5
24200001	40.5
24300001	39.8
24400001	42.3
24500001	41.4
24600001	44.4
24700001	39
24800001	41.6
24900001	42.6
25000001	39.7
25100001	40.4
25200001	40.7
25300001	42.5
25400001	43.7
25500001	42.1
25600001	40.4
25700001	38.9
25800001	37.6
25900001	44
26000001	39.9
26100001	42.6
26200001	44.2
26300001	44.9
26400001	47.4
26500001	40.7
26600001	41.7
26700001	43.2
26800001	46.1
26900001	43.6
27000001	39.5
27100001	39.2
27200001	46.4
27300001	42.8
27400001	46.2
27500001	43.3
27600001	39
27700001	39
27800001	41.2
27900001	41.1
28000001	44.6
28100001	39.9
28200001	43
28300001	39.6
28400001	40.3
28500001	40
28600001	39.4
28700001	40.5
28800001	41.3
28900001	46.2
29000001	44.7
29100001	41.6
29200001	38.4
29300001	41.3
29400001	44.1
29500001	44
29600001	44
29700001	39.2
29800001	44.6
29900001	43.3
30000001	40.6
30100001	42.4
30200001	45.5
30300001	45.9
30400001	42.4
30500001	45.7
30600001	42.2
30700001	40.5
30800001	41.6
30900001	38.5
31000001	39.2
31100001	38.6
31200001	38.8
31300001	39.7
31400001	40.1
31500001	38.5
31600001	38.5
31700001	40.3
31800001	39.3
31900001	39.5
32000001	39.9
32100001	36.5
32200001	37.1
32300001	42.2
32400001	41.9
32500001	40.6
32600001	40.7
32700001	40.2
32800001	40.5
32900001	37.6
33000001	37.7
33100001	39.7
33200001	38.9
33300001	37.9
33400001	38.2
33500001	38.8
33600001	38
33700001	37.9
33800001	39.9
33900001	39
34000001	40.5
34100001	38.5
34200001	39
34300001	38.5
34400001	36.6
34500001	33.1
34600001	33.4
34700001	35
34800001	34.7
34900001	35.9
35000001	35.6
35100001	42
35200001	40.9
35300001	40.9
35400001	40.9
35500001	38.5
35600001	38.6
35700001	38.5
35800001	38.8
35900001	39.1
36000001	38.8
36100001	40
36200001	40.2
36300001	41
36400001	38.1
36500001	38.8
36600001	37.6
36700001	37.7
36800001	37.4
36900001	36.2
37000001	35.5
37100001	35.6
37200001	34.5
37300001	35.9
37400001	35.3
37500001	36.6
37600001	35.9
37700001	36.3
37800001	35.2
37900001	35.8
38000001	36.2
38100001	38
38200001	37
38300001	38.1
38400001	38.5
38500001	38.2
38600001	38.3
38700001	38.5
38800001	39.4
38900001	39.2
39000001	39.6
39100001	34.9
39200001	37.8
39300001	38.8
39400001	39.5
39500001	41.5
39600001	43.5
39700001	41.5
39800001	43.3
39900001	44.1
40000001	41.5
40100001	43.4
40200001	42.2
40300001	40.2
40400001	38.2
40500001	41
40600001	39.9
40700001	40.5
40800001	38.4
40900001	43.8
41000001	41.9
41100001	36.6
41200001	35.9
41300001	37.4
41400001	39.4
41500001	39.8
41600001	37.4
41700001	37.4
41800001	41
41900001	39.8
42000001	41.6
42100001	39.4
42200001	39.5
42300001	39.3
42400001	41.1
42500001	38.7
42600001	41.6
42700001	40.4
42800001	40.3
42900001	37.4
43000001	37.9
43100001	38.4
43200001	39.6
43300001	36.9
43400001	40.7
43500001	39.2
43600001	42.5
43700001	43.8
43800001	44.8
43900001	38.4
44000001	39.8
44100001	43.1
44200001	43.6
44300001	44.6
44400001	39.2
44500001	43.4
44600001	38.6
44700001	42.3
44800001	45.5
44900001	41
45000001	44.1
45100001	41.8
45200001	44.1
45300001	43.6
45400001	37
45500001	38
45600001	40.1
45700001	37.8
45800001	41.6
45900001	40.4
46000001	41.3
46100001	39.3
46200001	38.1
46300001	38.9
46400001	38.6
46500001	37.3
46600001	37.8
46700001	37.9
46800001	36.9
46900001	37.8
47000001	39.1
47100001	39.8
47200001	39.9
47300001	41.1
47400001	39.2
47500001	41
47600001	40.9
47700001	39.3
47800001	35.7
47900001	38.4
48000001	41.4
48100001	39.6
48200001	41.1
48300001	40.5
48400001	37.5
48500001	37.4
48600001	39.2
48700001	41.4
48800001	37.9
48900001	39.1
49000001	43.6
49100001	43
49200001	40.9
49300001	42.6
49400001	41.5
49500001	37.7
49600001	40.3
49700001	39.2
49800001	41
49900001	38.3
50000001	38.9
50100001	40.5
50200001	39.7
50300001	39
50400001	40.5
50500001	43.1
50600001	42.4
50700001	44.2
50800001	37.3
50900001	39.5
51000001	40.3
51100001	38.8
51200001	45
51300001	44.4
51400001	44.3
51500001	40.9
51600001	41.3
51700001	39.5
51800001	41.7
51900001	39.6
52000001	40.8
52100001	38.8
52200001	44.3
52300001	44.6
52400001	43
52500001	40.6
52600001	40
52700001	40.4
52800001	38.2
52900001	38.3
53000001	36
53100001	34.6
53200001	35.9
53300001	34.7
53400001	35.6
53500001	35.8
53600001	36.1
53700001	35.9
53800001	35.8
53900001	35.1
54000001	34.6
54100001	37.8
54200001	35.7
54300001	35.7
54400001	36.2
54500001	34.4
54600001	34.4
54700001	34.1
54800001	32.9
54900001	34.4
55000001	35
55100001	34.8
55200001	32.9
55300001	34.9
55400001	33.8
55500001	35
55600001	33.9
55700001	33.1
55800001	34.8
55900001	34.4
56000001	32.7
56100001	33.3
56200001	34.7
56300001	34.2
56400001	33.8
56500001	32.7
56600001	40.5
56700001	33.5
56800001	33.4
56900001	34.4
57000001	34.4
57100001	33.8
57200001	34.5
57300001	35.1
57400001	33.9
57500001	33.7
57600001	35
57700001	35.4
57800001	34.4
57900001	36
58000001	35.7
58100001	35.8
58200001	34.9
58300001	36
58400001	36.3
58500001	37
58600001	37.2
58700001	38.8
58800001	39.1
58900001	39.9
59000001	38.8
59100001	38.5
59200001	35.9
59300001	34.8
59400001	35.5
59500001	36.1
59600001	38.2
59700001	39.9
59800001	38.1
59900001	36.3
60000001	38.7
60100001	38.7
60200001	37.4
60300001	37.3
60400001	36.3
60500001	36.7
60600001	35.9
60700001	35.9
60800001	35.8
60900001	34
61000001	34.4
61100001	36
61200001	34.1
61300001	34.7
61400001	33
61500001	34.2
61600001	36.4
61700001	34.4
61800001	34.8
61900001	33.6
62000001	33.7
62100001	33.3
62200001	33.2
62300001	33.4
62400001	34.1
62500001	32.9
62600001	34.2
62700001	34.7
62800001	34.2
62900001	34.7
63000001	35.5
63100001	33.4
63200001	36.2
63300001	35.9
63400001	33.6
63500001	34.6
63600001	34.5
63700001	33.6
63800001	34
63900001	33.3
64000001	33.7
64100001	34.8
64200001	34.3
64300001	34.5
64400001	34
64500001	34.4
64600001	34.7
64700001	34.5
64800001	34.7
64900001	33.6
65000001	34.4
65100001	33.7
65200001	34.3
65300001	35.3
65400001	35
65500001	33.9
65600001	36.4
65700001	37.2
65800001	35.1
65900001	34.3
66000001	34.7
66100001	34.8
66200001	34.8
66300001	34.1
66400001	34.4
66500001	35
66600001	34.4
66700001	35.7
66800001	35.9
66900001	34.7
67000001	33.9
67100001	35
67200001	34.8
67300001	36.4
67400001	33.2
67500001	35.4
67600001	34.8
67700001	34.9
67800001	34.2
67900001	33.8
68000001	34.1
68100001	32.6
68200001	32.9
68300001	34.3
68400001	33.2
68500001	33
68600001	33.6
68700001	33.3
68800001	34.2
68900001	35.1
69000001	35.5
69100001	34.2
69200001	35
69300001	34.2
69400001	32.7
69500001	34.3
69600001	34.2
69700001	35.4
69800001	34.1
69900001	35
70000001	33.6
70100001	33.7
70200001	33.6
70300001	34.5
70400001	34
70500001	35.5
70600001	35.1
70700001	34.6
70800001	34.7
70900001	33.8
71000001	32.3
71100001	34.4
71200001	34.7
71300001	36
71400001	36.4
71500001	36.4
71600001	36.7
71700001	35.9
71800001	35.9
71900001	37.1
72000001	38.1
72100001	38.3
72200001	36.6
72300001	36
72400001	38.5
72500001	41.2
72600001	41.1
72700001	38.9
72800001	38.5
72900001	39.2
73000001	39.1
73100001	39.7
73200001	38.6
73300001	36.6
73400001	37.1
73500001	37.1
73600001	38.9
73700001	38.1
73800001	37.4
73900001	37
74000001	37.1
74100001	37.6
74200001	38.3
74300001	36.6
74400001	37.2
74500001	36.6
74600001	39.2
74700001	38.5
74800001	38.4
74900001	39.8
75000001	37.3
75100001	39.4
75200001	38.5
75300001	38
75400001	36.4
75500001	35.5
75600001	37
75700001	36.4
75800001	36.4
75900001	36.5
76000001	37.5
76100001	38.8
76200001	39.9
76300001	39.9
76400001	41.2
76500001	36.2
76600001	35.7
76700001	36.2
76800001	38.1
76900001	38.5
77000001	38.6
77100001	37.8
77200001	37.7
77300001	37
77400001	37.5
77500001	37.1
77600001	35.8
77700001	35.2
77800001	37.3
77900001	37.5
78000001	39.6
78100001	38.1
78200001	37.1
78300001	38.2
78400001	37.7
78500001	37.6
78600001	37.3
78700001	38.3
78800001	35.4
78900001	37.3
79000001	38
79100001	37.1
79200001	38.4
79300001	39.1
79400001	37.7
79500001	38.2
79600001	39.6
79700001	39.4
79800001	39.9
79900001	37.6
80000001	36.1
80100001	37
80200001	34.5
80300001	35.2
80400001	35.4
80500001	34.9
80600001	35.6
80700001	35
80800001	35
80900001	34.6
81000001	34.6
81100001	34.1
81200001	34.6
81300001	35.2
81400001	33.5
81500001	34.7
81600001	34
81700001	36
81800001	34.2
81900001	33.1
82000001	32.8
82100001	33.4
82200001	35.3
82300001	34.3
82400001	35
82500001	33.3
82600001	34
82700001	34.1
82800001	34.7
82900001	34.4
83000001	35
83100001	35.4
83200001	34.8
83300001	35.1
83400001	35.2
83500001	34.1
83600001	35.4
83700001	33.5
83800001	35.3
83900001	34.9
84000001	34.6
84100001	34.2
84200001	34.4
84300001	35.6
84400001	33.9
84500001	35.1
84600001	36.2
84700001	33.7
84800001	35.5
84900001	35.5
85000001	35.6
85100001	34.7
85200001	33.7
85300001	35
85400001	33.5
85500001	34.5
85600001	33.1
85700001	34
85800001	35
85900001	33.3
86000001	34.2
86100001	34.6
86200001	36.7
86300001	34.5
86400001	33.8
86500001	33.2
86600001	34.1
86700001	34.6
86800001	34.7
86900001	33.6
87000001	34
87100001	34.4
87200001	34.1
87300001	34.6
87400001	34.3
87500001	35.3
87600001	35.3
87700001	35.3
87800001	34.3
87900001	35.7
88000001	34.4
88100001	34.6
88200001	32.8
88300001	33.7
88400001	33.4
88500001	34.4
88600001	34.2
88700001	34.1
88800001	34.7
88900001	35.3
89000001	34.5
89100001	35.5
89200001	33.6
89300001	35.5
89400001	34.9
89500001	33.7
89600001	35.3
89700001	36.5
89800001	35.8
89900001	35.6
90000001	35.9
90100001	36.9
90200001	36.3
90300001	36.5
90400001	36.4
90500001	36.5
90600001	37.8
90700001	36.9
90800001	38
90900001	36.1
91000001	36.7
91100001	36.2
91200001	35.7
91300001	35.2
91400001	35.6
91500001	35.3
91600001	35.7
91700001	35.8
91800001	35.4
91900001	35.5
92000001	35.4
92100001	35.6
92200001	35.9
92300001	35.2
92400001	37.4
92500001	37.1
92600001	37.3
92700001	36.8
92800001	36.8
92900001	37.2
93000001	35.9
93100001	35.3
93200001	36.7
93300001	36.5
93400001	36.3
93500001	37.1
93600001	38.1
93700001	39.3
93800001	40
93900001	41.5
94000001	39
94100001	41.7
94200001	39.4
94300001	39.7
94400001	40.2
94500001	40.7
94600001	42.7
94700001	45.9
94800001	43.9
94900001	41.9
95000001	41.4
95100001	40
95200001	38.1
95300001	36.6
95400001	37.1
95500001	39.1
95600001	38.8
95700001	37.9
95800001	38.1
95900001	38.4
96000001	36.8
96100001	37.4
96200001	38.4
96300001	40.3
96400001	38.6
96500001	40.5
96600001	40.4
96700001	40.8
96800001	38.5
96900001	39.5
97000001	41.2
97100001	40.8
97200001	39.8
97300001	42.2
97400001	41.8
97500001	44.9
97600001	43.7
97700001	43.5
97800001	45.9
97900001	47
98000001	44.3
98100001	45
98200001	44
98300001	41.2
98400001	42.1
98500001	43.1
98600001	43.7
98700001	40.3
98800001	46.8
98900001	41.3
99000001	43.4
99100001	43.4
99200001	43.4
99300001	44.5
99400001	46.8
99500001	41.6
99600001	39
99700001	37.9
99800001	39.6
99900001	44.7
100000001	44
100100001	43.8
100200001	42
100300001	40.5
100400001	40.8
100500001	39.4
100600001	38.1
100700001	37.5
100800001	37.1
100900001	37
101000001	35.9
101100001	36.1
101200001	36.6
101300001	37.3
101400001	37.1
101500001	37.5
101600001	37.7
101700001	37.8
101800001	37.6
101900001	38.7
102000001	38.8
102100001	39.3
102200001	40.6
102300001	39.3
102400001	39.4
102500001	39.1
102600001	38.9
102700001	37.2
102800001	38
102900001	36
103000001	35.9
103100001	36.5
103200001	36.3
103300001	34
103400001	35.4
103500001	35.7
103600001	35.6
103700001	36.7
103800001	36
103900001	35.4
104000001	36.8
104100001	36.1
104200001	36.9
104300001	35
104400001	35.8
104500001	35.6
104600001	34.7
104700001	37.1
104800001	35.6
104900001	36.3
105000001	36.6
105100001	35.9
105200001	37.4
105300001	38.6
105400001	39.1
105500001	39.4
105600001	38.2
105700001	39.4
105800001	41.4
105900001	41.5
106000001	41.1
106100001	39.1
106200001	40.1
106300001	40.7
106400001	38.2
106500001	38.4
106600001	38
106700001	37.5
106800001	37.5
106900001	37
107000001	36.5
107100001	37.9
107200001	36.9
107300001	39
107400001	36.3
107500001	36.9
107600001	38.3
107700001	36.3
107800001	38
107900001	38.6
108000001	38.4
108100001	38.2
108200001	37.5
108300001	38.8
108400001	37.4
108500001	39.9
108600001	39.5
108700001	41.3
108800001	41.5
108900001	40.2
109000001	40.4
109100001	43.2
109200001	43.8
109300001	40.7
109400001	42.4
109500001	43.2
109600001	45.2
109700001	46.2
109800001	45.2
109900001	50.9
110000001	48.7
110100001	45.7
110200001	44.5
110300001	44
110400001	43.4
110500001	44.4
110600001	44.1
110700001	47.2
110800001	47.2
110900001	49
111000001	47.2
111100001	49.9
111200001	0
111300001	0
111400001	0
111500001	46.3
111600001	47.8
111700001	47.7
111800001	49.4
111900001	47.9
112000001	47.2
112100001	44.7
112200001	42.4
112300001	47.4
112400001	50.7
112500001	51
112600001	51.8
112700001	56.8
112800001	50.6
112900001	46.2
113000001	51
113100001	51.1
113200001	48.9
113300001	52.3
113400001	50.7
113500001	52.7
113600001	52.6
113700001	58.1
113800001	56.5
113900001	50.1
114000001	43.9
