variableStep chrom=chr4 span=100000
1	41.2
100001	41
200001	38.8
300001	42.5
400001	41.7
500001	49.4
600001	57.2
700001	54.9
800001	57.8
900001	57.9
1000001	55
1100001	49.4
1200001	53.2
1300001	57.8
1400001	54.3
1500001	59
1600001	54.2
1700001	61.7
1800001	49.8
1900001	48.2
2000001	51.2
2100001	42.8
2200001	51.9
2300001	53.7
2400001	50.8
2500001	46.5
2600001	45
2700001	54.8
2800001	46.2
2900001	48.2
3000001	45.8
3100001	44.9
3200001	53.2
3300001	49.5
3400001	60.1
3500001	52.7
3600001	55.6
3700001	56.5
3800001	52
3900001	48.9
4000001	46.2
4100001	46.5
4200001	45.2
4300001	45.8
4400001	49
4500001	40.3
4600001	45.2
4700001	45.9
4800001	47.2
4900001	48
5000001	44.5
5100001	41.4
5200001	43.3
5300001	39.4
5400001	44.9
5500001	45
5600001	44.1
5700001	46.2
5800001	48.6
5900001	48.7
6000001	50.6
6100001	48.5
6200001	49
6300001	54.1
6400001	52.1
6500001	49.6
6600001	52.4
6700001	49.5
6800001	45
6900001	48.6
7000001	49.3
7100001	50.9
7200001	52.5
7300001	54.2
7400001	52
7500001	55.9
7600001	50.5
7700001	55.4
7800001	48.1
7900001	45.6
8000001	53
8100001	53.8
8200001	56.7
8300001	53.7
8400001	51
8500001	50.9
8600001	54
8700001	50.8
8800001	0
8900001	46.9
9000001	41
9100001	46.6
9200001	45.3
9300001	48.1
9400001	44.1
9500001	45
9600001	47.5
9700001	49.3
9800001	44.4
9900001	43.1
10000001	41.2
10100001	41.6
10200001	41.5
10300001	40.4
10400001	38.7
10500001	40.1
10600001	40
10700001	39
10800001	39.5
10900001	40.8
11000001	40.9
11100001	39.1
11200001	39.1
11300001	36.8
11400001	37.5
11500001	37.2
11600001	36.7
11700001	36.4
11800001	36.4
11900001	36.7
12000001	37.8
12100001	36.4
12200001	38.1
12300001	37.5
12400001	37.9
12500001	38.5
12600001	39.1
12700001	40.5
12800001	40.1
12900001	39.7
13000001	36.2
13100001	41.9
13200001	39.7
13300001	40
13400001	40.1
13500001	41
13600001	39.4
13700001	39.6
13800001	37.3
13900001	38.2
14000001	38.9
14100001	37.5
14200001	38.9
14300001	39.9
14400001	41.6
14500001	37.7
14600001	36
14700001	40.4
14800001	39.2
14900001	40.6
15000001	40.6
15100001	40.2
15200001	37.9
15300001	42.7
15400001	40.2
15500001	44
15600001	42.7
15700001	41.9
15800001	39.7
15900001	39.9
16000001	40.8
16100001	40.7
16200001	39.9
16300001	40.2
16400001	40
16500001	40.1
16600001	41.3
16700001	39.7
16800001	40.3
16900001	39.9
17000001	42.9
17100001	44.4
17200001	44.6
17300001	43.6
17400001	36.4
17500001	35.5
17600001	37.9
17700001	38.1
17800001	39
17900001	38
18000001	38.2
18100001	37.7
18200001	38.5
18300001	36.4
18400001	36.9
18500001	35.7
18600001	37.6
18700001	35.4
18800001	36.3
18900001	35.5
19000001	36
19100001	36.4
19200001	36
19300001	36.8
19400001	37.1
19500001	37.4
19600001	36.4
19700001	36.3
19800001	36.7
19900001	35.6
20000001	35.7
20100001	35.7
20200001	39.7
20300001	38.4
20400001	38.2
20500001	37.8
20600001	38.1
20700001	38.1
20800001	37.6
20900001	37.3
21000001	37.7
21100001	37
21200001	37.3
21300001	37.1
21400001	37.4
21500001	38.6
21600001	38.3
21700001	37
21800001	38.6
21900001	38.8
22000001	38.1
22100001	40
22200001	39.1
22300001	38.1
22400001	38.9
22500001	38.4
22600001	37
22700001	37.1
22800001	36
22900001	36.4
23000001	36.6
23100001	37
23200001	36.7
23300001	39.8
23400001	37.8
23500001	39
23600001	39.8
23700001	40.9
23800001	41.1
23900001	40.7
24000001	42.7
24100001	39.8
24200001	42.4
24300001	41.2
24400001	43.8
24500001	43.9
24600001	44.3
24700001	40.6
24800001	41.1
24900001	40.6
25000001	42.1
25100001	44.8
25200001	46.4
25300001	42.9
25400001	44.3
25500001	45
25600001	45.3
25700001	42.8
25800001	42.4
25900001	40.3
26000001	40.8
26100001	40.8
26200001	36.3
26300001	37.4
26400001	41.1
26500001	36.5
26600001	39.7
26700001	41.9
26800001	39.2
26900001	40.4
27000001	36.3
27100001	35.3
27200001	35.1
27300001	36.1
27400001	34.8
27500001	36
27600001	35.6
27700001	34.9
27800001	35.9
27900001	35.1
28000001	36.5
28100001	36
28200001	35.3
28300001	34.9
28400001	36
28500001	34.7
28600001	35.2
28700001	34.5
28800001	33.7
28900001	34.3
29000001	34.2
29100001	33.3
29200001	34.6
29300001	35.2
29400001	34.7
29500001	34
29600001	34.7
29700001	35.6
29800001	35.1
29900001	34.7
30000001	33.9
30100001	36.4
30200001	35.8
30300001	37.3
30400001	36.2
30500001	34.6
30600001	35
30700001	36
30800001	36.5
30900001	35
31000001	35.5
31100001	34.8
31200001	34.8
31300001	34.2
31400001	34.4
31500001	34.8
31600001	36.2
31700001	35.7
31800001	35.2
31900001	35.1
32000001	33.7
32100001	33.7
32200001	34.9
32300001	34.7
32400001	34.8
32500001	35
32600001	34.8
32700001	34.8
32800001	35.3
32900001	35.2
33000001	34
33100001	35.1
33200001	35.1
33300001	35
33400001	34.7
33500001	34.1
33600001	35
33700001	34
33800001	34.1
33900001	35.1
34000001	34.4
34100001	35
34200001	33.3
34300001	35.1
34400001	34.4
34500001	33.7
34600001	33.7
34700001	34.5
34800001	35.1
34900001	34.7
35000001	35.2
35100001	34.2
35200001	33.5
35300001	34.8
35400001	35.4
35500001	36.8
35600001	35.5
35700001	35.1
35800001	35.5
35900001	37.1
36000001	37.1
36100001	37
36200001	35.9
36300001	37.3
36400001	35.9
36500001	37.5
36600001	36.9
36700001	37
36800001	37.7
36900001	38.6
37000001	39.3
37100001	39.6
37200001	42
37300001	42.7
37400001	41.6
37500001	41.6
37600001	42.6
37700001	43.1
37800001	43.8
37900001	42.4
38000001	40.8
38100001	41
38200001	41.9
38300001	42.2
38400001	42.5
38500001	41.6
38600001	40.4
38700001	37.8
38800001	38.9
38900001	40.1
39000001	39.8
39100001	42.3
39200001	41.8
39300001	43.6
39400001	43.4
39500001	38.9
39600001	44.5
39700001	42.4
39800001	40.9
39900001	44.4
40000001	44
40100001	41.9
40200001	44.3
40300001	44.4
40400001	39.7
40500001	44.9
40600001	43.3
40700001	40.6
40800001	40.2
40900001	42.1
41000001	41.8
41100001	41.2
41200001	39.9
41300001	39.9
41400001	41
41500001	41.4
41600001	39.3
41700001	37.2
41800001	42.1
41900001	43.2
42000001	43.2
42100001	38.2
42200001	37.7
42300001	38.3
42400001	37.6
42500001	37.4
42600001	37.6
42700001	37.4
42800001	36.2
42900001	35.7
43000001	36.1
43100001	34.9
43200001	35.2
43300001	36.3
43400001	34.7
43500001	36
43600001	35.7
43700001	35.6
43800001	36.5
43900001	35.7
44000001	34.5
44100001	36.9
44200001	36
44300001	36.2
44400001	36.3
44500001	37
44600001	36
44700001	35.2
44800001	35.4
44900001	35.1
45000001	34.6
45100001	35.3
45200001	36.3
45300001	36
45400001	34.2
45500001	35.1
45600001	35.7
45700001	33.5
45800001	35
45900001	34.8
46000001	36
46100001	36.2
46200001	35.9
46300001	36.9
46400001	36.9
46500001	36.8
46600001	35.4
46700001	36.7
46800001	35.7
46900001	36.7
47000001	37.6
47100001	37.3
47200001	37.8
47300001	38.8
47400001	37.8
47500001	36.9
47600001	38.6
47700001	40
47800001	40.2
47900001	40.9
48000001	38.5
48100001	39.8
48200001	36
48300001	35.7
48400001	40.2
48500001	39.6
48600001	41.9
48700001	39.3
48800001	41.7
48900001	45.5
49000001	51.2
49100001	0
49200001	43.7
49300001	41.5
49400001	0
49500001	0
49600001	0
49700001	0
49800001	0
49900001	0
50000001	0
50100001	0
50200001	0
50300001	0
50400001	0
50500001	0
50600001	0
50700001	0
50800001	0
50900001	0
51000001	0
51100001	0
51200001	0
51300001	0
51400001	0
51500001	0
51600001	0
51700001	0
51800001	0
51900001	0
52000001	0
52100001	0
52200001	0
52300001	40.2
52400001	40.3
52500001	40.3
52600001	39.8
52700001	39.6
52800001	39.2
52900001	41.1
53000001	39.6
53100001	41.5
53200001	41.5
53300001	42.4
53400001	43.7
53500001	41
53600001	38
53700001	38.4
53800001	39.3
53900001	38
54000001	39.9
54100001	41.5
54200001	41.3
54300001	40.8
54400001	41.5
54500001	38.9
54600001	40.9
54700001	45
54800001	42
54900001	41
55000001	40.9
55100001	41.9
55200001	41.3
55300001	39.7
55400001	40.1
55500001	40.1
55600001	39.9
55700001	38.8
55800001	39.9
55900001	41.9
56000001	37
56100001	39.4
56200001	39.1
56300001	38.3
56400001	37.8
56500001	38.7
56600001	41
56700001	39.8
56800001	42.9
56900001	38.8
57000001	40.3
57100001	41.1
57200001	43.9
57300001	44.3
57400001	44.6
57500001	41.9
57600001	42.7
57700001	42.8
57800001	40.3
57900001	39.5
58000001	38.8
58100001	38.1
58200001	38.4
58300001	36.3
58400001	35.5
58500001	36.4
58600001	35.9
58700001	35.8
58800001	36.5
58900001	36.6
59000001	36
59100001	34.9
59200001	35.1
59300001	33.4
59400001	34.1
59500001	33.3
59600001	34.6
59700001	35.8
59800001	34
59900001	34.8
60000001	35
60100001	35.7
60200001	34.3
60300001	33.9
60400001	35.6
60500001	35.1
60600001	33.1
60700001	34.6
60800001	34.6
60900001	35.7
61000001	34.8
61100001	35.3
61200001	35.4
61300001	35.6
61400001	34.4
61500001	35.8
61600001	36.2
61700001	36.3
61800001	34.9
61900001	35.1
62000001	34.1
62100001	35.1
62200001	35.3
62300001	37
62400001	36.9
62500001	33.9
62600001	34.9
62700001	35.8
62800001	36.3
62900001	36.2
63000001	36.6
63100001	35.1
63200001	33.9
63300001	34.5
63400001	34
63500001	34.7
63600001	35.6
63700001	36.2
63800001	34.6
63900001	33.1
64000001	34.4
64100001	35.7
64200001	33.3
64300001	32.6
64400001	34
64500001	35.1
64600001	33.8
64700001	35.2
64800001	34.1
64900001	34.6
65000001	33.4
65100001	35.1
65200001	36
65300001	34.7
65400001	34.2
65500001	35
65600001	35.5
65700001	35.1
65800001	34.3
65900001	33.1
66000001	34
66100001	32.9
66200001	34.6
66300001	36.4
66400001	34.4
66500001	34.5
66600001	34.8
66700001	34.6
66800001	34.4
66900001	34.9
67000001	34.7
67100001	35
67200001	35.8
67300001	35
67400001	35.8
67500001	36.8
67600001	36
67700001	37.1
67800001	40
67900001	38.4
68000001	37.1
68100001	36.4
68200001	37.6
68300001	36.4
68400001	36.8
68500001	37.4
68600001	36
68700001	36.7
68800001	36.5
68900001	39.3
69000001	37
69100001	37.7
69200001	36.3
69300001	0
69400001	38.2
69500001	36.8
69600001	35.7
69700001	35.4
69800001	35.5
69900001	35.2
70000001	35.1
70100001	35.2
70200001	35.8
70300001	34.4
70400001	36.3
70500001	35.4
70600001	36.6
70700001	35.9
70800001	34.5
70900001	34.9
71000001	33.5
71100001	34.8
71200001	36.3
71300001	38.4
71400001	38.2
71500001	35.7
71600001	0
71700001	39.7
71800001	39.3
71900001	43.3
72000001	39.7
72100001	39.3
72200001	39.1
72300001	39.3
72400001	37.3
72500001	36.4
72600001	36.5
72700001	38
72800001	37.8
72900001	35.8
73000001	35.9
73100001	36.2
73200001	37.4
73300001	36.3
73400001	35.4
73500001	35.5
73600001	37.1
73700001	37.6
73800001	37.9
73900001	38.4
74000001	38.8
74100001	38.9
74200001	35.4
74300001	38.1
74400001	37.9
74500001	36.2
74600001	37.9
74700001	38
74800001	37.2
74900001	37.3
75000001	38.1
75100001	37.6
75200001	36.3
75300001	35.9
75400001	37.2
75500001	37.4
75600001	37.5
75700001	36.7
75800001	38.1
75900001	38.2
76000001	38.7
76100001	40.6
76200001	39.2
76300001	38.7
76400001	39.6
76500001	40
76600001	38
76700001	39.6
76800001	42
76900001	38.7
77000001	43.3
77100001	40.6
77200001	38.6
77300001	41.6
77400001	39.6
77500001	40.1
77600001	41.2
77700001	40.9
77800001	42.1
77900001	41
78000001	42.4
78100001	39.7
78200001	41.5
78300001	43.4
78400001	43.2
78500001	42.2
78600001	41
78700001	41.1
78800001	37.2
78900001	38.6
79000001	37.8
79100001	39
79200001	38.4
79300001	39.7
79400001	40.6
79500001	39.7
79600001	40.5
79700001	40.1
79800001	39.6
79900001	36.6
80000001	36.3
80100001	36.7
80200001	36
80300001	37.7
80400001	37.5
80500001	35.1
80600001	35.5
80700001	36
80800001	36.1
80900001	35
81000001	34.9
81100001	35.5
81200001	37.1
81300001	39.9
81400001	37.8
81500001	37.7
81600001	35.5
81700001	34.4
81800001	36.2
81900001	34.7
82000001	35.7
82100001	37.1
82200001	37.3
82300001	38.1
82400001	37.9
82500001	39.6
82600001	39.3
82700001	38.4
82800001	38.9
82900001	39.3
83000001	39
83100001	39.7
83200001	39
83300001	38.4
83400001	40.3
83500001	43
83600001	42
83700001	43.1
83800001	43
83900001	42.1
84000001	37.9
84100001	41.2
84200001	41.6
84300001	42.8
84400001	40.9
84500001	40.4
84600001	42.4
84700001	40
84800001	37.5
84900001	37.5
85000001	38.1
85100001	37.3
85200001	37.1
85300001	38.9
85400001	37.6
85500001	38
85600001	40.9
85700001	39.2
85800001	38.4
85900001	35.6
86000001	36.8
86100001	38.4
86200001	37.7
86300001	37.4
86400001	36.3
86500001	37.9
86600001	37.3
86700001	35.5
86800001	37.7
86900001	37.1
87000001	36.8
87100001	36.9
87200001	36
87300001	36.5
87400001	37
87500001	38.1
87600001	39.3
87700001	36.6
87800001	35.7
87900001	38.7
88000001	42.8
88100001	41.8
88200001	40
88300001	38.2
88400001	40
88500001	40.4
88600001	39.5
88700001	38
88800001	39.6
88900001	38
89000001	39.7
89100001	40.1
89200001	40.5
89300001	41.8
89400001	41
89500001	41
89600001	39.8
89700001	39.3
89800001	39.3
89900001	36.8
90000001	38.7
90100001	37.5
90200001	39.7
90300001	38.1
90400001	38.3
90500001	37.8
90600001	37.2
90700001	36.7
90800001	36.3
90900001	36.6
91000001	34.1
91100001	36.9
91200001	36.3
91300001	35.9
91400001	34.4
91500001	35.9
91600001	35.3
91700001	34.7
91800001	35.4
91900001	35.7
92000001	34
92100001	34.5
92200001	35.9
92300001	36
92400001	34.5
92500001	35
92600001	34.4
92700001	35.7
92800001	35.4
92900001	35.7
93000001	34.8
93100001	36.7
93200001	36.4
93300001	35.6
93400001	35.3
93500001	35
93600001	33.4
93700001	33.6
93800001	34.2
93900001	34.5
94000001	34.5
94100001	33.9
94200001	34.8
94300001	34.3
94400001	34.9
94500001	34.6
94600001	35.4
94700001	36.6
94800001	36.2
94900001	38.5
95000001	35.6
95100001	37
95200001	38.5
95300001	37.8
95400001	37.9
95500001	37.7
95600001	37.1
95700001	36.5
95800001	39.6
95900001	37.1
96000001	36.9
96100001	36.3
96200001	36.3
96300001	40.2
96400001	37.6
96500001	36.5
96600001	35.8
96700001	36.6
96800001	36.8
96900001	36.5
97000001	35.5
97100001	36.5
97200001	34.9
97300001	34.7
97400001	35
97500001	35.5
97600001	36.2
97700001	35.7
97800001	34.4
97900001	34.6
98000001	36.4
98100001	34.9
98200001	36
98300001	36
98400001	36.1
98500001	37.3
98600001	34
98700001	34.4
98800001	35.5
98900001	36
99000001	36.2
99100001	37.1
99200001	35.6
99300001	38.2
99400001	36.4
99500001	37
99600001	42.4
99700001	41.8
99800001	40.2
99900001	39.3
100000001	39.3
100100001	39.7
100200001	39.4
100300001	39
100400001	37.6
100500001	38
100600001	37.6
100700001	38.1
100800001	39
100900001	40.6
101000001	36.7
101100001	38.9
101200001	38.5
101300001	37.8
101400001	38.1
101500001	36
101600001	35.3
101700001	36.5
101800001	35.7
101900001	36.7
102000001	37
102100001	37.3
102200001	35.6
102300001	35.1
102400001	37.3
102500001	37.3
102600001	37
102700001	37.7
102800001	35.7
102900001	36.5
103000001	35.1
103100001	35.1
103200001	36.9
103300001	39.9
103400001	37.9
103500001	38.3
103600001	37.6
103700001	39.1
103800001	39.6
103900001	38.5
104000001	37.9
104100001	37.3
104200001	36.5
104300001	37.5
104400001	37
104500001	37.1
104600001	38
104700001	35.7
104800001	35.9
104900001	35.1
105000001	36.3
105100001	35.3
105200001	34.5
105300001	34.8
105400001	34.5
105500001	35
105600001	35.6
105700001	36.6
105800001	36.6
105900001	35.9
106000001	36.4
106100001	37.7
106200001	37.9
106300001	36.1
106400001	37.9
106500001	36.3
106600001	37.8
106700001	36.6
106800001	35.9
106900001	36.1
107000001	37.5
107100001	38.8
107200001	37.9
107300001	34.1
107400001	35.4
107500001	36.3
107600001	37.9
107700001	37.1
107800001	35.7
107900001	34.8
108000001	36.4
108100001	35.9
108200001	36.2
108300001	35.5
108400001	36.5
108500001	38.4
108600001	36.8
108700001	38
108800001	40.1
108900001	39.2
109000001	38.2
109100001	41.6
109200001	39.3
109300001	40.9
109400001	39.6
109500001	41.4
109600001	38.9
109700001	40.4
109800001	40.1
109900001	39.5
110000001	36.7
110100001	38.3
110200001	36.4
110300001	36.3
110400001	39
110500001	40.8
110600001	37.8
110700001	41.4
110800001	40.5
110900001	38.4
111000001	38.9
111100001	39.5
111200001	39
111300001	42.4
111400001	40.4
111500001	39.9
111600001	37.4
111700001	42
111800001	37
111900001	36.3
112000001	35.4
112100001	35.5
112200001	37
112300001	35.8
112400001	34.8
112500001	35.9
112600001	34.8
112700001	35.5
112800001	34.8
112900001	36.1
113000001	35.7
113100001	37.3
113200001	38.7
113300001	38.2
113400001	39.7
113500001	40.3
113600001	40.2
113700001	38.3
113800001	42.2
113900001	41.2
114000001	37.4
114100001	37
114200001	36.2
114300001	36.4
114400001	37
114500001	38.4
114600001	36.2
114700001	36.4
114800001	35
114900001	37.7
115000001	36.1
115100001	37.3
115200001	36.5
115300001	36.1
115400001	35.3
115500001	36.9
115600001	36
115700001	37.1
115800001	36.1
115900001	35.3
116000001	34.4
116100001	34.4
116200001	34
116300001	34.2
116400001	33.8
116500001	35.2
116600001	33.8
116700001	34
116800001	33.5
116900001	33.9
117000001	34.7
117100001	35
117200001	33.5
117300001	34.6
117400001	34.7
117500001	34
117600001	35
117700001	34.4
117800001	35.1
117900001	34.4
118000001	33.5
118100001	33.7
118200001	35.7
118300001	34.4
118400001	33.7
118500001	33.8
118600001	34.5
118700001	35.5
118800001	35.6
118900001	35.5
119000001	37.2
119100001	36.4
119200001	35.9
119300001	36.5
119400001	37.6
119500001	40.7
119600001	36.1
119700001	43.9
119800001	37.9
119900001	39.1
120000001	37.8
120100001	39.4
120200001	37.7
120300001	37.4
120400001	37
120500001	43.4
120600001	36
120700001	37.5
120800001	36.6
120900001	36.8
121000001	36.4
121100001	36.9
121200001	36.3
121300001	36.6
121400001	35.4
121500001	35.8
121600001	36.6
121700001	36.2
121800001	37.6
121900001	36.8
122000001	38.4
122100001	37.8
122200001	37.4
122300001	38.1
122400001	37.7
122500001	38.4
122600001	37.4
122700001	38
122800001	39.5
122900001	38.5
123000001	37.9
123100001	38.1
123200001	38.8
123300001	34.3
123400001	34.7
123500001	36.6
123600001	38.5
123700001	39.3
123800001	39.2
123900001	40.1
124000001	38.7
124100001	37.5
124200001	36.4
124300001	36.7
124400001	39.4
124500001	40.4
124600001	40.5
124700001	38.6
124800001	37.8
124900001	36.5
125000001	36.7
125100001	36.3
125200001	35.5
125300001	35.6
125400001	36.2
125500001	36.3
125600001	36.3
125700001	36.3
125800001	35.5
125900001	35.6
126000001	35.8
126100001	35.7
126200001	34.8
126300001	35.7
126400001	35.6
126500001	34.5
126600001	34.5
126700001	36.6
126800001	37
126900001	34.7
127000001	34.5
127100001	34.4
127200001	35.7
127300001	35.6
127400001	33.1
127500001	34.8
127600001	35.9
127700001	35.5
127800001	35.1
127900001	34.3
128000001	37.1
128100001	36.1
128200001	37.5
128300001	37.1
128400001	36.4
128500001	37.4
128600001	38.4
128700001	38.6
128800001	37
128900001	36.5
129000001	38.4
129100001	41.2
129200001	40.9
129300001	37.6
129400001	39.9
129500001	40.6
129600001	40.6
129700001	41.8
129800001	41.4
129900001	43.8
130000001	36.5
130100001	35.9
130200001	37.9
130300001	35.8
130400001	37.6
130500001	38.2
130600001	36.2
130700001	35.4
130800001	35.4
130900001	35.8
131000001	35.4
131100001	36.4
131200001	35.3
131300001	34.4
131400001	34.9
131500001	35
131600001	34.4
131700001	35.2
131800001	34.9
131900001	36
132000001	32.5
132100001	33.6
132200001	34.6
132300001	33.9
132400001	34.1
132500001	36
132600001	33.7
132700001	33.8
132800001	47
132900001	35.9
133000001	33.2
133100001	33.6
133200001	36.5
133300001	34.4
133400001	34.1
133500001	34.5
133600001	33.9
133700001	35.4
133800001	32.9
133900001	33.7
134000001	36.3
134100001	33.8
134200001	35.5
134300001	33.6
134400001	34.2
134500001	34.4
134600001	34.5
134700001	35.9
134800001	34.8
134900001	33.7
135000001	34.6
135100001	35.7
135200001	33.6
135300001	34.9
135400001	34.1
135500001	34.7
135600001	34.7
135700001	32.9
135800001	35.2
135900001	35.3
136000001	34.4
136100001	34.6
136200001	34.4
136300001	34.6
136400001	33.3
136500001	36.2
136600001	33.5
136700001	35.3
136800001	33.4
136900001	34.4
137000001	33.1
137100001	33.4
137200001	32.9
137300001	34.6
137400001	35.9
137500001	34.2
137600001	34.1
137700001	35.9
137800001	35.2
137900001	36.4
138000001	35.6
138100001	34
138200001	34.5
138300001	33.8
138400001	34.4
138500001	36
138600001	37
138700001	36.2
138800001	35.3
138900001	35.7
139000001	34.6
139100001	36.1
139200001	38.1
139300001	35.1
139400001	37.2
139500001	37.3
139600001	38.2
139700001	38.7
139800001	40.4
139900001	40.8
140000001	42.7
140100001	43.1
140200001	38.8
140300001	42.5
140400001	40.5
140500001	39.8
140600001	41.8
140700001	43.4
140800001	43.5
140900001	42.2
141000001	41.4
141100001	39.8
141200001	41.9
141300001	41.1
141400001	41.6
141500001	36.4
141600001	37.6
141700001	42.1
141800001	40.7
141900001	40.6
142000001	38.9
142100001	37.3
142200001	38.8
142300001	38.6
142400001	38
142500001	37.8
142600001	37.2
142700001	36.1
142800001	36.7
142900001	37
143000001	37.2
143100001	36.6
143200001	36.5
143300001	35.7
143400001	36.9
143500001	36.5
143600001	36.6
143700001	36.2
143800001	36.5
143900001	36.8
144000001	38
144100001	37.5
144200001	37.4
144300001	37.4
144400001	41.8
144500001	38.5
144600001	36.4
144700001	39.6
144800001	38.3
144900001	37.2
145000001	38.2
145100001	37.7
145200001	38
145300001	36.9
145400001	36.8
145500001	36.7
145600001	37.1
145700001	38.3
145800001	36.3
145900001	38
146000001	37.8
146100001	37.6
146200001	36.2
146300001	40.5
146400001	39.5
146500001	38.2
146600001	38.9
146700001	39.5
146800001	41.2
146900001	41.8
147000001	41.1
147100001	38.8
147200001	39.6
147300001	41.1
147400001	38.4
147500001	36
147600001	38.5
147700001	39.9
147800001	37.2
147900001	36.5
148000001	36
148100001	38
148200001	39.2
148300001	36.4
148400001	38.1
148500001	37.5
148600001	39.5
148700001	40
148800001	41.9
148900001	40.8
149000001	39.5
149100001	40.8
149200001	42.6
149300001	38.4
149400001	37.3
149500001	37.7
149600001	37.7
149700001	36.9
149800001	37.1
149900001	38
150000001	38
150100001	38
150200001	37.7
150300001	37
150400001	35.6
150500001	34.5
150600001	36.7
150700001	34.9
150800001	36.8
150900001	36
151000001	36.8
151100001	38.3
151200001	39.4
151300001	41.9
151400001	37
151500001	35.6
151600001	35.1
151700001	35.5
151800001	35.9
151900001	35.9
152000001	36.4
152100001	42.4
152200001	42.3
152300001	40.5
152400001	41.6
152500001	39.2
152600001	39.4
152700001	39.8
152800001	43.9
152900001	40.6
153000001	43.6
153100001	42.6
153200001	42.9
153300001	42.7
153400001	38.7
153500001	35.3
153600001	37.9
153700001	41.6
153800001	42.9
153900001	38.3
154000001	39
154100001	45.1
154200001	43.9
154300001	43.5
154400001	40
154500001	41.1
154600001	42.9
154700001	40.9
154800001	40.4
154900001	40.9
155000001	39.7
155100001	40.6
155200001	39.9
155300001	37.6
155400001	36.8
155500001	38.7
155600001	38.8
155700001	38.2
155800001	37.5
155900001	37
156000001	39.4
156100001	38.7
156200001	36.7
156300001	35.9
156400001	36.1
156500001	38.5
156600001	37.2
156700001	37.6
156800001	37.5
156900001	36.2
157000001	37.5
157100001	36.6
157200001	35.5
157300001	36.1
157400001	35.2
157500001	35.6
157600001	36.2
157700001	36.2
157800001	36.2
157900001	35.7
158000001	36.1
158100001	37
158200001	35.4
158300001	36.1
158400001	33.9
158500001	34.9
158600001	36.2
158700001	35.4
158800001	35.7
158900001	36.1
159000001	35.5
159100001	36
159200001	36.2
159300001	38
159400001	37.4
159500001	38
159600001	37.6
159700001	38.1
159800001	40
159900001	40.4
160000001	41.3
160100001	40
160200001	39.3
160300001	36.7
160400001	36
160500001	42.1
160600001	40.8
160700001	38
160800001	37.2
160900001	36.3
161000001	37.7
161100001	37.1
161200001	36.3
161300001	35.4
161400001	35.1
161500001	35.6
161600001	35.5
161700001	34.5
161800001	35.4
161900001	34.2
162000001	33
162100001	34.4
162200001	34.4
162300001	35.1
162400001	35.8
162500001	34.8
162600001	32.8
162700001	34.9
162800001	33.5
162900001	34.5
163000001	33.2
163100001	33.5
163200001	33.6
163300001	34.5
163400001	34.2
163500001	34.8
163600001	36
163700001	35.2
163800001	36.3
163900001	36
164000001	36.7
164100001	37
164200001	37.8
164300001	38.9
164400001	37.6
164500001	36.9
164600001	37.7
164700001	36.7
164800001	36.3
164900001	35.1
165000001	35.1
165100001	35.5
165200001	35.4
165300001	35
165400001	35.4
165500001	35.4
165600001	38
165700001	37.8
165800001	39.1
165900001	39
166000001	41
166100001	43.7
166200001	42.9
166300001	39.1
166400001	38.5
166500001	38
166600001	39.7
166700001	37.4
166800001	37.3
166900001	35.9
167000001	37.3
167100001	34.4
167200001	35.1
167300001	35.8
167400001	34.8
167500001	35
167600001	35.7
167700001	34.9
167800001	35.4
167900001	35
168000001	34.8
168100001	35.2
168200001	34.6
168300001	34.7
168400001	35.5
168500001	36.5
168600001	35.4
168700001	35.2
168800001	35.8
168900001	34.4
169000001	37.9
169100001	36
169200001	35
169300001	37
169400001	37.1
169500001	38.5
169600001	38
169700001	39.6
169800001	39.6
169900001	41.4
170000001	39.5
170100001	39.9
170200001	43
170300001	38.4
170400001	41.2
170500001	38.3
170600001	37.2
170700001	37.5
170800001	37
170900001	41.4
171000001	41.3
171100001	42.5
171200001	41.3
171300001	38.3
171400001	37.4
171500001	38
171600001	36.1
171700001	36.2
171800001	36.8
171900001	34.4
172000001	34
172100001	34.9
172200001	34.4
172300001	34.8
172400001	34.8
172500001	34.1
172600001	34.2
172700001	36.6
172800001	36.5
172900001	35.3
173000001	35.5
173100001	35.1
173200001	35
173300001	35.6
173400001	35.5
173500001	35.3
173600001	37
173700001	36
173800001	36.7
173900001	37.9
174000001	38.2
174100001	40.9
174200001	39
174300001	39.2
174400001	39.1
174500001	38.7
174600001	43.5
174700001	38.9
174800001	38.2
174900001	36.5
175000001	36.8
175100001	36.2
175200001	36.7
175300001	36.3
175400001	35.1
175500001	38
175600001	37.3
175700001	36.2
175800001	35.7
175900001	35.3
176000001	35.7
176100001	37.3
176200001	35.4
176300001	34.6
176400001	36.3
176500001	36.4
176600001	38
176700001	34.7
176800001	36.6
176900001	35.3
177000001	35.5
177100001	36.6
177200001	35
177300001	36.8
177400001	38.7
177500001	37.6
177600001	36.3
177700001	38
177800001	36.2
177900001	36.4
178000001	35.6
178100001	36.8
178200001	36.3
178300001	37.3
178400001	37.7
178500001	39.2
178600001	39.8
178700001	37.2
178800001	36.4
178900001	36.6
179000001	35.7
179100001	34.5
179200001	34.7
179300001	35.7
179400001	34.8
179500001	34.7
179600001	34.9
179700001	35.5
179800001	34.2
179900001	35.3
180000001	35.1
180100001	36.2
180200001	34.1
180300001	35.5
180400001	35.3
180500001	36.4
180600001	36.1
180700001	36.3
180800001	37.3
180900001	35
181000001	35.4
181100001	35
181200001	35.3
181300001	35.3
181400001	35.3
181500001	35.9
181600001	36.2
181700001	37.1
181800001	36.8
181900001	37.2
182000001	37.4
182100001	36.9
182200001	36.1
182300001	39.3
182400001	37.1
182500001	37.6
182600001	37.6
182700001	39.7
182800001	38.3
182900001	38.5
183000001	37.7
183100001	38.8
183200001	39.9
183300001	39.7
183400001	40.4
183500001	39.3
183600001	37
183700001	37.6
183800001	38.2
183900001	45.6
184000001	46.1
184100001	41.4
184200001	41.6
184300001	38.8
184400001	40.8
184500001	47.4
184600001	42.9
184700001	43
184800001	41.8
184900001	44
185000001	43
185100001	41.8
185200001	43.2
185300001	44
185400001	43.4
185500001	45
185600001	42.9
185700001	42.8
185800001	41.6
185900001	45.1
186000001	43.7
186100001	47.2
186200001	41.6
186300001	43
186400001	39.9
186500001	40.3
186600001	40.1
186700001	40.6
186800001	40.2
186900001	40.9
187000001	40.6
187100001	41.7
187200001	42.8
187300001	42.2
187400001	41.3
187500001	41.9
187600001	42.8
187700001	42.1
187800001	42.1
187900001	40.1
188000001	39.4
188100001	41.7
188200001	39.9
188300001	39.2
188400001	38.2
188500001	38.1
188600001	39.7
188700001	37.6
188800001	39.3
188900001	37.9
189000001	39.1
189100001	42.4
189200001	43.1
189300001	44.7
189400001	41.3
189500001	40.6
189600001	39.8
189700001	37.6
189800001	38.9
189900001	37
190000001	37.5
190100001	39.3
190200001	38.5
190300001	39
190400001	39.1
190500001	39.7
190600001	41.2
190700001	42.1
190800001	42.5
190900001	42.2
191000001	40.6
191100001	42.3
