variableStep chrom=chr20 span=100000
1	37.9
100001	40.8
200001	49.3
300001	48.7
400001	43
500001	49.9
600001	49.2
700001	46.9
800001	49.4
900001	47.1
1000001	42.9
1100001	43.4
1200001	47.4
1300001	44.4
1400001	41.8
1500001	43.7
1600001	41.3
1700001	47.3
1800001	49.9
1900001	44
2000001	46.2
2100001	44.2
2200001	44.8
2300001	44.5
2400001	43.9
2500001	44.2
2600001	48.9
2700001	49.1
2800001	41
2900001	46.7
3000001	50.1
3100001	51.9
3200001	43.5
3300001	43.5
3400001	39.4
3500001	44
3600001	54.8
3700001	51.8
3800001	43.8
3900001	44
4000001	47.3
4100001	48.9
4200001	43.4
4300001	40.7
4400001	39.8
4500001	42.8
4600001	44.5
4700001	46.8
4800001	44.3
4900001	46.1
5000001	44.4
5100001	42.7
5200001	42.3
5300001	42.5
5400001	43.8
5500001	43.9
5600001	44.9
5700001	42.9
5800001	41.9
5900001	42.3
6000001	42.6
6100001	39.3
6200001	38.3
6300001	37.8
6400001	37.5
6500001	39.6
6600001	41.2
6700001	38.6
6800001	38.8
6900001	36.4
7000001	37.1
7100001	37.2
7200001	36.9
7300001	35.7
7400001	36.3
7500001	36.8
7600001	36.6
7700001	38
7800001	38
7900001	37.4
8000001	37.9
8100001	37.2
8200001	37.7
8300001	37.7
8400001	37.4
8500001	38
8600001	38.2
8700001	39.7
8800001	39.8
8900001	40.3
9000001	38.3
9100001	39
9200001	39.7
9300001	39.6
9400001	41.2
9500001	40.5
9600001	38.2
9700001	38.2
9800001	37.8
9900001	37.5
10000001	40.2
10100001	41.2
10200001	40.2
10300001	39.1
10400001	40.8
10500001	42.7
10600001	41.4
10700001	40.3
10800001	39.1
10900001	38.3
11000001	38
11100001	38.9
11200001	37.8
11300001	37.4
11400001	38.2
11500001	37.9
11600001	38.4
11700001	38.7
11800001	40.5
11900001	41.3
12000001	38.1
12100001	38.3
12200001	38
12300001	39.2
12400001	36.9
12500001	38.7
12600001	39.4
12700001	38.9
12800001	39.7
12900001	38.4
13000001	40.5
13100001	41.1
13200001	41.9
13300001	38.3
13400001	36.6
13500001	39.3
13600001	39.5
13700001	40.9
13800001	40.4
13900001	38.4
14000001	36.6
14100001	37.3
14200001	36.6
14300001	37
14400001	36.2
14500001	36.6
14600001	37.2
14700001	37.6
14800001	38.3
14900001	40.2
15000001	37.1
15100001	37.8
15200001	37.3
15300001	39.1
15400001	39.4
15500001	40.3
15600001	38.4
15700001	38
15800001	39.1
15900001	39.1
16000001	39.1
16100001	43.7
16200001	40.3
16300001	40.1
16400001	41.5
16500001	42.7
16600001	40.9
16700001	38.5
16800001	39.9
16900001	40.1
17000001	39
17100001	39.2
17200001	40.7
17300001	42.6
17400001	45.1
17500001	47.6
17600001	47.5
17700001	48
17800001	45.7
17900001	46.5
18000001	42.7
18100001	43
18200001	39.6
18300001	42.1
18400001	42.4
18500001	42.9
18600001	43.4
18700001	42.9
18800001	40.7
18900001	44
19000001	41.4
19100001	40.6
19200001	44.1
19300001	42.3
19400001	44.4
19500001	44.4
19600001	45.1
19700001	42.6
19800001	45.5
19900001	41.7
20000001	39.7
20100001	41.9
20200001	44.2
20300001	43.7
20400001	39.3
20500001	38.6
20600001	42.2
20700001	45.1
20800001	42.4
20900001	42.1
21000001	41.8
21100001	41.9
21200001	39.5
21300001	39.1
21400001	45.2
21500001	42.1
21600001	43
21700001	41.2
21800001	39.3
21900001	39.9
22000001	37.5
22100001	39.3
22200001	40.6
22300001	40.7
22400001	43
22500001	43.3
22600001	44
22700001	42.7
22800001	41.1
22900001	45.1
23000001	48.9
23100001	44.2
23200001	47.4
23300001	42.4
23400001	44.1
23500001	44.6
23600001	43.9
23700001	43.9
23800001	43.6
23900001	45.8
24000001	44.5
24100001	40.1
24200001	42.3
24300001	44.9
24400001	44.5
24500001	47.7
24600001	46.9
24700001	48.8
24800001	47.6
24900001	48.9
25000001	44.9
25100001	47.6
25200001	49.9
25300001	45.3
25400001	48.7
25500001	43.5
25600001	41.3
25700001	47.4
25800001	36.3
25900001	45.2
26000001	39.9
26100001	36.8
26200001	37.5
26300001	0
26400001	0
26500001	0
26600001	0
26700001	0
26800001	0
26900001	0
27000001	0
27100001	0
27200001	0
27300001	0
27400001	0
27500001	0
27600001	0
27700001	0
27800001	0
27900001	0
28000001	34.8
28100001	45.1
28200001	38.4
28300001	0
28400001	0
28500001	0
28600001	0
28700001	0
28800001	0
28900001	0
29000001	0
29100001	0
29200001	39
29300001	39.3
29400001	42.6
29500001	47.6
29600001	50.9
29700001	47.2
29800001	46.3
29900001	47.9
30000001	49.4
30100001	47
30200001	48.8
30300001	44.7
30400001	43
30500001	54.2
30600001	54.2
30700001	49.1
30800001	47.7
30900001	47
31000001	50.4
31100001	49
31200001	47
31300001	49.3
31400001	47.3
31500001	46
31600001	41.6
31700001	53.1
31800001	47.2
31900001	48.3
32000001	44.7
32100001	44.8
32200001	43.7
32300001	47.9
32400001	42.1
32500001	42.9
32600001	44.8
32700001	46
32800001	41.9
32900001	46.4
33000001	49.5
33100001	42.5
33200001	44.3
33300001	49.2
33400001	43.9
33500001	47.6
33600001	49.3
33700001	42.9
33800001	44.9
33900001	43.5
34000001	45.6
34100001	48.5
34200001	49.4
34300001	48.8
34400001	51.5
34500001	49.9
34600001	50.7
34700001	45
34800001	48.9
34900001	48.2
35000001	45.6
35100001	43.9
35200001	44.4
35300001	48.1
35400001	53.9
35500001	48.2
35600001	46.7
35700001	43.8
35800001	40.7
35900001	51.2
36000001	44.6
36100001	43.5
36200001	49.9
36300001	47.7
36400001	47.2
36500001	42.3
36600001	44.4
36700001	49.3
36800001	45.7
36900001	48
37000001	41.9
37100001	48.1
37200001	43.6
37300001	43.5
37400001	39.4
37500001	40.1
37600001	39.9
37700001	40.4
37800001	39.1
37900001	39.5
38000001	38.8
38100001	39
38200001	38.6
38300001	41.4
38400001	39.5
38500001	43.4
38600001	42.4
38700001	46.9
38800001	45.8
38900001	45.3
39000001	45.5
39100001	40.9
39200001	45.8
39300001	42
39400001	49.3
39500001	40.6
39600001	41.4
39700001	43.5
39800001	42.2
39900001	41.1
40000001	42.5
40100001	45.4
40200001	42.4
40300001	40.7
40400001	41.9
40500001	39.2
40600001	41.9
40700001	42.7
40800001	42.2
40900001	43.5
41000001	42.6
41100001	42.8
41200001	44.9
41300001	45.2
41400001	44.7
41500001	46.6
41600001	46.5
41700001	48.9
41800001	44.9
41900001	44.9
42000001	47.6
42100001	46.6
42200001	46.1
42300001	47.9
42400001	48
42500001	45.3
42600001	45.5
42700001	48.9
42800001	48.3
42900001	43.9
43000001	40.3
43100001	42.2
43200001	40.6
43300001	45.8
43400001	46.4
43500001	43.9
43600001	40.6
43700001	40.8
43800001	46.5
43900001	50.1
44000001	51.6
44100001	46.7
44200001	51
44300001	51.3
44400001	46.6
44500001	41.2
44600001	45.5
44700001	45.5
44800001	45.8
44900001	42.8
45000001	45.2
45100001	44.9
45200001	47.4
45300001	46.1
45400001	47.5
45500001	45.1
45600001	40.2
45700001	48.6
45800001	49.9
45900001	48.5
46000001	47.3
46100001	45.5
46200001	49.8
46300001	45
46400001	47.5
46500001	49
46600001	50.5
46700001	50.6
46800001	48.7
46900001	46.1
47000001	43.1
47100001	42.4
47200001	45.9
47300001	46.3
47400001	47.7
47500001	47.5
47600001	47.4
47700001	43.5
47800001	45.2
47900001	48.1
48000001	51.1
48100001	49.6
48200001	51.5
48300001	51.7
48400001	49.8
48500001	44.8
48600001	50.3
48700001	47.4
48800001	48
48900001	45.5
49000001	47.8
49100001	45.2
49200001	44.8
49300001	47
49400001	48.5
49500001	48
49600001	47.5
49700001	45.8
49800001	47.4
49900001	44.9
50000001	43.4
50100001	44
50200001	43.1
50300001	41.3
50400001	40.3
50500001	39.9
50600001	40.4
50700001	40
50800001	39.6
50900001	39.6
51000001	41.3
51100001	41.2
51200001	41.5
51300001	43.3
51400001	43.1
51500001	43.2
51600001	44.7
51700001	44.6
51800001	43.5
51900001	43.3
52000001	39.8
52100001	42
52200001	41.9
52300001	38.5
52400001	37.4
52500001	40
52600001	40.1
52700001	39.3
52800001	38.7
52900001	37.7
53000001	38
53100001	37.6
53200001	36.8
53300001	37.6
53400001	37.3
53500001	37.5
53600001	38.1
53700001	38.6
53800001	38.1
53900001	40.6
54000001	39.5
54100001	42.1
54200001	42.6
54300001	43.5
54400001	44.2
54500001	46.5
54600001	48.7
54700001	47.4
54800001	48
54900001	46.7
55000001	48
55100001	50.1
55200001	49.6
55300001	45.6
55400001	53.5
55500001	47.9
55600001	51.1
55700001	49.7
55800001	47.6
55900001	49
56000001	46.4
56100001	46.9
56200001	44.8
56300001	43
56400001	44.3
56500001	47.7
56600001	47.7
56700001	49
56800001	49.5
56900001	43.1
57000001	44.8
57100001	45
57200001	44
57300001	49.1
57400001	47.5
57500001	45.6
57600001	47.2
57700001	48.4
57800001	40.5
57900001	38.5
58000001	45.4
58100001	42.3
58200001	44.5
58300001	44.2
58400001	43.2
58500001	40.8
58600001	42.7
58700001	41.7
58800001	43.1
58900001	43.9
59000001	46.7
59100001	46.3
59200001	48.6
59300001	49.7
59400001	47.6
59500001	50.7
59600001	52.8
59700001	52.7
59800001	55.2
59900001	55.4
60000001	51.3
60100001	53.8
60200001	55.2
60300001	60.2
60400001	60.7
60500001	60.3
60600001	0
60700001	57.6
60800001	56.8
60900001	55
61000001	53.5
61100001	55.7
61200001	56
61300001	58.1
61400001	58.6
61500001	62
61600001	59.3
61700001	56.7
61800001	54.5
61900001	56.2
62000001	55.2
62100001	58.4
62200001	54
62300001	51
