variableStep chrom=chr1 span=100000
1	42.2
100001	44.1
200001	39.1
300001	39.9
400001	46.6
500001	44.2
600001	42.6
700001	44.2
800001	58.3
900001	62.4
1000001	60.3
1100001	60.7
1200001	63.2
1300001	56.2
1400001	57.3
1500001	56.9
1600001	53.9
1700001	47.1
1800001	56.5
1900001	56.2
2000001	56.2
2100001	58.1
2200001	59.1
2300001	61.1
2400001	62.2
2500001	57.8
2600001	58.5
2700001	57.7
2800001	56.4
2900001	55.2
3000001	58.2
3100001	57.1
3200001	56.3
3300001	58.4
3400001	62.6
3500001	57.2
3600001	57.9
3700001	49.5
3800001	52.6
3900001	49.7
4000001	50.5
4100001	47.2
4200001	46.3
4300001	47.7
4400001	47.9
4500001	48
4600001	52.8
4700001	47.6
4800001	44.7
4900001	44.5
5000001	41
5100001	43.1
5200001	47
5300001	47.5
5400001	49.7
5500001	44.1
5600001	48.5
5700001	50.7
5800001	53.7
5900001	50.5
6000001	55.3
6100001	55.3
6200001	55.8
6300001	52.3
6400001	59.7
6500001	52.1
6600001	48.1
6700001	45.2
6800001	42.2
6900001	49.1
7000001	48
7100001	44.6
7200001	44.8
7300001	47.7
7400001	54.4
7500001	52.2
7600001	53.9
7700001	42.4
7800001	43.7
7900001	45.1
8000001	42.8
8100001	47.1
8200001	47.1
8300001	49
8400001	43.4
8500001	39.8
8600001	40
8700001	41.3
8800001	48.1
8900001	48.4
9000001	48.7
9100001	50.1
9200001	51.7
9300001	53.8
9400001	49.3
9500001	50.4
9600001	50.4
9700001	48.7
9800001	51.1
9900001	46.4
10000001	44.7
10100001	44.7
10200001	41.1
10300001	44.5
10400001	47.5
10500001	43.2
10600001	58.7
10700001	53.5
10800001	52.9
10900001	50.1
11000001	47.9
11100001	44.7
11200001	47.1
11300001	50.3
11400001	50.8
11500001	51.8
11600001	53.8
11700001	52.3
11800001	50.4
11900001	52.1
12000001	51.3
12100001	53.2
12200001	43.1
12300001	40.9
12400001	44
12500001	50.8
12600001	46.1
12700001	44
12800001	45
12900001	46.2
13000001	46.5
13100001	44.7
13200001	46.4
13300001	46.3
13400001	47.5
13500001	46.2
13600001	47.9
13700001	47.3
13800001	43.8
13900001	41.2
14000001	45.7
14100001	43
14200001	42.3
14300001	43.2
14400001	41.5
14500001	41.9
14600001	43.1
14700001	44.7
14800001	45.7
14900001	47.6
15000001	48.2
15100001	51.7
15200001	51.5
15300001	49.1
15400001	45.7
15500001	48.7
15600001	50.7
15700001	46
15800001	45.2
15900001	54
16000001	45
16100001	47.8
16200001	56.6
16300001	54.1
16400001	48.6
16500001	46.2
16600001	50.2
16700001	44.6
16800001	49.6
16900001	48.4
17000001	45.6
17100001	55.2
17200001	48.7
17300001	48.7
17400001	51.2
17500001	50
17600001	50
17700001	52.2
17800001	55.2
17900001	50.7
18000001	48
18100001	47.8
18200001	48.8
18300001	50.7
18400001	49.3
18500001	49.7
18600001	47.4
18700001	47.2
18800001	51.3
18900001	49.8
19000001	52.4
19100001	50.8
19200001	49.8
19300001	42.6
19400001	47.3
19500001	52.4
19600001	47.5
19700001	45.1
19800001	49.7
19900001	48.5
20000001	43.4
20100001	45.5
20200001	43.2
20300001	49.4
20400001	46.6
20500001	50
20600001	49.6
20700001	47.6
20800001	50.1
20900001	47
21000001	40
21100001	37.5
21200001	39.6
21300001	42.1
21400001	50.9
21500001	50
21600001	45.6
21700001	52.7
21800001	52.5
21900001	42.9
22000001	55.4
22100001	51.7
22200001	45.1
22300001	51.6
22400001	51.9
22500001	48.2
22600001	43
22700001	52.2
22800001	51.1
22900001	51.8
23000001	51.8
23100001	47.5
23200001	41.5
23300001	44
23400001	45.2
23500001	43.6
23600001	49.3
23700001	49.7
23800001	48.3
23900001	47.5
24000001	46.4
24100001	45.2
24200001	48.3
24300001	49
24400001	46.8
24500001	47.4
24600001	44.4
24700001	45.8
24800001	43.9
24900001	45.8
25000001	44.2
25100001	53.7
25200001	51.5
25300001	46.7
25400001	46.1
25500001	45.2
25600001	42.8
25700001	51.3
25800001	46.8
25900001	51.1
26000001	49.1
26100001	46.4
26200001	50
26300001	48.8
26400001	48.7
26500001	50.6
26600001	46.7
26700001	50.3
26800001	45.2
26900001	45.7
27000001	50.7
27100001	49.4
27200001	50.7
27300001	49.4
27400001	45.4
27500001	53.8
27600001	44.9
27700001	54.9
27800001	49.9
27900001	43.5
28000001	46.8
28100001	46.6
28200001	39.1
28300001	47.1
28400001	46.1
28500001	45.3
28600001	42.3
28700001	49.1
28800001	46.6
28900001	45.6
29000001	50.2
29100001	41.7
29200001	39.8
29300001	48
29400001	49.7
29500001	49.8
29600001	48.4
29700001	48.5
29800001	47.4
29900001	49
30000001	46.1
30100001	48
30200001	47
30300001	49.9
30400001	45.7
30500001	47.4
30600001	48.5
30700001	48.2
30800001	45.5
30900001	52.3
31000001	51
31100001	49.9
31200001	40.3
31300001	45.8
31400001	50.1
31500001	41.9
31600001	48.9
31700001	43.3
31800001	50
31900001	56.3
32000001	49.3
32100001	43.7
32200001	44.9
32300001	46
32400001	50.4
32500001	50
32600001	46.4
32700001	45.4
32800001	43.8
32900001	49.9
33000001	45.2
33100001	49.1
33200001	48
33300001	47.4
33400001	45.6
33500001	49.8
33600001	43.9
33700001	45
33800001	45.3
33900001	43.7
34000001	45.5
34100001	45.9
34200001	45.7
34300001	44.6
34400001	45.5
34500001	42.9
34600001	44
34700001	41.2
34800001	45.8
34900001	46.3
35000001	47.6
35100001	46.2
35200001	41.7
35300001	42.8
35400001	42.6
35500001	39.7
35600001	40.6
35700001	41.4
35800001	45.6
35900001	45.9
36000001	42.9
36100001	42.9
36200001	38.7
36300001	51.4
36400001	47.9
36500001	49.2
36600001	47.7
36700001	48.3
36800001	49.8
36900001	47.3
37000001	50.9
37100001	48
37200001	50.2
37300001	48.5
37400001	42.1
37500001	48.7
37600001	48.1
37700001	46.8
37800001	47.9
37900001	49.1
38000001	46.3
38100001	47.2
38200001	49.4
38300001	49.3
38400001	47.7
38500001	44.2
38600001	41.2
38700001	44
38800001	45.9
38900001	44.1
39000001	44.7
39100001	44.5
39200001	45.3
39300001	45.6
39400001	42.9
39500001	40.9
39600001	41.8
39700001	48.7
39800001	49.2
39900001	47.1
40000001	48.1
40100001	47.8
40200001	44.7
40300001	42.2
40400001	40.5
40500001	45.2
40600001	41.9
40700001	41.7
40800001	46
40900001	43.6
41000001	52.5
41100001	46.8
41200001	46.6
41300001	37.8
41400001	40
41500001	46.5
41600001	53.7
41700001	53
41800001	47.3
41900001	50.1
42000001	46.4
42100001	42.8
42200001	41.7
42300001	41.3
42400001	40.7
42500001	39.3
42600001	43.4
42700001	38.8
42800001	40.3
42900001	45.8
43000001	44.6
43100001	46.3
43200001	47.8
43300001	43.2
43400001	44.2
43500001	50.1
43600001	49.1
43700001	48.1
43800001	52.4
43900001	44.7
44000001	42.6
44100001	49.7
44200001	53.1
44300001	43.5
44400001	45.9
44500001	46.5
44600001	43.4
44700001	45.9
44800001	50.9
44900001	48
45000001	50.9
45100001	42
45200001	44.8
45300001	40
45400001	41.3
45500001	45.9
45600001	41.3
45700001	46.3
45800001	43.9
45900001	42.7
46000001	41.8
46100001	39.7
46200001	43.7
46300001	41
46400001	49.3
46500001	46.9
46600001	50.8
46700001	53.1
46800001	45.4
46900001	42.1
47000001	42.4
47100001	41.6
47200001	40.4
47300001	40.7
47400001	48.1
47500001	42.1
47600001	47.6
47700001	46.9
47800001	47.4
47900001	47
48000001	50.8
48100001	47.2
48200001	46.8
48300001	41.2
48400001	43.8
48500001	36.8
48600001	38.1
48700001	42.1
48800001	43.9
48900001	45.1
49000001	40.7
49100001	40.5
49200001	39.1
49300001	39.1
49400001	37.8
49500001	38.2
49600001	37.1
49700001	37.5
49800001	38
49900001	35.8
50000001	36.8
50100001	37.1
50200001	37.7
50300001	39.3
50400001	43
50500001	45.5
50600001	43.6
50700001	37.4
50800001	37.9
50900001	39.3
51000001	36.5
51100001	39.5
51200001	39
51300001	39.1
51400001	42.4
51500001	47.4
51600001	37.8
51700001	39.8
51800001	42
51900001	38.9
52000001	39
52100001	43.3
52200001	44.2
52300001	42.7
52400001	40.4
52500001	42.3
52600001	42.1
52700001	38.7
52800001	45.1
52900001	45
53000001	41.7
53100001	43.6
53200001	40
53300001	52.1
53400001	44.5
53500001	51.7
53600001	47.3
53700001	54
53800001	48.5
53900001	48.9
54000001	41.1
54100001	43.3
54200001	44.2
54300001	46.3
54400001	50.6
54500001	50.8
54600001	48.8
54700001	49.7
54800001	50.1
54900001	48.2
55000001	49
55100001	44.7
55200001	51.2
55300001	38.7
55400001	39.9
55500001	43.8
55600001	41.3
55700001	42.5
55800001	41.2
55900001	39.5
56000001	40.3
56100001	38.7
56200001	39.2
56300001	39.3
56400001	38.9
56500001	40.2
56600001	43.3
56700001	42.9
56800001	39.8
56900001	36.4
57000001	41.3
57100001	41.9
57200001	42.2
57300001	40.7
57400001	40.9
57500001	41.2
57600001	39.9
57700001	40
57800001	41.1
57900001	39.8
58000001	39.6
58100001	40.9
58200001	41.3
58300001	42.1
58400001	41.5
58500001	41.1
58600001	43.1
58700001	38.4
58800001	42.6
58900001	39.5
59000001	43.5
59100001	43.1
59200001	43.3
59300001	41.6
59400001	40.7
59500001	39.8
59600001	40.4
59700001	40.6
59800001	40.3
59900001	41.4
60000001	36.4
60100001	38.6
60200001	40
60300001	37.6
60400001	37.4
60500001	37.1
60600001	38.2
60700001	37
60800001	37.9
60900001	39.5
61000001	39.6
61100001	41.3
61200001	43.1
61300001	39.1
61400001	37.8
61500001	39.2
61600001	39.5
61700001	41.1
61800001	41.4
61900001	41.5
62000001	39.1
62100001	39.4
62200001	40.2
62300001	42.4
62400001	46
62500001	47.3
62600001	41.7
62700001	35.9
62800001	35
62900001	41.2
63000001	36.7
63100001	39.1
63200001	42.2
63300001	39.4
63400001	38.3
63500001	43
63600001	37.6
63700001	36.8
63800001	40.6
63900001	43.8
64000001	41.7
64100001	41.4
64200001	40
64300001	40.8
64400001	39.8
64500001	42.5
64600001	40.4
64700001	40.2
64800001	39.8
64900001	40.8
65000001	39.8
65100001	41.1
65200001	42.5
65300001	43.9
65400001	41.8
65500001	40.1
65600001	39.6
65700001	38.7
65800001	36.6
65900001	38.6
66000001	36.2
66100001	37
66200001	36.4
66300001	36.8
66400001	38.3
66500001	38.9
66600001	40
66700001	38.6
66800001	38
66900001	37.3
67000001	36
67100001	37.3
67200001	37.6
67300001	39.2
67400001	39.8
67500001	40.5
67600001	41.4
67700001	44.1
67800001	42.9
67900001	41.8
68000001	41
68100001	40.1
68200001	39.2
68300001	40.7
68400001	40.4
68500001	41.1
68600001	38.9
68700001	36.3
68800001	35.7
68900001	37.6
69000001	37.7
69100001	38.6
69200001	37.1
69300001	37.5
69400001	36.8
69500001	36.7
69600001	37.3
69700001	35.8
69800001	34.6
69900001	35.6
70000001	34.7
70100001	36.7
70200001	35.5
70300001	35.4
70400001	36.7
70500001	38
70600001	40.4
70700001	38.2
70800001	37.7
70900001	37.6
71000001	37.9
71100001	38.2
71200001	38.4
71300001	36.5
71400001	37.6
71500001	36.4
71600001	36
71700001	36
71800001	35.9
71900001	35.4
72000001	36
72100001	34.8
72200001	34
72300001	33.8
72400001	33.4
72500001	35.1
72600001	35.4
72700001	35.6
72800001	34.1
72900001	35.4
73000001	35.3
73100001	34.6
73200001	35.6
73300001	35.4
73400001	35.8
73500001	33.7
73600001	34.9
73700001	34.6
73800001	35.8
73900001	35
74000001	35.9
74100001	35.8
74200001	36.1
74300001	33.7
74400001	34.5
74500001	35.5
74600001	36.8
74700001	38.4
74800001	36.4
74900001	39.2
75000001	35.3
75100001	38
75200001	37
75300001	37.4
75400001	37.6
75500001	36.5
75600001	38.1
75700001	36.7
75800001	37.8
75900001	39.6
76000001	39.4
76100001	35.5
76200001	38.7
76300001	42
76400001	39.1
76500001	38.6
76600001	37.1
76700001	37.7
76800001	37.8
76900001	38.6
77000001	38.4
77100001	39.2
77200001	40.7
77300001	36
77400001	36.7
77500001	38.3
77600001	38.3
77700001	42.4
77800001	36.9
77900001	39.3
78000001	39.9
78100001	39.3
78200001	38.2
78300001	39.1
78400001	39.7
78500001	37.8
78600001	36.7
78700001	37.9
78800001	35.6
78900001	37.4
79000001	35.9
79100001	35.6
79200001	35.2
79300001	35.5
79400001	35.1
79500001	35.8
79600001	35.6
79700001	36.8
79800001	35.1
79900001	35.3
80000001	34.6
80100001	37.7
80200001	34.9
80300001	35.9
80400001	35.6
80500001	34.5
80600001	34.7
80700001	34.2
80800001	35.1
80900001	34.7
81000001	34.9
81100001	35.6
81200001	36.1
81300001	35.9
81400001	36.8
81500001	36.6
81600001	37.6
81700001	38.4
81800001	38.3
81900001	37.8
82000001	35.7
82100001	34.4
82200001	36.5
82300001	37.6
82400001	37.4
82500001	37.5
82600001	35.9
82700001	36.5
82800001	35.5
82900001	34.2
83000001	37
83100001	36.7
83200001	37.5
83300001	36.6
83400001	36
83500001	36.8
83600001	36.5
83700001	37.8
83800001	39.2
83900001	39.9
84000001	38.3
84100001	35
84200001	38.1
84300001	35.3
84400001	35.4
84500001	39.1
84600001	39.6
84700001	37.1
84800001	40.4
84900001	39.5
85000001	41.8
85100001	41.4
85200001	40.1
85300001	38.7
85400001	39.2
85500001	41.3
85600001	38.3
85700001	39.4
85800001	41.7
85900001	37.1
86000001	36.4
86100001	36.7
86200001	35.3
86300001	37.1
86400001	38.3
86500001	37.1
86600001	38.3
86700001	39.5
86800001	37.8
86900001	37.7
87000001	41.8
87100001	37.7
87200001	36.8
87300001	41
87400001	41.7
87500001	41.3
87600001	39.8
87700001	39.2
87800001	39.3
87900001	38.4
88000001	37
88100001	37.7
88200001	38.1
88300001	37
88400001	37.5
88500001	37.4
88600001	36.8
88700001	37.7
88800001	38.7
88900001	36.4
89000001	37.4
89100001	40.3
89200001	39.8
89300001	37.9
89400001	38.2
89500001	40.3
89600001	39.2
89700001	39.2
89800001	39.3
89900001	40
90000001	42.1
90100001	40.3
90200001	38.5
90300001	39
90400001	39.5
90500001	39.7
90600001	36.4
90700001	37.4
90800001	37.8
90900001	40.7
91000001	41.5
91100001	37.2
91200001	38.5
91300001	41.7
91400001	41.2
91500001	37.5
91600001	37.3
91700001	40.5
91800001	43
91900001	41.4
92000001	42.6
92100001	43.5
92200001	38.9
92300001	39
92400001	38
92500001	37.8
92600001	41.6
92700001	40.8
92800001	37.5
92900001	37.6
93000001	41.7
93100001	39.4
93200001	41
93300001	38
93400001	37.1
93500001	38.7
93600001	40
93700001	36.9
93800001	45.6
93900001	45.7
94000001	43.7
94100001	38.9
94200001	45.5
94300001	44
94400001	37.7
94500001	41.5
94600001	39.5
94700001	38.4
94800001	43.7
94900001	42.5
95000001	42.1
95100001	43.1
95200001	40.6
95300001	40.6
95400001	39.2
95500001	37.7
95600001	39.4
95700001	38.6
95800001	38.2
95900001	38
96000001	37.6
96100001	35.1
96200001	36.1
96300001	37.6
96400001	37.2
96500001	35.7
96600001	37.6
96700001	39
96800001	37.9
96900001	37.3
97000001	36.6
97100001	36.7
97200001	38.3
97300001	36.4
97400001	35.6
97500001	36
97600001	35.7
97700001	35.3
97800001	34.8
97900001	33.4
98000001	34.3
98100001	34.6
98200001	35.3
98300001	35.7
98400001	35.7
98500001	36.6
98600001	36.1
98700001	36
98800001	36.6
98900001	36
99000001	37.5
99100001	37.2
99200001	37.4
99300001	37.6
99400001	36.4
99500001	36.4
99600001	37
99700001	38
99800001	37.8
99900001	38
100000001	40.5
100100001	37.3
100200001	38.1
100300001	37.2
100400001	38.8
100500001	40.6
100600001	38.1
100700001	38.6
100800001	39.3
100900001	37.3
101000001	37.6
101100001	36.8
101200001	37
101300001	36.8
101400001	39.5
101500001	41.4
101600001	39.3
101700001	36.8
101800001	36.9
101900001	35.3
102000001	35.4
102100001	34.5
102200001	36
102300001	35.3
102400001	34.4
102500001	33.6
102600001	34.9
102700001	35.1
102800001	35.4
102900001	34.3
103000001	36.3
103100001	33.9
103200001	32.8
103300001	34.4
103400001	33.7
103500001	35.6
103600001	35.8
103700001	35.1
103800001	36
103900001	35.8
104000001	36
104100001	33.8
104200001	34.9
104300001	33.8
104400001	35.7
104500001	35.9
104600001	35.2
104700001	35.3
104800001	34.9
104900001	35.8
105000001	34
105100001	35.8
105200001	35.2
105300001	33
105400001	35
105500001	33.9
105600001	33.8
105700001	34.2
105800001	34.2
105900001	33.8
106000001	33.5
106100001	35.2
106200001	36.1
106300001	34.4
106400001	34.3
106500001	35.4
106600001	35.1
106700001	35.2
106800001	35.5
106900001	36.5
107000001	35.5
107100001	35.5
107200001	36.5
107300001	37
107400001	37.4
107500001	37.3
107600001	36.8
107700001	37.3
107800001	40.7
107900001	37.4
108000001	37.4
108100001	37.5
108200001	38.2
108300001	41.2
108400001	39.7
108500001	40.4
108600001	37.7
108700001	39.4
108800001	40.8
108900001	40.1
109000001	42
109100001	39.1
109200001	39.7
109300001	42.6
109400001	45.1
109500001	47.6
109600001	48.6
109700001	41.3
109800001	48.6
109900001	44.1
110000001	46.6
110100001	49
110200001	47.8
110300001	43.3
110400001	50.9
110500001	51.7
110600001	43.9
110700001	44.1
110800001	49.3
110900001	45.5
111000001	41.1
111100001	38.2
111200001	38.1
111300001	38.2
111400001	38
111500001	42.5
111600001	39.7
111700001	42
111800001	41.1
111900001	40.6
112000001	42.6
112100001	45.6
112200001	47.2
112300001	47
112400001	42.2
112500001	41.5
112600001	44.4
112700001	40.9
112800001	43.1
112900001	39.3
113000001	47.5
113100001	47.1
113200001	43.3
113300001	43.9
113400001	43.2
113500001	42.8
113600001	39.8
113700001	37.6
113800001	37.1
113900001	37.2
114000001	38.5
114100001	38.3
114200001	41.7
114300001	43.4
114400001	47.7
114500001	44
114600001	42.5
114700001	37.8
114800001	41
114900001	39.6
115000001	39.2
115100001	39.1
115200001	34.9
115300001	37.4
115400001	43.4
115500001	40.7
115600001	43.9
115700001	40.5
115800001	44
115900001	41.5
116000001	44.1
116100001	40.1
116200001	40.3
116300001	39.5
116400001	40.5
116500001	42.9
116600001	41.6
116700001	43.3
116800001	43.5
116900001	45.7
117000001	44.8
117100001	42.9
117200001	44.2
117300001	42.5
117400001	41.8
117500001	42.8
117600001	40.9
117700001	37.2
117800001	36.1
117900001	46.9
118000001	42.7
118100001	40.3
118200001	36.8
118300001	37.6
118400001	37.7
118500001	38.9
118600001	38.8
118700001	35.9
118800001	37.2
118900001	37.3
119000001	35.9
119100001	38
119200001	39.8
119300001	43.5
119400001	38.4
119500001	40.9
119600001	41.4
119700001	41.9
119800001	42.5
119900001	44
120000001	44.1
120100001	41.3
120200001	40.9
120300001	39.2
120400001	40.6
120500001	41.1
120600001	42.3
120700001	42
120800001	39.5
120900001	38.4
121000001	39.4
121100001	42.7
121200001	0
121300001	0
121400001	0
121500001	0
121600001	0
121700001	0
121800001	0
121900001	0
122000001	0
122100001	0
122200001	0
122300001	0
122400001	0
122500001	0
122600001	0
122700001	0
122800001	0
122900001	0
123000001	0
123100001	0
123200001	0
123300001	0
123400001	0
123500001	0
123600001	0
123700001	0
123800001	0
123900001	0
124000001	0
124100001	0
124200001	0
124300001	0
124400001	0
124500001	0
124600001	0
124700001	0
124800001	0
124900001	0
125000001	0
125100001	0
125200001	0
125300001	0
125400001	0
125500001	0
125600001	0
125700001	0
125800001	0
125900001	0
126000001	0
126100001	0
126200001	0
126300001	0
126400001	0
126500001	0
126600001	0
126700001	0
126800001	0
126900001	0
127000001	0
127100001	0
127200001	0
127300001	0
127400001	0
127500001	0
127600001	0
127700001	0
127800001	0
127900001	0
128000001	0
128100001	0
128200001	0
128300001	0
128400001	0
128500001	0
128600001	0
128700001	0
128800001	0
128900001	0
129000001	0
129100001	0
129200001	0
129300001	0
129400001	0
129500001	0
129600001	0
129700001	0
129800001	0
129900001	0
130000001	0
130100001	0
130200001	0
130300001	0
130400001	0
130500001	0
130600001	0
130700001	0
130800001	0
130900001	0
131000001	0
131100001	0
131200001	0
131300001	0
131400001	0
131500001	0
131600001	0
131700001	0
131800001	0
131900001	0
132000001	0
132100001	0
132200001	0
132300001	0
132400001	0
132500001	0
132600001	0
132700001	0
132800001	0
132900001	0
133000001	0
133100001	0
133200001	0
133300001	0
133400001	0
133500001	0
133600001	0
133700001	0
133800001	0
133900001	0
134000001	0
134100001	0
134200001	0
134300001	0
134400001	0
134500001	0
134600001	0
134700001	0
134800001	0
134900001	0
135000001	0
135100001	0
135200001	0
135300001	0
135400001	0
135500001	0
135600001	0
135700001	0
135800001	0
135900001	0
136000001	0
136100001	0
136200001	0
136300001	0
136400001	0
136500001	0
136600001	0
136700001	0
136800001	0
136900001	0
137000001	0
137100001	0
137200001	0
137300001	0
137400001	0
137500001	0
137600001	0
137700001	0
137800001	0
137900001	0
138000001	0
138100001	0
138200001	0
138300001	0
138400001	0
138500001	0
138600001	0
138700001	0
138800001	0
138900001	0
139000001	0
139100001	0
139200001	0
139300001	0
139400001	0
139500001	0
139600001	0
139700001	0
139800001	0
139900001	0
140000001	0
140100001	0
140200001	0
140300001	0
140400001	0
140500001	0
140600001	0
140700001	0
140800001	0
140900001	0
141000001	0
141100001	0
141200001	0
141300001	0
141400001	0
141500001	39.8
141600001	41.3
141700001	38.4
141800001	39.2
141900001	41.3
142000001	40.1
142100001	44.6
142200001	41.7
142300001	38.3
142400001	44.2
142500001	39.4
142600001	42.3
142700001	41.5
142800001	44
142900001	43.7
143000001	39.2
143100001	41.2
143200001	41
143300001	42.5
143400001	0
143500001	43.9
143600001	39.4
143700001	40.4
143800001	39.8
143900001	39.8
144000001	43.9
144100001	45.4
144200001	47.4
144300001	42.3
144400001	43
144500001	38.6
144600001	42.3
144700001	44.3
144800001	40.3
144900001	41.1
145000001	41.4
145100001	40.6
145200001	39.9
145300001	38.2
145400001	41.5
145500001	43.1
145600001	42.2
145700001	42.8
145800001	41.2
145900001	42.5
146000001	44.4
146100001	40.7
146200001	43.6
146300001	42.9
146400001	39.7
146500001	37.9
146600001	44.2
146700001	41.9
146800001	41.9
146900001	35.3
147000001	39.1
147100001	40.4
147200001	38.3
147300001	42.9
147400001	45.2
147500001	42.9
147600001	41.9
147700001	40.2
147800001	39.5
147900001	42.7
148000001	44.2
148100001	46.8
148200001	40.6
148300001	40.7
148400001	44.5
148500001	46
148600001	41.7
148700001	49.3
148800001	45.1
148900001	39.8
149000001	41.5
149100001	43.5
149200001	49.1
149300001	47.1
149400001	46.2
149500001	48.4
149600001	44.3
149700001	46.2
149800001	43.8
149900001	44.6
150000001	49.5
150100001	41.5
150200001	43.4
150300001	41.9
150400001	41.4
150500001	39.9
150600001	41.2
150700001	42.4
150800001	40.9
150900001	41.7
151000001	40.6
151100001	42.2
151200001	40.5
151300001	37.3
151400001	43.2
151500001	43.8
151600001	46.2
151700001	47.9
151800001	49
151900001	48.1
152000001	47.7
152100001	47.7
152200001	45.5
152300001	42.3
152400001	44.8
152500001	48.3
152600001	47.8
152700001	47.1
152800001	44.2
152900001	46.3
153000001	49.4
153100001	49.5
153200001	54.6
153300001	51.4
153400001	53.8
153500001	49.4
153600001	41.7
153700001	40.8
153800001	45.8
153900001	45
154000001	43.8
154100001	46.2
154200001	50.2
154300001	53
154400001	49.9
154500001	46.9
154600001	51.2
154700001	51.7
154800001	50.2
154900001	52.7
155000001	50.1
155100001	53.6
155200001	42
155300001	46.7
155400001	44.5
155500001	42.3
155600001	43.2
155700001	42
155800001	39.4
155900001	38.6
156000001	40.4
156100001	40.6
156200001	47.5
156300001	47.1
156400001	39.7
156500001	39.7
156600001	36.3
156700001	36.3
156800001	37
156900001	36.7
157000001	37.1
157100001	38.3
157200001	38.2
157300001	39.9
157400001	42.7
157500001	37.1
157600001	37.4
157700001	37.9
157800001	38.1
157900001	39.3
158000001	47.3
158100001	49.8
158200001	43.6
158300001	49.7
158400001	45.8
158500001	43
158600001	45.4
158700001	40.3
158800001	40.7
158900001	42.3
159000001	44
159100001	43.7
159200001	47.1
159300001	48.3
159400001	49.1
159500001	43.9
159600001	49.1
159700001	46
159800001	44
159900001	42.8
160000001	37.2
160100001	37.2
160200001	45.9
160300001	41.7
160400001	42.2
160500001	42.9
160600001	43.1
160700001	41.3
160800001	40
160900001	40.5
161000001	39.7
161100001	39.7
161200001	38.5
161300001	37.4
161400001	38.6
161500001	36.5
161600001	38.7
161700001	38.2
161800001	37.9
161900001	36.9
162000001	37.6
162100001	37.2
162200001	36.4
162300001	36.5
162400001	37.7
162500001	36.9
162600001	37.7
162700001	41.1
162800001	42.3
162900001	41.3
163000001	41.4
163100001	40.9
163200001	40
163300001	41.4
163400001	42.5
163500001	43.5
163600001	43.8
163700001	42.5
163800001	41.9
163900001	40
164000001	42
164100001	44.2
164200001	41.9
164300001	44.6
164400001	40.6
164500001	40.7
164600001	39.4
164700001	37
164800001	37.9
164900001	37.1
165000001	41.3
165100001	42
165200001	40.6
165300001	44
165400001	41
165500001	37.8
165600001	42
165700001	44.6
165800001	44.7
165900001	44.6
166000001	42.1
166100001	39.3
166200001	35.3
166300001	43.8
166400001	41.7
166500001	41.6
166600001	43
166700001	39.2
166800001	39.7
166900001	40.9
167000001	38.2
167100001	38.7
167200001	40.4
167300001	41.3
167400001	36.3
167500001	36
167600001	36.8
167700001	38.4
167800001	39.8
167900001	40
168000001	38.1
168100001	37.9
168200001	34.3
168300001	37.3
168400001	39.3
168500001	37.2
168600001	38
168700001	37.1
168800001	38.9
168900001	39
169000001	37.9
169100001	36.5
169200001	37.8
169300001	37.9
169400001	39.4
169500001	40.5
169600001	41.9
169700001	39.5
169800001	42
169900001	39.9
170000001	41.1
170100001	38.1
170200001	37.5
170300001	37.2
170400001	36.8
170500001	37.1
170600001	38.7
170700001	39.1
170800001	38.4
170900001	39.4
171000001	38.5
171100001	38.2
171200001	37.7
171300001	38.9
171400001	39.2
171500001	38.2
171600001	41.5
171700001	39.9
171800001	38.8
171900001	39.5
172000001	39.8
172100001	41.1
172200001	40.2
172300001	40.4
172400001	37.9
172500001	37
172600001	35.8
172700001	36.8
172800001	38.1
172900001	38.1
173000001	39.5
173100001	39.5
173200001	40.1
173300001	45.7
173400001	42.3
173500001	41.3
173600001	43.7
173700001	43.3
173800001	43.6
173900001	45.6
174000001	42.7
174100001	42
174200001	36.7
174300001	35.4
174400001	38.8
174500001	37.8
174600001	39.7
174700001	40.8
174800001	37.9
174900001	38.4
175000001	40.8
175100001	42.8
175200001	41.8
175300001	40
175400001	41.4
175500001	42
175600001	40.2
175700001	37.6
175800001	39.4
175900001	39.7
176000001	42.5
176100001	42.8
176200001	42
176300001	38.5
176400001	36.7
176500001	37.6
176600001	36
176700001	46.9
176800001	42.7
176900001	39.1
177000001	37.1
177100001	39.7
177200001	43.8
177300001	44.1
177400001	41.4
177500001	40.7
177600001	39.5
177700001	39.4
177800001	38.6
177900001	40.6
178000001	45.9
178100001	39.5
178200001	36.1
178300001	40.6
178400001	51.9
178500001	39.5
178600001	36.7
178700001	40.6
178800001	40.8
178900001	37.2
179000001	35.8
179100001	48.3
179200001	43.4
179300001	47
179400001	46.1
179500001	42.9
179600001	44
179700001	43.5
179800001	42.8
179900001	43.8
180000001	41.3
180100001	39.5
180200001	41.3
180300001	43.3
180400001	41.8
180500001	43.7
180600001	43.1
180700001	40.2
180800001	44.5
180900001	42.4
181000001	40.9
181100001	38.8
181200001	39.6
181300001	40.6
181400001	42.7
181500001	45.7
181600001	41.2
181700001	38.3
181800001	42.8
181900001	39.7
182000001	39.6
182100001	41.7
182200001	38.9
182300001	40.3
182400001	41.1
182500001	38.7
182600001	40.8
182700001	39.5
182800001	42.3
182900001	36.5
183000001	40.8
183100001	39.2
183200001	40
183300001	38
183400001	37.6
183500001	38.4
183600001	39.8
183700001	38.4
183800001	38.6
183900001	37.5
184000001	36.1
184100001	36.4
184200001	34.8
184300001	35.8
184400001	39.2
184500001	35.8
184600001	35.6
184700001	37.2
184800001	38.5
184900001	36.8
185000001	36.1
185100001	36.4
185200001	35.8
185300001	36.6
185400001	34.8
185500001	34.9
185600001	36
185700001	37.1
185800001	36.6
185900001	35.8
186000001	36.3
186100001	34.4
186200001	34.3
186300001	34.7
186400001	34.5
186500001	35.1
186600001	33
186700001	33.5
186800001	33.4
186900001	35.7
187000001	35.1
187100001	33.4
187200001	33.6
187300001	33.9
187400001	34.3
187500001	34.2
187600001	34
187700001	33.7
187800001	33.1
187900001	35
188000001	34.1
188100001	33.6
188200001	34
188300001	33.4
188400001	34
188500001	32.9
188600001	32.7
188700001	33.7
188800001	33.8
188900001	33.6
189000001	34.6
189100001	34.4
189200001	33.9
189300001	33.9
189400001	34.4
189500001	33.9
189600001	34.8
189700001	33.7
189800001	34.1
189900001	35.7
190000001	34.1
190100001	35
190200001	33.3
190300001	35.5
190400001	34.7
190500001	33.7
190600001	35.3
190700001	37.2
190800001	36.3
190900001	37.1
191000001	38.3
191100001	38.2
191200001	37.3
191300001	37
191400001	35.6
191500001	37.4
191600001	38.2
191700001	36.8
191800001	36.4
191900001	35.1
192000001	35.9
192100001	36.7
192200001	35.8
192300001	34.7
192400001	34.6
192500001	34.7
192600001	35.7
192700001	34
192800001	34.3
192900001	32.9
193000001	34.5
193100001	33.9
193200001	34.2
193300001	34.4
193400001	33.7
193500001	33.2
193600001	33.8
193700001	34.2
193800001	34.5
193900001	34.6
194000001	33.3
194100001	35.2
194200001	34.9
194300001	35.7
194400001	35.2
194500001	34.3
194600001	33.1
194700001	34.4
194800001	34.5
194900001	35
195000001	35.3
195100001	36.7
195200001	35.3
195300001	35.6
195400001	35.7
195500001	36.1
195600001	36.6
195700001	35.5
195800001	33.7
195900001	34.5
196000001	39.1
196100001	39.7
196200001	38.2
196300001	37.2
196400001	36.2
196500001	35.4
196600001	35.8
196700001	36.4
196800001	35.8
196900001	34.5
197000001	36.8
197100001	34.3
197200001	35.1
197300001	35.4
197400001	36.3
197500001	36.4
197600001	35.9
197700001	35.9
197800001	37
197900001	36.8
198000001	37
198100001	41.4
198200001	43.5
198300001	39.6
198400001	41.1
198500001	42.7
198600001	40
198700001	42.3
198800001	39.5
198900001	40.4
199000001	37.2
199100001	48.1
199200001	53.6
199300001	50.5
199400001	48.6
199500001	50.7
199600001	51.5
199700001	48.7
199800001	49.5
199900001	47.7
200000001	43.5
200100001	47.7
200200001	47.9
200300001	51.7
200400001	51.6
200500001	46.3
200600001	39.4
200700001	38.1
200800001	49.2
200900001	44.7
201000001	46
201100001	43.3
201200001	46.8
201300001	48.7
201400001	47.3
201500001	48.4
201600001	44.7
201700001	49.1
201800001	48
201900001	46.6
202000001	42.6
202100001	41.9
202200001	44.5
202300001	52.1
202400001	48.9
202500001	48.4
202600001	46.5
202700001	45
202800001	48.6
202900001	47.1
203000001	45.2
203100001	45.8
203200001	52.4
203300001	44.1
203400001	45.9
203500001	50.6
203600001	46.9
203700001	50.6
203800001	46.8
203900001	44.7
204000001	45.5
204100001	46.2
204200001	41.5
204300001	43.6
204400001	43.8
204500001	40.9
204600001	43.8
204700001	49.6
204800001	45.2
204900001	46.9
205000001	44.5
205100001	45.9
205200001	43.5
205300001	40.1
205400001	38.3
205500001	37.8
205600001	38.3
205700001	39.2
205800001	39.6
205900001	40.3
206000001	43.8
206100001	43.1
206200001	46.8
206300001	47
206400001	47.9
206500001	42.3
206600001	40.9
206700001	40.9
206800001	41.8
206900001	38.9
207000001	41
207100001	38.8
207200001	39.8
207300001	40.5
207400001	41.2
207500001	40.4
207600001	43.5
207700001	42.5
207800001	47.9
207900001	42
208000001	44
208100001	40.2
208200001	36.5
208300001	36.8
208400001	41.4
208500001	43.4
208600001	41.8
208700001	42.4
208800001	42.1
208900001	45
209000001	40.7
209100001	40.2
209200001	39.1
209300001	40.4
209400001	42.3
209500001	40.4
209600001	39.8
209700001	48.1
209800001	45.8
209900001	43.7
210000001	39.3
210100001	43
210200001	38
210300001	41.5
210400001	44.4
210500001	39.7
210600001	45.5
210700001	46
210800001	44.6
210900001	42.9
211000001	42.4
211100001	43.2
211200001	42.3
211300001	38.1
211400001	37
211500001	41.2
211600001	44.2
211700001	40.6
211800001	41.6
211900001	41.7
212000001	41.6
212100001	40.7
212200001	40.9
212300001	41.5
212400001	39.8
212500001	42.8
212600001	41.1
212700001	41.4
212800001	40.6
212900001	38.7
213000001	38.6
213100001	37.6
213200001	37.4
213300001	36.8
213400001	36.7
213500001	36.2
213600001	37.8
213700001	36.8
213800001	37.7
213900001	38.5
214000001	36.2
214100001	35.5
214200001	36.6
214300001	36.1
214400001	35.6
214500001	35.1
214600001	36
214700001	36.7
214800001	37.1
214900001	37
215000001	38
215100001	38.5
215200001	39
215300001	39.9
215400001	38.3
215500001	38.3
215600001	38.6
215700001	36.6
215800001	36
215900001	36.2
216000001	34.9
216100001	38.9
216200001	38.2
216300001	37.3
216400001	36.7
216500001	39.2
216600001	41.4
216700001	39.5
216800001	39.1
216900001	39
217000001	36.9
217100001	37.6
217200001	35.8
217300001	36.4
217400001	35.4
217500001	38.1
217600001	38.5
217700001	38.8
217800001	38.8
217900001	39.1
218000001	40.1
218100001	40.2
218200001	38.8
218300001	39.8
218400001	37.5
218500001	40.8
218600001	40.9
218700001	40.6
218800001	36.6
218900001	42.9
219000001	42.2
219100001	42.1
219200001	39.5
219300001	37.4
219400001	38.3
219500001	38.6
219600001	38.1
219700001	39.3
219800001	37
219900001	39.9
220000001	40.7
220100001	40.7
220200001	41.3
220300001	39.7
220400001	39.3
220500001	39.8
220600001	42.1
220700001	46.2
220800001	38.3
220900001	38.3
221000001	39
221100001	37.1
221200001	42.6
221300001	46.3
221400001	45
221500001	43.5
221600001	42.8
221700001	46.7
221800001	50.7
221900001	46.7
222000001	42.5
222100001	41.3
222200001	42.5
222300001	41.9
222400001	44.8
222500001	41.5
222600001	40.6
222700001	43.3
222800001	43.9
222900001	45.5
223000001	42.6
223100001	40.9
223200001	36.1
223300001	37.6
223400001	37.6
223500001	36.8
223600001	40.7
223700001	42.9
223800001	39.3
223900001	44.7
224000001	47.2
224100001	51
224200001	45.2
224300001	48.2
224400001	43.3
224500001	41.5
224600001	46.9
224700001	46
224800001	50
224900001	48.3
225000001	45.4
225100001	46
225200001	44.8
225300001	35.8
225400001	36.3
225500001	38.9
225600001	42.5
225700001	44.5
225800001	42.6
225900001	43
226000001	47.6
226100001	52.3
226200001	50.2
226300001	51.9
226400001	52.4
226500001	52.8
226600001	53.8
226700001	47.9
226800001	53.2
226900001	43.3
227000001	43.4
227100001	45.5
227200001	44.9
227300001	46.4
227400001	43.9
227500001	43.4
227600001	44.3
227700001	43.5
227800001	43.1
227900001	41.5
228000001	44.7
228100001	40.2
228200001	45.1
228300001	46.4
228400001	45.9
228500001	49
228600001	42.4
228700001	42.2
228800001	41.7
228900001	47.4
229000001	45.8
229100001	40.2
229200001	44.3
229300001	44.7
229400001	45.5
229500001	41.5
229600001	39.6
229700001	39.5
229800001	42.5
229900001	42.1
230000001	42.5
230100001	42.2
230200001	40.3
230300001	41.9
230400001	41.7
230500001	44.1
230600001	41.1
230700001	41.1
230800001	42.1
230900001	41.5
231000001	40.8
231100001	44.1
231200001	41.5
231300001	39.2
231400001	40.6
231500001	39.6
231600001	40.3
231700001	39.6
231800001	42.3
231900001	39.4
232000001	38.6
232100001	41.5
232200001	40.3
232300001	42.2
232400001	44.5
232500001	41.8
232600001	40.7
232700001	45.2
232800001	42.4
232900001	46.8
233000001	46.8
233100001	46.4
233200001	45.9
233300001	45.2
233400001	37.5
233500001	42.8
233600001	43.5
233700001	42.9
233800001	47.2
233900001	37.4
234000001	37.6
234100001	44.1
234200001	45
234300001	47.8
234400001	38.6
234500001	42.7
234600001	44.9
234700001	43.6
234800001	40.1
234900001	42.6
235000001	40.3
235100001	43.3
235200001	42.4
235300001	42.8
235400001	40.3
235500001	36.6
235600001	36.2
235700001	38.3
235800001	37.9
235900001	36.3
236000001	39.9
236100001	41
236200001	38.3
236300001	38.4
236400001	38
236500001	38
236600001	37
236700001	37.2
236800001	34.8
236900001	35.8
237000001	35.9
237100001	35.6
237200001	36
237300001	37
237400001	36.7
237500001	37.6
237600001	38.6
237700001	37.7
237800001	38.5
237900001	37.5
238000001	39.5
238100001	41.1
238200001	41
238300001	41.8
238400001	39.4
238500001	37.6
238600001	38.6
238700001	40.3
238800001	42
238900001	41
239000001	39
239100001	38.1
239200001	39
239300001	40.3
239400001	39.4
239500001	39.5
239600001	40.9
239700001	37.3
239800001	39.2
239900001	38.7
240000001	39
240100001	43.3
240200001	45
240300001	40.7
240400001	40.8
240500001	39.4
240600001	40.5
240700001	40.7
240800001	40.1
240900001	39.2
241000001	39.9
241100001	42.5
241200001	43.3
241300001	40.1
241400001	37.6
241500001	37.8
241600001	38.4
241700001	41
241800001	36.7
241900001	35.6
242000001	38.9
242100001	41.5
242200001	42.3
242300001	43.1
242400001	44.6
242500001	44.5
242600001	40.5
242700001	38.7
242800001	41.1
242900001	43.8
243000001	43.7
243100001	43.4
243200001	41.4
243300001	45.1
243400001	45
243500001	45.1
243600001	44.1
243700001	44.3
243800001	43.5
243900001	45.1
244000001	42.7
244100001	41.2
244200001	41.8
244300001	40.2
244400001	39.1
244500001	38.4
244600001	39.9
244700001	45.3
244800001	41.4
244900001	43.5
245000001	44
245100001	41.1
245200001	41.4
245300001	45.4
245400001	39.9
245500001	47.6
245600001	44.9
245700001	40.3
245800001	38.2
245900001	36.5
246000001	39.3
246100001	39.7
246200001	36.5
246300001	37.6
246400001	37.2
246500001	36.7
246600001	38.3
246700001	37.9
246800001	38.2
246900001	41
247000001	45.4
247100001	44.6
