variableStep chrom=chr15 span=100000
1	0
100001	0
200001	0
300001	0
400001	0
500001	0
600001	0
700001	0
800001	0
900001	0
1000001	0
1100001	0
1200001	0
1300001	0
1400001	0
1500001	0
1600001	0
1700001	0
1800001	0
1900001	0
2000001	0
2100001	0
2200001	0
2300001	0
2400001	0
2500001	0
2600001	0
2700001	0
2800001	0
2900001	0
3000001	0
3100001	0
3200001	0
3300001	0
3400001	0
3500001	0
3600001	0
3700001	0
3800001	0
3900001	0
4000001	0
4100001	0
4200001	0
4300001	0
4400001	0
4500001	0
4600001	0
4700001	0
4800001	0
4900001	0
5000001	0
5100001	0
5200001	0
5300001	0
5400001	0
5500001	0
5600001	0
5700001	0
5800001	0
5900001	0
6000001	0
6100001	0
6200001	0
6300001	0
6400001	0
6500001	0
6600001	0
6700001	0
6800001	0
6900001	0
7000001	0
7100001	0
7200001	0
7300001	0
7400001	0
7500001	0
7600001	0
7700001	0
7800001	0
7900001	0
8000001	0
8100001	0
8200001	0
8300001	0
8400001	0
8500001	0
8600001	0
8700001	0
8800001	0
8900001	0
9000001	0
9100001	0
9200001	0
9300001	0
9400001	0
9500001	0
9600001	0
9700001	0
9800001	0
9900001	0
10000001	0
10100001	0
10200001	0
10300001	0
10400001	0
10500001	0
10600001	0
10700001	0
10800001	0
10900001	0
11000001	0
11100001	0
11200001	0
11300001	0
11400001	0
11500001	0
11600001	0
11700001	0
11800001	0
11900001	0
12000001	0
12100001	0
12200001	0
12300001	0
12400001	0
12500001	0
12600001	0
12700001	0
12800001	0
12900001	0
13000001	0
13100001	0
13200001	0
13300001	0
13400001	0
13500001	0
13600001	0
13700001	0
13800001	0
13900001	0
14000001	0
14100001	0
14200001	0
14300001	0
14400001	0
14500001	0
14600001	0
14700001	0
14800001	0
14900001	0
15000001	0
15100001	0
15200001	0
15300001	0
15400001	0
15500001	0
15600001	0
15700001	0
15800001	0
15900001	0
16000001	0
16100001	0
16200001	0
16300001	0
16400001	0
16500001	0
16600001	0
16700001	0
16800001	0
16900001	0
17000001	0
17100001	0
17200001	0
17300001	0
17400001	0
17500001	0
17600001	0
17700001	0
17800001	0
17900001	0
18000001	0
18100001	0
18200001	37
18300001	36.5
18400001	44
18500001	46
18600001	43.6
18700001	46.3
18800001	40.8
18900001	44.5
19000001	44.7
19100001	35.9
19200001	43.1
19300001	37.6
19400001	42.3
19500001	46.3
19600001	44
19700001	37.7
19800001	36.1
19900001	42.1
20000001	45.2
20100001	0
20200001	42.5
20300001	44.5
20400001	47
20500001	46.6
20600001	44.5
20700001	39
20800001	43.4
20900001	45.4
21000001	44.2
21100001	45.9
21200001	43.2
21300001	40.2
21400001	41.6
21500001	39.9
21600001	39.7
21700001	39.7
21800001	39.1
21900001	38
22000001	38.8
22100001	38.5
22200001	38.9
22300001	39
22400001	40.1
22500001	39.2
22600001	41.7
22700001	40.4
22800001	43.2
22900001	43.6
23000001	47.2
23100001	36.9
23200001	38.6
23300001	41.4
23400001	45.8
23500001	47.3
23600001	44.2
23700001	42.7
23800001	42.3
23900001	42.2
24000001	40.9
24100001	40
24200001	39.8
24300001	40
24400001	42
24500001	41.4
24600001	40.9
24700001	40.8
24800001	42.2
24900001	40.7
25000001	42.4
25100001	38
25200001	42.5
25300001	40.1
25400001	40.1
25500001	40.8
25600001	44.1
25700001	43.4
25800001	41.1
25900001	45
26000001	46.9
26100001	43.5
26200001	44.5
26300001	41.5
26400001	0
26500001	42
26600001	44.8
26700001	42.1
26800001	41
26900001	0
27000001	46.6
27100001	49.6
27200001	46.2
27300001	41.6
27400001	42.4
27500001	43.7
27600001	43.9
27700001	44.7
27800001	38.2
27900001	41.6
28000001	41
28100001	43.3
28200001	46.6
28300001	41.6
28400001	44.7
28500001	39.7
28600001	44.8
28700001	40.7
28800001	42.3
28900001	42.1
29000001	40.7
29100001	44.5
29200001	46.2
29300001	49.2
29400001	50.5
29500001	46.7
29600001	43.3
29700001	42.1
29800001	42.5
29900001	42.2
30000001	40.5
30100001	41
30200001	42.7
30300001	41.2
30400001	46.5
30500001	44.1
30600001	40.8
30700001	41.6
30800001	39.2
30900001	40
31000001	38.9
31100001	39.3
31200001	41.5
31300001	41.7
31400001	40.4
31500001	40.2
31600001	40.2
31700001	42.8
31800001	43.2
31900001	41.3
32000001	39.3
32100001	42.1
32200001	40.3
32300001	39.9
32400001	45.7
32500001	41.1
32600001	43.8
32700001	38.9
32800001	41.7
32900001	37.3
33000001	40.8
33100001	41.7
33200001	36.4
33300001	38.5
33400001	36.2
33500001	35
33600001	35.6
33700001	38.1
33800001	36.9
33900001	37
34000001	36.9
34100001	36.7
34200001	35.7
34300001	36
34400001	36.4
34500001	36.3
34600001	38.6
34700001	36.8
34800001	37.9
34900001	38.6
35000001	37.3
35100001	39.7
35200001	36.8
35300001	36.9
35400001	36.9
35500001	36.7
35600001	36.4
35700001	35.8
35800001	37.1
35900001	37.8
36000001	38.8
36100001	40.2
36200001	38.5
36300001	37.4
36400001	37
36500001	38.7
36600001	42.5
36700001	41.8
36800001	40.9
36900001	40.1
37000001	37.7
37100001	38.5
37200001	38.9
37300001	38.6
37400001	40.2
37500001	41
37600001	41.5
37700001	39
37800001	39.1
37900001	40.7
38000001	40.3
38100001	48.2
38200001	41.6
38300001	52.9
38400001	51.2
38500001	50
38600001	44.3
38700001	43.2
38800001	49
38900001	50.9
39000001	48.8
39100001	42.3
39200001	44.5
39300001	43.6
39400001	46.3
39500001	49.1
39600001	49.1
39700001	40.9
39800001	43.4
39900001	56.5
40000001	48.2
40100001	47.2
40200001	45
40300001	39.8
40400001	44.2
40500001	41.9
40600001	42.6
40700001	43.6
40800001	42.5
40900001	39.6
41000001	41.6
41100001	39.2
41200001	42.9
41300001	46.5
41400001	42.1
41500001	42.4
41600001	47.4
41700001	46
41800001	45.3
41900001	44.7
42000001	42.2
42100001	38.4
42200001	40.1
42300001	42.2
42400001	40.4
42500001	40.7
42600001	42.1
42700001	41.8
42800001	40.9
42900001	43.2
43000001	39.9
43100001	48.1
43200001	50.1
43300001	42.7
43400001	40.9
43500001	42.8
43600001	42.4
43700001	44.6
43800001	41.4
43900001	40.6
44000001	38.5
44100001	38.2
44200001	37.4
44300001	38.6
44400001	37.3
44500001	36.5
44600001	37.3
44700001	35.7
44800001	35.9
44900001	35.6
45000001	35.4
45100001	35.2
45200001	37.1
45300001	37.4
45400001	39.5
45500001	38.6
45600001	39
45700001	39.1
45800001	40.7
45900001	40.2
46000001	40.5
46100001	40.6
46200001	35.2
46300001	39.2
46400001	41.2
46500001	38.5
46600001	38.7
46700001	39.2
46800001	36.8
46900001	39.2
47000001	40.8
47100001	38.7
47200001	36.8
47300001	38.7
47400001	37.4
47500001	34.6
47600001	36.7
47700001	37.6
47800001	37.7
47900001	39.2
48000001	37.1
48100001	38.3
48200001	40.8
48300001	41
48400001	42.6
48500001	40.1
48600001	38.3
48700001	40.9
48800001	42.4
48900001	40.9
49000001	37.6
49100001	43.8
49200001	42.4
49300001	44.5
49400001	44.4
49500001	37.4
49600001	37.1
49700001	40.3
49800001	41.4
49900001	40.3
50000001	44.1
50100001	43.5
50200001	44.5
50300001	45.1
50400001	38.7
50500001	40.8
50600001	39.5
50700001	38.1
50800001	44.7
50900001	40.7
51000001	39.9
51100001	38.5
51200001	39.1
51300001	39
51400001	39.8
51500001	39
51600001	36
51700001	36.7
51800001	38.1
51900001	38
52000001	37.3
52100001	37.7
52200001	35.1
52300001	35.6
52400001	35
52500001	35.9
52600001	36.7
52700001	36.7
52800001	37.2
52900001	38.5
53000001	38.9
53100001	38.6
53200001	39.4
53300001	42.1
53400001	40.5
53500001	42.6
53600001	39.3
53700001	38.4
53800001	43.4
53900001	38
54000001	40.1
54100001	39.8
54200001	36.6
54300001	37.7
54400001	36.7
54500001	37.9
54600001	37.4
54700001	34.4
54800001	39.3
54900001	39.4
55000001	36.5
55100001	36.7
55200001	37.2
55300001	40.5
55400001	46.2
55500001	42.5
55600001	45.6
55700001	40
55800001	42.7
55900001	40.7
56000001	40.1
56100001	38.2
56200001	40.2
56300001	42.4
56400001	41.3
56500001	45.7
56600001	42.4
56700001	36.8
56800001	41.1
56900001	39.8
57000001	40.2
57100001	39
57200001	44.4
57300001	42.7
57400001	43.7
57500001	41.4
57600001	43.8
57700001	40
57800001	40.9
57900001	41.4
58000001	40.3
58100001	41.1
58200001	39.2
58300001	40.6
58400001	43.6
58500001	37.7
58600001	40.4
58700001	41.4
58800001	41.6
58900001	43.4
59000001	41.8
59100001	42.4
59200001	41.3
59300001	39.9
59400001	40.1
59500001	39.7
59600001	40.3
59700001	40.1
59800001	41.4
59900001	37.4
60000001	35
60100001	39.3
60200001	41.1
60300001	43.5
60400001	44.3
60500001	44.9
60600001	42.5
60700001	42
60800001	44.3
60900001	44.4
61000001	45
61100001	45.1
61200001	41.9
61300001	40.4
61400001	47.1
61500001	44.6
61600001	40.9
61700001	38.6
61800001	38.3
61900001	46.1
62000001	46.5
62100001	44.4
62200001	45.3
62300001	39.1
62400001	42
62500001	42.6
62600001	42.1
62700001	45
62800001	51.3
62900001	51
63000001	43.4
63100001	48.7
63200001	44.7
63300001	47.3
63400001	51.5
63500001	43
63600001	42.2
63700001	40.1
63800001	38.8
63900001	43
64000001	49
64100001	49.1
64200001	49
64300001	46
64400001	43.8
64500001	44.4
64600001	46
64700001	50.3
64800001	49.2
64900001	47.9
65000001	46.2
65100001	47.4
65200001	46.4
65300001	38.2
65400001	38.3
65500001	41.4
65600001	39.5
65700001	38
65800001	42.8
65900001	46.4
66000001	43.6
66100001	39.1
66200001	42
66300001	44.4
66400001	48.4
66500001	45.2
66600001	47.5
66700001	49.1
66800001	46.6
66900001	40.5
67000001	41.3
67100001	46.5
67200001	39.7
67300001	43
67400001	45.4
67500001	43.8
67600001	47.2
67700001	46.2
67800001	45.6
67900001	47.8
68000001	46
68100001	50.2
68200001	49
68300001	47.9
68400001	46.1
68500001	49.5
68600001	45.5
68700001	38.5
68800001	42.1
68900001	41.6
69000001	36.3
69100001	40.7
69200001	43.2
69300001	43.1
69400001	42.4
69500001	41.8
69600001	41.3
69700001	41.5
69800001	46.1
69900001	36.5
70000001	36.7
70100001	40.8
70200001	46
70300001	46.7
70400001	43.3
70500001	39.8
70600001	40.2
70700001	45.3
70800001	43.4
70900001	43.3
71000001	41.7
71100001	39.3
71200001	37.5
71300001	41.7
71400001	50.7
71500001	39.3
71600001	40.2
71700001	45.9
71800001	51.9
71900001	48
72000001	49.9
72100001	49.9
72200001	51.2
72300001	53.5
72400001	52.8
72500001	47.9
72600001	48.9
72700001	44.3
72800001	52.8
72900001	51.7
73000001	48.2
73100001	47.9
73200001	50.7
73300001	49.1
73400001	47.8
73500001	46.2
73600001	45.3
73700001	55.3
73800001	48.8
73900001	40.2
74000001	37.8
74100001	42.9
74200001	50.5
74300001	40.8
74400001	43.1
74500001	37.8
74600001	37.6
74700001	36.5
74800001	36.3
74900001	39.5
75000001	45.6
75100001	46.5
75200001	38.7
75300001	37.1
75400001	37.7
75500001	41.1
75600001	53.7
75700001	54.6
75800001	54.7
75900001	54.1
76000001	51.5
76100001	46.6
76200001	48
76300001	47.2
76400001	47.9
76500001	41.1
76600001	43.1
76700001	47
76800001	53.3
76900001	44.8
77000001	50.2
77100001	48.3
77200001	44.9
77300001	42
77400001	41.9
77500001	43.1
77600001	41.5
77700001	39.9
77800001	43.3
77900001	40.8
78000001	43.6
78100001	41
78200001	44
78300001	43.8
78400001	42.2
78500001	45.5
78600001	45.1
78700001	43.5
78800001	43.2
78900001	47.5
79000001	46.2
79100001	42.3
79200001	42.7
79300001	43.9
79400001	41.8
79500001	37.7
79600001	37.8
79700001	38.4
79800001	41.7
79900001	40.9
80000001	40.5
80100001	46.6
80200001	38.5
80300001	42.3
80400001	44.5
80500001	47.1
80600001	48.9
80700001	51.3
80800001	41.7
80900001	47.1
81000001	42.7
81100001	47.5
81200001	43.2
81300001	45.7
81400001	43.6
81500001	43
81600001	38.8
81700001	42.3
81800001	43.8
81900001	41.1
82000001	40.7
82100001	40.6
82200001	39.7
82300001	39.1
82400001	40.5
82500001	38
82600001	47.5
82700001	46.7
82800001	41.7
82900001	46.1
83000001	44.2
83100001	46.2
83200001	49
83300001	42.5
83400001	42.4
83500001	46.9
83600001	46.4
83700001	40.7
83800001	39.6
83900001	39.7
84000001	41.6
84100001	48.7
84200001	44.7
84300001	43.2
84400001	41.4
84500001	40.3
84600001	39.4
84700001	39.1
84800001	38.2
84900001	39.7
85000001	38.2
85100001	38.8
85200001	39.7
85300001	37.1
85400001	37.2
85500001	39.2
85600001	37.5
85700001	37.5
85800001	38.4
85900001	40.7
86000001	40.9
86100001	41.7
86200001	42.7
86300001	43.9
86400001	45.7
86500001	48.6
86600001	46.9
86700001	44.7
86800001	45.1
86900001	46.2
87000001	45.7
87100001	47.4
87200001	49.8
87300001	44.7
87400001	43.8
87500001	45.2
87600001	44.3
87700001	52.4
87800001	46.7
87900001	45.4
88000001	46
88100001	51
88200001	44.7
88300001	47.8
88400001	49.9
88500001	50.5
88600001	45.1
88700001	41.6
88800001	43.1
88900001	45.2
89000001	43.4
89100001	45.7
89200001	53.9
89300001	46.6
89400001	42.5
89500001	41.6
89600001	41.4
89700001	38.3
89800001	40.3
89900001	40.3
90000001	41.3
90100001	41.9
90200001	44.7
90300001	44.2
90400001	46.2
90500001	41.7
90600001	43
90700001	46.2
90800001	43.5
90900001	46.6
91000001	43.6
91100001	45
91200001	40.4
91300001	44.2
91400001	47.9
91500001	44.4
91600001	45.2
91700001	43.2
91800001	41.3
91900001	39.5
92000001	39
92100001	40.4
92200001	38.2
92300001	39.1
92400001	38.9
92500001	38.4
92600001	38.9
92700001	37.7
92800001	37.7
92900001	40.4
93000001	41.3
93100001	38.9
93200001	37.4
93300001	37.3
93400001	38.2
93500001	37.8
93600001	39.3
93700001	37.3
93800001	37.9
93900001	37.8
94000001	37.4
94100001	36.7
94200001	39.2
94300001	39.7
94400001	39.7
94500001	40.4
94600001	43.6
94700001	43.2
94800001	39.3
94900001	38.5
95000001	38.3
95100001	40.6
95200001	38.4
95300001	38
95400001	38.5
95500001	36.3
95600001	37.4
95700001	38.1
95800001	36.3
95900001	37
96000001	38.8
96100001	39.2
96200001	40.3
96300001	40.9
96400001	42.5
96500001	41.9
96600001	42.7
96700001	45.5
96800001	43.4
96900001	43.5
97000001	45.3
97100001	42.6
97200001	44.3
97300001	46.4
97400001	47
97500001	42
97600001	37.8
97700001	44
97800001	44.7
97900001	38.4
98000001	39.6
98100001	40.4
98200001	39.9
98300001	47.3
98400001	46.1
98500001	46.5
98600001	46.5
98700001	41.6
98800001	40.2
98900001	41.6
99000001	46.5
99100001	43.8
99200001	48.3
99300001	43.5
99400001	52
99500001	45.2
99600001	48.1
99700001	47.6
99800001	48.5
99900001	44.6
100000001	41
100100001	43.5
100200001	37
