variableStep chrom=chr12 span=100000
1	48
100001	54.2
200001	42.8
300001	41.1
400001	46
500001	50.6
600001	45.5
700001	39.8
800001	39.2
900001	44
1000001	39.2
1100001	38.2
1200001	37.5
1300001	39.5
1400001	43.8
1500001	47
1600001	45.2
1700001	44
1800001	48.9
1900001	41.7
2000001	47.1
2100001	46.6
2200001	47.1
2300001	47.4
2400001	47.7
2500001	49.2
2600001	47.6
2700001	47.1
2800001	47.6
2900001	49.8
3000001	49.9
3100001	51.6
3200001	54.8
3300001	46.4
3400001	46.6
3500001	47.2
3600001	45.4
3700001	42.7
3800001	40
3900001	44.6
4000001	43.4
4100001	43.6
4200001	46
4300001	42.2
4400001	40.8
4500001	40
4600001	39.8
4700001	43.5
4800001	44.1
4900001	45
5000001	44.9
5100001	43.5
5200001	42.8
5300001	40.3
5400001	46.4
5500001	43.8
5600001	44.6
5700001	43.4
5800001	45.2
5900001	43.9
6000001	49.1
6100001	49.2
6200001	49.9
6300001	49.5
6400001	47.1
6500001	50.9
6600001	49.6
6700001	50.5
6800001	52.3
6900001	50.2
7000001	45.6
7100001	50.3
7200001	42
7300001	39.3
7400001	36.2
7500001	37.9
7600001	40.6
7700001	45.2
7800001	44.8
7900001	45.6
8000001	45.7
8100001	40.7
8200001	44.8
8300001	44.8
8400001	46.2
8500001	37.9
8600001	43.1
8700001	42.4
8800001	44
8900001	43.2
9000001	39.5
9100001	38.3
9200001	37.8
9300001	45.6
9400001	47.4
9500001	38.5
9600001	39.1
9700001	37.9
9800001	37.2
9900001	38.1
10000001	38
10100001	38.5
10200001	41.8
10300001	37.2
10400001	35.4
10500001	36.3
10600001	37.3
10700001	39.1
10800001	35.8
10900001	37.1
11000001	35.8
11100001	36.2
11200001	37.1
11300001	39.9
11400001	39.9
11500001	41.6
11600001	41.1
11700001	43.1
11800001	43.1
11900001	42.3
12000001	43.8
12100001	42.2
12200001	38.4
12300001	44.6
12400001	41.9
12500001	41.1
12600001	42.6
12700001	42.9
12800001	43.2
12900001	45.7
13000001	42.4
13100001	43.3
13200001	43
13300001	43.1
13400001	41.9
13500001	40.8
13600001	41.7
13700001	40
13800001	40.2
13900001	39.4
14000001	40.1
14100001	39.5
14200001	42.1
14300001	43.2
14400001	36.4
14500001	38.6
14600001	39.6
14700001	39.8
14800001	38.6
14900001	39.3
15000001	38.3
15100001	35.9
15200001	37.5
15300001	37.1
15400001	36.6
15500001	38.2
15600001	37.8
15700001	36.3
15800001	37.9
15900001	39
16000001	38.8
16100001	38.7
16200001	36.8
16300001	38.2
16400001	37.3
16500001	36.8
16600001	35.8
16700001	35.3
16800001	35.5
16900001	35
17000001	36.4
17100001	35.8
17200001	34.9
17300001	35.5
17400001	35.2
17500001	36.1
17600001	34.7
17700001	35.8
17800001	35.6
17900001	35.4
18000001	35.9
18100001	35.4
18200001	35.9
18300001	34.6
18400001	36.1
18500001	36.4
18600001	35.9
18700001	36.6
18800001	36.8
18900001	38.4
19000001	38.9
19100001	39
19200001	36.4
19300001	38.8
19400001	44.1
19500001	39.4
19600001	40.2
19700001	39.2
19800001	38.8
19900001	37.1
20000001	36.6
20100001	38.3
20200001	36.7
20300001	36
20400001	36.4
20500001	35.7
20600001	35.4
20700001	35.9
20800001	38.7
20900001	36.4
21000001	34.9
21100001	35.7
21200001	35.1
21300001	36.4
21400001	37
21500001	37.5
21600001	37.2
21700001	38.5
21800001	37.2
21900001	35.6
22000001	38.5
22100001	39.2
22200001	37.5
22300001	39.4
22400001	36.9
22500001	35.7
22600001	37.3
22700001	37.1
22800001	38.1
22900001	38.3
23000001	38.1
23100001	37.3
23200001	37.9
23300001	36.3
23400001	36.8
23500001	37.6
23600001	34.9
23700001	34.6
23800001	33.8
23900001	34.4
24000001	35.2
24100001	35.9
24200001	36.7
24300001	37.1
24400001	38.5
24500001	37.5
24600001	38
24700001	38.3
24800001	38.5
24900001	41.2
25000001	40.4
25100001	37.9
25200001	38
25300001	39
25400001	40.8
25500001	37.5
25600001	39.3
25700001	38.9
25800001	38.3
25900001	40.5
26000001	38.7
26100001	40.6
26200001	39.7
26300001	41.9
26400001	38.1
26500001	37.7
26600001	37.6
26700001	38
26800001	39.8
26900001	38.8
27000001	39.3
27100001	39.3
27200001	40
27300001	38.6
27400001	39
27500001	40.6
27600001	39.4
27700001	39.4
27800001	42.3
27900001	39.5
28000001	39.7
28100001	36.8
28200001	36.5
28300001	34.2
28400001	34.2
28500001	35.7
28600001	37.9
28700001	36.6
28800001	38.4
28900001	37.7
29000001	37.7
29100001	38.6
29200001	39
29300001	37.6
29400001	37.4
29500001	38.1
29600001	39.8
29700001	39.1
29800001	39.7
29900001	38.9
30000001	38.2
30100001	39.3
30200001	39.8
30300001	40.7
30400001	38.6
30500001	38.7
30600001	39.2
30700001	37.6
30800001	42.8
30900001	44.3
31000001	49.6
31100001	45.4
31200001	41.7
31300001	42
31400001	43.1
31500001	40
31600001	43.4
31700001	41.6
31800001	43.1
31900001	43.6
32000001	43.6
32100001	42.5
32200001	40.3
32300001	40.1
32400001	42.2
32500001	40.6
32600001	40.3
32700001	40.4
32800001	40.6
32900001	41.7
33000001	39.6
33100001	37.9
33200001	37.8
33300001	38
33400001	36.3
33500001	35.9
33600001	35.7
33700001	34.6
33800001	37.3
33900001	35.7
34000001	36.4
34100001	39.9
34200001	42.8
34300001	54.9
34400001	49.2
34500001	37.5
34600001	40
34700001	36.3
34800001	0
34900001	0
35000001	0
35100001	0
35200001	0
35300001	0
35400001	0
35500001	0
35600001	0
35700001	0
35800001	0
35900001	0
36000001	0
36100001	35.1
36200001	41.7
36300001	37
36400001	37.3
36500001	36.4
36600001	36.5
36700001	41.2
36800001	44
36900001	36.8
37000001	35.6
37100001	36.7
37200001	35.9
37300001	36.2
37400001	36.2
37500001	36.5
37600001	37
37700001	37.5
37800001	38.4
37900001	37.1
38000001	36
38100001	38.6
38200001	36
38300001	36
38400001	37.1
38500001	36.3
38600001	37.9
38700001	37.3
38800001	35.9
38900001	34.9
39000001	36.4
39100001	37.8
39200001	37.4
39300001	37.8
39400001	35.3
39500001	34.9
39600001	35.1
39700001	36
39800001	36.5
39900001	36.4
40000001	35.4
40100001	37.1
40200001	36.8
40300001	37.8
40400001	39.1
40500001	38.6
40600001	40.1
40700001	38.6
40800001	38.3
40900001	42.2
41000001	37.9
41100001	41.5
41200001	40.6
41300001	40.9
41400001	39.9
41500001	37.4
41600001	38.6
41700001	36.7
41800001	36.2
41900001	36.9
42000001	35.9
42100001	34.9
42200001	37
42300001	37.5
42400001	37
42500001	39.9
42600001	38.2
42700001	37.5
42800001	36.2
42900001	36.2
43000001	37
43100001	38.4
43200001	36.2
43300001	36.7
43400001	35.5
43500001	37
43600001	37.3
43700001	38.1
43800001	40.8
43900001	39.7
44000001	38.7
44100001	39.2
44200001	39.8
44300001	39
44400001	36.3
44500001	36.8
44600001	37.7
44700001	39.8
44800001	38.6
44900001	39.7
45000001	39.6
45100001	38.4
45200001	39.3
45300001	38.6
45400001	37.2
45500001	38.5
45600001	38.6
45700001	39
45800001	39.4
45900001	42.1
46000001	40.6
46100001	39.4
46200001	41
46300001	39.3
46400001	54.4
46500001	48.6
46600001	49.8
46700001	41.5
46800001	43.1
46900001	37.6
47000001	42
47100001	39.4
47200001	41.6
47300001	42.4
47400001	49.5
47500001	49.2
47600001	50.1
47700001	51.6
47800001	44.8
47900001	47.5
48000001	46.4
48100001	41.3
48200001	49.3
48300001	48.3
48400001	46.5
48500001	50
48600001	48.2
48700001	50.8
48800001	43.8
48900001	42.5
49000001	43.6
49100001	41.8
49200001	42
49300001	40.8
49400001	43
49500001	40.4
49600001	42.7
49700001	44.5
49800001	45.6
49900001	45.5
50000001	47.4
50100001	42.5
50200001	41.9
50300001	40.3
50400001	43.3
50500001	52.4
50600001	48
50700001	51.9
50800001	53.9
50900001	50.3
51000001	50.2
51100001	43.8
51200001	50.1
51300001	47
51400001	47.9
51500001	51.1
51600001	47.8
51700001	49.7
51800001	47.8
51900001	51.3
52000001	48.9
52100001	48.7
52200001	42.4
52300001	45.5
52400001	46.3
52500001	40.7
52600001	51.9
52700001	49.1
52800001	51.1
52900001	45.1
53000001	50.7
53100001	42.8
53200001	47.6
53300001	41.8
53400001	39.6
53500001	37.1
53600001	40.8
53700001	38.4
53800001	35.9
53900001	34.3
54000001	36.3
54100001	36.6
54200001	39.4
54300001	47.7
54400001	46
54500001	45.8
54600001	47.9
54700001	48
54800001	49.1
54900001	49.6
55000001	46.8
55100001	46.4
55200001	45
55300001	47
55400001	45.2
55500001	41.3
55600001	46.7
55700001	48.2
55800001	55.8
55900001	48.1
56000001	42.2
56100001	49.6
56200001	50
56300001	44
56400001	50.4
56500001	48
56600001	39.1
56700001	40.3
56800001	39.1
56900001	38.7
57000001	39.3
57100001	38.4
57200001	39
57300001	37.6
57400001	35.7
57500001	38.4
57600001	36.6
57700001	38.2
57800001	36
57900001	36.2
58000001	35.7
58100001	35.7
58200001	38.3
58300001	35.1
58400001	36.4
58500001	35.9
58600001	35.4
58700001	35
58800001	33.6
58900001	35.7
59000001	34.6
59100001	34.2
59200001	35.1
59300001	35.3
59400001	34.8
59500001	33.9
59600001	35.4
59700001	34.3
59800001	35.4
59900001	36
60000001	36.2
60100001	36.8
60200001	37.9
60300001	36
60400001	35.8
60500001	36.6
60600001	37
60700001	36.8
60800001	37.9
60900001	36.3
61000001	34.6
61100001	39.1
61200001	36.1
61300001	43.8
61400001	43.5
61500001	41
61600001	39.4
61700001	38.9
61800001	38.1
61900001	37.4
62000001	38.3
62100001	36.3
62200001	36.7
62300001	37.2
62400001	38.9
62500001	40.8
62600001	39.1
62700001	38.3
62800001	40.9
62900001	40.9
63000001	42.3
63100001	38.8
63200001	44.5
63300001	43.6
63400001	41.6
63500001	41.4
63600001	40.4
63700001	38.7
63800001	36.9
63900001	36.7
64000001	36.8
64100001	39
64200001	40.2
64300001	39.3
64400001	40.9
64500001	39.5
64600001	38.9
64700001	39
64800001	40.2
64900001	40.4
65000001	41
65100001	39
65200001	38.7
65300001	37.9
65400001	38.2
65500001	37.8
65600001	38.1
65700001	39.1
65800001	37.6
65900001	37.2
66000001	39.4
66100001	41.5
66200001	40
66300001	40.8
66400001	40.6
66500001	39.3
66600001	39.4
66700001	38.5
66800001	38.7
66900001	39.5
67000001	41.5
67100001	40.4
67200001	40.5
67300001	39.5
67400001	41.8
67500001	41.1
67600001	40.8
67700001	41.2
67800001	41.8
67900001	37.3
68000001	40
68100001	39.8
68200001	39.3
68300001	41.5
68400001	38.1
68500001	39.5
68600001	40.6
68700001	38.2
68800001	37.8
68900001	36.1
69000001	36.8
69100001	40.2
69200001	40.4
69300001	37.2
69400001	38
69500001	37.5
69600001	36.8
69700001	37.8
69800001	37.4
69900001	36.5
70000001	36.2
70100001	39.1
70200001	38.3
70300001	37.4
70400001	38.2
70500001	37.6
70600001	39.3
70700001	38.1
70800001	37.9
70900001	37.4
71000001	36.5
71100001	35.5
71200001	33.8
71300001	36.5
71400001	37.3
71500001	36.2
71600001	35.6
71700001	35
71800001	35
71900001	36.1
72000001	35
72100001	35
72200001	34.5
72300001	35.4
72400001	33.4
72500001	34.7
72600001	34.6
72700001	35
72800001	34.5
72900001	36.9
73000001	35.1
73100001	36
73200001	35.3
73300001	35.1
73400001	34.9
73500001	34.6
73600001	35.2
73700001	34.3
73800001	34.9
73900001	34.7
74000001	34.8
74100001	38.1
74200001	37.6
74300001	37.8
74400001	39.2
74500001	40
74600001	42
74700001	39.6
74800001	0
74900001	0
75000001	40.7
75100001	41
75200001	40.1
75300001	35.5
75400001	38.3
75500001	40
75600001	40.5
75700001	37.1
75800001	38.9
75900001	39.8
76000001	37.8
76100001	37.7
76200001	38.4
76300001	36.7
76400001	36.8
76500001	35.8
76600001	35.8
76700001	36.2
76800001	34.4
76900001	36.5
77000001	34.2
77100001	36.2
77200001	35
77300001	36
77400001	36.6
77500001	35.5
77600001	34.4
77700001	34.4
77800001	33.5
77900001	34.7
78000001	35.4
78100001	36.2
78200001	37
78300001	38.1
78400001	42.1
78500001	36.4
78600001	38.5
78700001	36
78800001	37.3
78900001	37.9
79000001	38.1
79100001	36.7
79200001	36
79300001	35.9
79400001	35.1
79500001	33.9
79600001	36.4
79700001	37.3
79800001	36.1
79900001	36.2
80000001	35.8
80100001	34.4
80200001	33.9
80300001	34.4
80400001	34.9
80500001	34.7
80600001	35.1
80700001	34.6
80800001	37.2
80900001	35.9
81000001	36
81100001	36.3
81200001	36.5
81300001	34.2
81400001	36.3
81500001	37
81600001	39.2
81700001	38.1
81800001	36
81900001	36.5
82000001	37.7
82100001	36.6
82200001	36.5
82300001	35.8
82400001	36.5
82500001	36
82600001	36.9
82700001	35.6
82800001	33.9
82900001	35.5
83000001	35.3
83100001	33.6
83200001	35
83300001	34.5
83400001	34
83500001	33.5
83600001	34.3
83700001	35.2
83800001	35.3
83900001	34
84000001	33.9
84100001	34.1
84200001	34
84300001	35.2
84400001	34.3
84500001	35.5
84600001	34.9
84700001	35.8
84800001	34.4
84900001	36.6
85000001	34
85100001	34.3
85200001	34.8
85300001	34.2
85400001	35.2
85500001	34.3
85600001	35.1
85700001	32.8
85800001	35.2
85900001	33.4
86000001	34.6
86100001	34.5
86200001	34.8
86300001	37
86400001	35.8
86500001	35.7
86600001	35.5
86700001	35.4
86800001	36.9
86900001	35.4
87000001	34.4
87100001	37.4
87200001	36
87300001	37.2
87400001	36.4
87500001	36.8
87600001	35.7
87700001	36.5
87800001	36.3
87900001	37.9
88000001	38
88100001	37.9
88200001	40.6
88300001	39.7
88400001	41.1
88500001	36.1
88600001	37.8
88700001	37.5
88800001	37.4
88900001	37.7
89000001	36.8
89100001	36.3
89200001	35.1
89300001	35.1
89400001	35.7
89500001	34.5
89600001	34.4
89700001	36
89800001	36.3
89900001	34.7
90000001	34.8
90100001	35.2
90200001	36.2
90300001	36.1
90400001	36.3
90500001	36.5
90600001	36.7
90700001	37
90800001	37.9
90900001	38.5
91000001	39.3
91100001	38.8
91200001	39.5
91300001	39.9
91400001	39.5
91500001	39.8
91600001	39.6
91700001	35.9
91800001	41.5
91900001	41.5
92000001	41.3
92100001	41
92200001	43.1
92300001	41.2
92400001	41.7
92500001	40.8
92600001	39.3
92700001	40.9
92800001	42.5
92900001	41.5
93000001	44.5
93100001	43.7
93200001	38.7
93300001	38.2
93400001	43.3
93500001	43
93600001	42
93700001	42.1
93800001	42.9
93900001	40.3
94000001	41.2
94100001	39.8
94200001	40.6
94300001	43.5
94400001	40.8
94500001	42
94600001	39.8
94700001	40.3
94800001	42
94900001	42
95000001	45.1
95100001	44.2
95200001	37.2
95300001	41.5
95400001	38.8
95500001	38.4
95600001	38
95700001	37.8
95800001	36.4
95900001	39.1
96000001	38.9
96100001	38.8
96200001	40.4
96300001	37.9
96400001	36.7
96500001	39.4
96600001	38.9
96700001	37.6
96800001	38.7
96900001	39.1
97000001	39.6
97100001	40.1
97200001	39.9
97300001	43
97400001	42.2
97500001	41.6
97600001	41.7
97700001	39.8
97800001	39.5
97900001	39
98000001	38.3
98100001	37.6
98200001	36.1
98300001	36.2
98400001	36.3
98500001	36.6
98600001	37.2
98700001	36
98800001	38.2
98900001	39.1
99000001	41.9
99100001	41.1
99200001	39.8
99300001	41
99400001	39.9
99500001	39.3
99600001	40.2
99700001	38.7
99800001	38.8
99900001	39.7
100000001	38.6
100100001	40.1
100200001	39.1
100300001	41.3
100400001	41.3
100500001	38.3
100600001	39.3
100700001	43
100800001	41.9
100900001	37.2
101000001	37
101100001	35.6
101200001	39.4
101300001	39.5
101400001	41.1
101500001	38.9
101600001	40
101700001	41.1
101800001	41.6
101900001	38.1
102000001	37.8
102100001	38
102200001	38.1
102300001	38
102400001	40.4
102500001	42
102600001	44.5
102700001	42.6
102800001	42
102900001	41.2
103000001	40.2
103100001	43.1
103200001	43.1
103300001	44.3
103400001	45.1
103500001	46
103600001	46
103700001	37.2
103800001	38.6
103900001	40.1
104000001	37.2
104100001	43.1
104200001	41.7
104300001	42.7
104400001	42.5
104500001	41.9
104600001	40.7
104700001	40.8
104800001	41.7
104900001	43
105000001	44.6
105100001	44.6
105200001	41.7
105300001	39.3
105400001	41
105500001	42.8
105600001	42.8
105700001	38
105800001	41.2
105900001	37.6
106000001	41.6
106100001	41.3
106200001	45.2
106300001	47.2
106400001	44.7
106500001	46.2
106600001	41.6
106700001	42.5
106800001	42.1
106900001	42.9
107000001	45.6
107100001	45.9
107200001	47.6
107300001	44.8
107400001	45
107500001	48.1
107600001	44.4
107700001	48.2
107800001	47.2
107900001	43
108000001	46.1
108100001	47.6
108200001	44.8
108300001	45.1
108400001	48.3
108500001	51.2
108600001	51.4
108700001	50.6
108800001	47.1
108900001	44.8
109000001	43.2
109100001	42.2
109200001	44.6
109300001	45.8
109400001	41.8
109500001	46.3
109600001	45.7
109700001	47.9
109800001	46.4
109900001	47.7
110000001	48
110100001	49
110200001	51.4
110300001	49.8
110400001	40.8
110500001	46.4
110600001	47.7
110700001	45.8
110800001	41.4
110900001	41.1
111000001	46.4
111100001	43.2
111200001	41
111300001	44.4
111400001	45.4
111500001	43
111600001	42.5
111700001	45.1
111800001	45.2
111900001	47.3
112000001	52.5
112100001	49.4
112200001	50.7
112300001	50.7
112400001	47.9
112500001	46.2
112600001	47.8
112700001	51.5
112800001	48.3
112900001	46.1
113000001	44.2
113100001	43.3
113200001	43.1
113300001	45.6
113400001	42.3
113500001	44.8
113600001	47.8
113700001	44.9
113800001	42.1
113900001	42.1
114000001	41.2
114100001	43.5
114200001	41.8
114300001	42.2
114400001	43.2
114500001	44
114600001	42.1
114700001	43.4
114800001	43.3
114900001	37.5
115000001	36.9
115100001	37.4
115200001	45.1
115300001	47.7
115400001	46.3
115500001	46.3
115600001	45.5
115700001	47.7
115800001	44.1
115900001	47.9
116000001	47.1
116100001	46.9
116200001	47.8
116300001	47
116400001	45.3
116500001	44.4
116600001	44
116700001	45.5
116800001	43.8
116900001	45.4
117000001	46.5
117100001	39.5
117200001	39.7
117300001	42.9
117400001	43.5
117500001	42.6
117600001	43.8
117700001	41.4
117800001	41.4
117900001	43.3
118000001	45.5
118100001	44.4
118200001	43.5
118300001	43.9
118400001	42.9
118500001	43.3
118600001	43.8
118700001	43.9
118800001	45.2
118900001	43
119000001	51.2
119100001	50.9
119200001	49.7
119300001	47
119400001	45.9
119500001	49.4
119600001	48.7
119700001	39.8
119800001	45.6
119900001	48.1
120000001	46.5
120100001	48.6
120200001	46
120300001	47.3
120400001	50.6
120500001	50.4
120600001	50.2
120700001	54
120800001	46.4
120900001	50.4
121000001	0
121100001	52.1
121200001	48.5
121300001	43.3
121400001	45.4
121500001	42.8
121600001	42
121700001	46.7
121800001	46.4
121900001	50.3
122000001	53.6
122100001	50.1
122200001	43.8
122300001	46
122400001	49.3
122500001	49.6
122600001	45.8
122700001	44.6
122800001	44.7
122900001	48.7
123000001	44.2
123100001	46.2
123200001	47
123300001	54
123400001	58.1
123500001	56.7
123600001	52.3
123700001	50.9
123800001	51.4
123900001	49
124000001	49.9
124100001	50.5
124200001	48.5
124300001	45.8
124400001	43.6
124500001	43.8
124600001	40
124700001	42.7
124800001	40.9
124900001	41.4
125000001	41.4
125100001	41
125200001	40.6
125300001	40.9
125400001	40.5
125500001	39
125600001	40.5
125700001	41.4
125800001	40.6
125900001	40
126000001	39.9
126100001	40.7
126200001	41.3
126300001	42.1
126400001	42.2
126500001	41.4
126600001	42.5
126700001	41.6
126800001	41.6
126900001	40.1
127000001	42
127100001	42.4
127200001	44.2
127300001	43.4
127400001	44.9
127500001	45
127600001	46.1
127700001	46
127800001	47
127900001	44.7
128000001	46.9
128100001	45.1
128200001	42.9
128300001	42.3
128400001	41.8
128500001	41.9
128600001	42.2
128700001	41.9
128800001	43.2
128900001	44.8
129000001	45.3
129100001	49.3
129200001	46.2
129300001	44.2
129400001	45.4
129500001	49.9
129600001	47
129700001	48.9
129800001	47
129900001	45
130000001	51.6
130100001	51.1
130200001	48.9
130300001	51.6
130400001	52.2
130500001	47.9
130600001	52.6
130700001	48.4
130800001	51.4
130900001	55.8
131000001	46.9
131100001	50.8
131200001	58
131300001	58.4
131400001	58.2
131500001	60.1
131600001	60.6
131700001	51.9
131800001	53.1
131900001	50.3
132000001	44.8
132100001	40.9
132200001	40.8
