variableStep chrom=chr8 span=100000
1	44.3
100001	39.8
200001	46.8
300001	44.2
400001	43.1
500001	48.7
600001	51.3
700001	45.2
800001	48.5
900001	48.5
1000001	47.2
1100001	47.6
1200001	47.3
1300001	50
1400001	49.9
1500001	46
1600001	46.9
1700001	50.7
1800001	48.4
1900001	48.3
2000001	46.1
2100001	46.5
2200001	41.6
2300001	41.8
2400001	40.2
2500001	39.3
2600001	38.6
2700001	39.1
2800001	39.6
2900001	39.8
3000001	39.3
3100001	40
3200001	38.1
3300001	39.8
3400001	38.9
3500001	39.9
3600001	38.7
3700001	37.2
3800001	38.5
3900001	38.3
4000001	38.7
4100001	37.2
4200001	37.7
4300001	37.9
4400001	38.1
4500001	37.5
4600001	37.9
4700001	36.2
4800001	39.8
4900001	36.8
5000001	38.7
5100001	35.9
5200001	38.1
5300001	38.1
5400001	39.1
5500001	38.4
5600001	37.3
5700001	36.6
5800001	39.8
5900001	40.9
6000001	42
6100001	43.5
6200001	42.2
6300001	40.5
6400001	44.3
6500001	40.8
6600001	47.2
6700001	46.2
6800001	45.2
6900001	44.9
7000001	45.9
7100001	47.2
7200001	42
7300001	42.6
7400001	51.1
7500001	49.3
7600001	50.3
7700001	41.8
7800001	41.3
7900001	48.4
8000001	44.4
8100001	44.6
8200001	44.3
8300001	42.3
8400001	41.9
8500001	42
8600001	42.9
8700001	44.1
8800001	42.7
8900001	41.6
9000001	43.5
9100001	43
9200001	43.7
9300001	42.6
9400001	40.1
9500001	36.9
9600001	38.4
9700001	44.3
9800001	44.2
9900001	40.7
10000001	43.1
10100001	42
10200001	45.6
10300001	43.6
10400001	48.8
10500001	50.8
10600001	45.3
10700001	45
10800001	48.7
10900001	48.4
11000001	40.7
11100001	41.9
11200001	41.5
11300001	49.8
11400001	48.6
11500001	47.6
11600001	47.5
11700001	47.3
11800001	45.2
11900001	41
12000001	45
12100001	0
12200001	39.5
12300001	46.7
12400001	44.1
12500001	46.9
12600001	41.2
12700001	40.5
12800001	41.4
12900001	42.2
13000001	41.6
13100001	38.5
13200001	38.4
13300001	37.7
13400001	36.4
13500001	36.3
13600001	36.7
13700001	36.2
13800001	35.9
13900001	35
14000001	35.9
14100001	34.9
14200001	34.6
14300001	35.1
14400001	34.4
14500001	34.6
14600001	35
14700001	35.9
14800001	35.1
14900001	36.8
15000001	37.5
15100001	36.6
15200001	37
15300001	38.5
15400001	38.4
15500001	36.4
15600001	35.6
15700001	36.9
15800001	38.3
15900001	37.5
16000001	35.9
16100001	36
16200001	35
16300001	35.7
16400001	34.5
16500001	36
16600001	38.2
16700001	36.7
16800001	37.7
16900001	37.4
17000001	38.4
17100001	36.6
17200001	40.6
17300001	39.9
17400001	41.3
17500001	42.5
17600001	40.7
17700001	38.2
17800001	37.1
17900001	39.6
18000001	39.3
18100001	39.2
18200001	38.7
18300001	40
18400001	39.9
18500001	39.7
18600001	38.7
18700001	40.1
18800001	39.9
18900001	42.2
19000001	40.8
19100001	40.7
19200001	42.7
19300001	43.1
19400001	41.1
19500001	41.3
19600001	40.5
19700001	41.6
19800001	40
19900001	40.7
20000001	43.6
20100001	46.9
20200001	45.1
20300001	45
20400001	43
20500001	41.8
20600001	42.7
20700001	42.3
20800001	43.4
20900001	44
21000001	44.1
21100001	41.7
21200001	43.3
21300001	44.3
21400001	43.7
21500001	47.4
21600001	52.5
21700001	49.2
21800001	43.2
21900001	50
22000001	56.7
22100001	50.4
22200001	43.9
22300001	44.3
22400001	46.2
22500001	51.6
22600001	53
22700001	46.7
22800001	46.3
22900001	47.6
23000001	46.1
23100001	44.7
23200001	50
23300001	45
23400001	46
23500001	40.8
23600001	44.8
23700001	40.3
23800001	40.1
23900001	37.5
24000001	36.4
24100001	38
24200001	35.8
24300001	37
24400001	37.6
24500001	37.4
24600001	38.6
24700001	38.1
24800001	41.9
24900001	41.3
25000001	41.2
25100001	42.1
25200001	42.2
25300001	40.1
25400001	41.5
25500001	41.8
25600001	38.3
25700001	40.9
25800001	42.2
25900001	44.3
26000001	42.3
26100001	43.9
26200001	38.8
26300001	43.9
26400001	43.2
26500001	46.3
26600001	42.3
26700001	39.7
26800001	37.8
26900001	39.5
27000001	39.2
27100001	42.4
27200001	46.5
27300001	48
27400001	47.5
27500001	47.4
27600001	41.7
27700001	40.5
27800001	48.8
27900001	45.3
28000001	40
28100001	43.4
28200001	46.7
28300001	45.2
28400001	37.5
28500001	44.6
28600001	44.4
28700001	40.9
28800001	37.5
28900001	40.8
29000001	41.4
29100001	41.6
29200001	45.6
29300001	41.1
29400001	43.9
29500001	43.2
29600001	41.9
29700001	43.2
29800001	42.1
29900001	41.8
30000001	42
30100001	42.6
30200001	44.5
30300001	43.2
30400001	40.1
30500001	43.5
30600001	42.3
30700001	43.6
30800001	37.1
30900001	40.1
31000001	36.2
31100001	39
31200001	39.8
31300001	38.3
31400001	38.7
31500001	36.4
31600001	38.4
31700001	36.9
31800001	37.4
31900001	37.2
32000001	37.7
32100001	38.8
32200001	38.6
32300001	38.6
32400001	39.2
32500001	37.9
32600001	36.6
32700001	38.5
32800001	37.9
32900001	38.1
33000001	38.1
33100001	37.9
33200001	39.5
33300001	41
33400001	43.8
33500001	46.5
33600001	44.1
33700001	41.5
33800001	37.5
33900001	39.8
34000001	39.5
34100001	38.3
34200001	36.8
34300001	36.2
34400001	37.9
34500001	37.4
34600001	36.4
34700001	36.5
34800001	38.6
34900001	37.8
35000001	37.1
35100001	36.7
35200001	37.6
35300001	38.1
35400001	37.8
35500001	39.5
35600001	39.1
35700001	39.7
35800001	38
35900001	39.1
36000001	38.7
36100001	38.2
36200001	39.2
36300001	38
36400001	39.1
36500001	38.1
36600001	38
36700001	38.5
36800001	37.9
36900001	39
37000001	39.8
37100001	42.3
37200001	43.3
37300001	44.3
37400001	43.2
37500001	47.8
37600001	46.3
37700001	48.3
37800001	49
37900001	47.7
38000001	46
38100001	43.8
38200001	40.6
38300001	42.5
38400001	48.4
38500001	46.1
38600001	44.3
38700001	43.3
38800001	44.2
38900001	43.7
39000001	37.6
39100001	38.2
39200001	36.3
39300001	35.8
39400001	36.4
39500001	34.4
39600001	34.2
39700001	35.2
39800001	38.3
39900001	41.8
40000001	39.9
40100001	39.3
40200001	37.4
40300001	41.3
40400001	41.2
40500001	39.5
40600001	39
40700001	40.5
40800001	44.6
40900001	43.3
41000001	42.7
41100001	45.6
41200001	47
41300001	42.3
41400001	42.5
41500001	45.5
41600001	52
41700001	47.4
41800001	49.1
41900001	38.5
42000001	42.8
42100001	46.1
42200001	46.2
42300001	43.7
42400001	44.6
42500001	43.3
42600001	45.7
42700001	44.6
42800001	42.2
42900001	40.3
43000001	43.5
43100001	43.9
43200001	38.1
43300001	39.1
43400001	39
43500001	44.2
43600001	37.5
43700001	37.4
43800001	37.6
43900001	37.3
44000001	0
44100001	0
44200001	0
44300001	0
44400001	0
44500001	0
44600001	0
44700001	0
44800001	0
44900001	0
45000001	0
45100001	0
45200001	0
45300001	0
45400001	0
45500001	0
45600001	0
45700001	0
45800001	0
45900001	0
46000001	0
46100001	0
46200001	0
46300001	0
46400001	0
46500001	0
46600001	0
46700001	0
46800001	0
46900001	37.5
47000001	41.3
47100001	49.4
47200001	56.1
47300001	42.8
47400001	50.9
47500001	36.5
47600001	41.1
47700001	38.4
47800001	40.8
47900001	45.2
48000001	39
48100001	40
48200001	44.2
48300001	40.7
48400001	40.5
48500001	40.1
48600001	40
48700001	42.2
48800001	43.5
48900001	41.8
49000001	44.5
49100001	42.7
49200001	42.7
49300001	44.1
49400001	42.7
49500001	44.5
49600001	43.7
49700001	43.5
49800001	41.3
49900001	42.3
50000001	39.6
50100001	38.5
50200001	36.5
50300001	36.9
50400001	36.4
50500001	37.2
50600001	36.6
50700001	37.2
50800001	36.8
50900001	36.1
51000001	36.4
51100001	36.1
51200001	37
51300001	34.7
51400001	37
51500001	36.1
51600001	34.7
51700001	35.6
51800001	35
51900001	35
52000001	35.2
52100001	36.1
52200001	36.6
52300001	37.9
52400001	39.2
52500001	38.4
52600001	37.4
52700001	38.9
52800001	39.1
52900001	37.4
53000001	40.6
53100001	40
53200001	39.2
53300001	38.8
53400001	40.4
53500001	40.4
53600001	39.9
53700001	37.5
53800001	40.6
53900001	39.1
54000001	41.7
54100001	39.4
54200001	38.3
54300001	39.9
54400001	39.4
54500001	41.6
54600001	41.4
54700001	40.9
54800001	38.8
54900001	42.5
55000001	40.2
55100001	41.9
55200001	43.4
55300001	42.4
55400001	42
55500001	41.4
55600001	40.5
55700001	37.1
55800001	37.3
55900001	38.3
56000001	38.9
56100001	40.2
56200001	39.4
56300001	39.7
56400001	41.1
56500001	41.1
56600001	39.8
56700001	40.1
56800001	39.5
56900001	44.2
57000001	43.5
57100001	42.7
57200001	39.4
57300001	41.1
57400001	38.9
57500001	39.6
57600001	41.3
57700001	37.5
57800001	37
57900001	38.6
58000001	40.2
58100001	38.3
58200001	42.4
58300001	40.4
58400001	42.5
58500001	37.8
58600001	38.5
58700001	38.5
58800001	37.2
58900001	38.3
59000001	38.9
59100001	40
59200001	40.3
59300001	38.9
59400001	37.7
59500001	38.9
59600001	37.6
59700001	39.7
59800001	39.3
59900001	36.9
60000001	37.6
60100001	38.4
60200001	36.6
60300001	37
60400001	37.1
60500001	36.5
60600001	35.4
60700001	35.4
60800001	34.9
60900001	36.8
61000001	36.9
61100001	37.6
61200001	38.4
61300001	40.5
61400001	41.3
61500001	41.3
61600001	38.8
61700001	42.2
61800001	38.8
61900001	42.9
62000001	43.8
62100001	41.6
62200001	40.7
62300001	39.3
62400001	39.4
62500001	39.7
62600001	38.9
62700001	37.3
62800001	39.6
62900001	37.8
63000001	36.8
63100001	36.3
63200001	36.8
63300001	38.2
63400001	36.7
63500001	37.1
63600001	36.7
63700001	37.9
63800001	37
63900001	38.1
64000001	39.1
64100001	38.6
64200001	40.6
64300001	40.9
64400001	38.8
64500001	37.3
64600001	37.8
64700001	36.3
64800001	37.4
64900001	36
65000001	34.2
65100001	35.6
65200001	36.7
65300001	35.4
65400001	38.3
65500001	38.7
65600001	37.5
65700001	37.5
65800001	38.8
65900001	37.1
66000001	36.9
66100001	37.3
66200001	39
66300001	38.5
66400001	39.3
66500001	39
66600001	41.2
66700001	41.3
66800001	37.6
66900001	39.2
67000001	41.8
67100001	40.8
67200001	41.2
67300001	40.8
67400001	40
67500001	44.3
67600001	39.4
67700001	41.7
67800001	40.3
67900001	39.4
68000001	40.9
68100001	38.2
68200001	39.3
68300001	37.5
68400001	40.9
68500001	39.7
68600001	39.7
68700001	40.6
68800001	40.4
68900001	38.6
69000001	38.4
69100001	36.6
69200001	36.8
69300001	38
69400001	37.8
69500001	37.1
69600001	35.4
69700001	36.7
69800001	36.9
69900001	36.9
70000001	37.4
70100001	35.6
70200001	37.7
70300001	38.1
70400001	40.2
70500001	39.2
70600001	40.3
70700001	40.3
70800001	39.9
70900001	42.2
71000001	44.2
71100001	44.9
71200001	39.1
71300001	37.2
71400001	38.4
71500001	40
71600001	40
71700001	38.6
71800001	37.9
71900001	37
72000001	39
72100001	37.6
72200001	39.6
72300001	37.4
72400001	37.3
72500001	37
72600001	38
72700001	39.2
72800001	38.3
72900001	38.8
73000001	38.6
73100001	36.7
73200001	38.8
73300001	38.8
73400001	38.4
73500001	37.3
73600001	37.9
73700001	39
73800001	39
73900001	39.2
74000001	40.4
74100001	40.9
74200001	42.2
74300001	40.6
74400001	44
74500001	39.8
74600001	36.9
74700001	37.2
74800001	40.3
74900001	41.3
75000001	42
75100001	41.4
75200001	41.7
75300001	40
75400001	38.6
75500001	36.7
75600001	37.9
75700001	37.4
75800001	37.2
75900001	36.8
76000001	36
76100001	35.2
76200001	35.8
76300001	36.1
76400001	37.8
76500001	35.5
76600001	34.7
76700001	36
76800001	35.1
76900001	34.7
77000001	33.8
77100001	34.9
77200001	34.5
77300001	34.3
77400001	34.1
77500001	36
77600001	35.9
77700001	36.1
77800001	35.7
77900001	37.5
78000001	37.2
78100001	36.5
78200001	34.2
78300001	34
78400001	33.8
78500001	33.4
78600001	33.6
78700001	34.7
78800001	35
78900001	34.8
79000001	35.2
79100001	35
79200001	35.6
79300001	34.6
79400001	35.6
79500001	35.3
79600001	34.9
79700001	35.2
79800001	36
79900001	36
80000001	35.2
80100001	36
80200001	36.5
80300001	36.9
80400001	37.9
80500001	37
80600001	37.2
80700001	39.4
80800001	42.7
80900001	41.3
81000001	37.2
81100001	40.4
81200001	42.2
81300001	44.2
81400001	41.7
81500001	40.2
81600001	41.4
81700001	41.7
81800001	39.1
81900001	40.8
82000001	41.7
82100001	39.9
82200001	38.4
82300001	38.8
82400001	37.6
82500001	37
82600001	38.5
82700001	38.3
82800001	37.1
82900001	38.9
83000001	36.1
83100001	36.1
83200001	34.9
83300001	34.3
83400001	35.9
83500001	34.5
83600001	33.7
83700001	33.5
83800001	33.6
83900001	34.2
84000001	34.2
84100001	35.5
84200001	35.1
84300001	34.8
84400001	35.1
84500001	35
84600001	35.9
84700001	34.7
84800001	34.9
84900001	36.4
85000001	35.4
85100001	35.4
85200001	34.9
85300001	35.3
85400001	35.4
85500001	34.4
85600001	35
85700001	35
85800001	36.4
85900001	35.9
86000001	36.9
86100001	0
86200001	38.2
86300001	40.4
86400001	37.7
86500001	38.4
86600001	37.7
86700001	42.3
86800001	47.2
86900001	38.1
87000001	38
87100001	39.1
87200001	39.2
87300001	37.7
87400001	38.4
87500001	38
87600001	38.5
87700001	37.9
87800001	36
87900001	35.7
88000001	37.6
88100001	38
88200001	34.4
88300001	34.6
88400001	35.5
88500001	34.5
88600001	34.8
88700001	36.2
88800001	36
88900001	36.6
89000001	37.8
89100001	34.8
89200001	34.5
89300001	36.1
89400001	36.6
89500001	35.4
89600001	35.9
89700001	35.6
89800001	35.1
89900001	34.8
90000001	34.9
90100001	34.5
90200001	35.1
90300001	36.1
90400001	37
90500001	37.2
90600001	37.1
90700001	38.9
90800001	37.5
90900001	38.5
91000001	37.1
91100001	36.9
91200001	36.9
91300001	37.3
91400001	38.9
91500001	37.2
91600001	38.5
91700001	38
91800001	38.8
91900001	37
92000001	35.2
92100001	37.3
92200001	36.9
92300001	36.4
92400001	35.9
92500001	36.2
92600001	38.4
92700001	36.4
92800001	38.1
92900001	38.6
93000001	37.8
93100001	38.5
93200001	37
93300001	38.4
93400001	38.4
93500001	37.3
93600001	37.1
93700001	36.6
93800001	36.4
93900001	34.2
94000001	35
94100001	36.6
94200001	37.7
94300001	39.1
94400001	40.3
94500001	39.7
94600001	40.7
94700001	39.1
94800001	38.5
94900001	43.3
95000001	41.9
95100001	42.7
95200001	40.9
95300001	42.9
95400001	37.1
95500001	38
95600001	42.1
95700001	41.6
95800001	40.7
95900001	41.1
96000001	43.4
96100001	42.1
96200001	42.8
96300001	41.4
96400001	42.4
96500001	39.8
96600001	37.3
96700001	37.9
96800001	39.8
96900001	38.8
97000001	39.6
97100001	39.3
97200001	43.3
97300001	41.3
97400001	43.2
97500001	41.2
97600001	41
97700001	39.4
97800001	37.9
97900001	38.1
98000001	37.9
98100001	38.9
98200001	40.7
98300001	43.1
98400001	40.8
98500001	41.3
98600001	42.5
98700001	41
98800001	45.3
98900001	44.9
99000001	44.4
99100001	42.3
99200001	42.8
99300001	39.8
99400001	43.2
99500001	40.4
99600001	36.6
99700001	37.3
99800001	38.7
99900001	41.3
100000001	41.2
100100001	37.4
100200001	35.5
100300001	36.1
100400001	35.8
100500001	34.5
100600001	35.7
100700001	36.9
100800001	37.7
100900001	41.6
101000001	38.5
101100001	37.9
101200001	40.2
101300001	38.9
101400001	41.2
101500001	44.9
101600001	40.8
101700001	42.7
101800001	44.3
101900001	45.3
102000001	42.2
102100001	46.2
102200001	42.9
102300001	43.3
102400001	41.9
102500001	42.9
102600001	40.2
102700001	42.5
102800001	39.6
102900001	40
103000001	40.9
103100001	40.3
103200001	40.3
103300001	38.3
103400001	39.7
103500001	43.7
103600001	45.2
103700001	45.6
103800001	49.1
103900001	42
104000001	43.6
104100001	40
104200001	43.1
104300001	39.9
104400001	39.3
104500001	37.6
104600001	37.2
104700001	36.4
104800001	36.5
104900001	34.1
105000001	34.6
105100001	33.3
105200001	35
105300001	39.6
105400001	42.8
105500001	38.8
105600001	37.2
105700001	39.3
105800001	40.9
105900001	37.6
106000001	37.5
106100001	35.7
106200001	35.7
106300001	36.7
106400001	35.7
106500001	36.5
106600001	36.1
106700001	35.7
106800001	36.3
106900001	37.2
107000001	36.1
107100001	37.9
107200001	36.8
107300001	37.2
107400001	36.6
107500001	36.7
107600001	38.1
107700001	35.4
107800001	38.2
107900001	37.8
108000001	37.9
108100001	36.9
108200001	37.2
108300001	35.9
108400001	36.3
108500001	37
108600001	38.4
108700001	38.1
108800001	37.6
108900001	38.1
109000001	37.1
109100001	38.7
109200001	37.5
109300001	37.5
109400001	37.3
109500001	35.9
109600001	37.2
109700001	37.3
109800001	37.1
109900001	36.7
110000001	37.2
110100001	38
110200001	37.4
110300001	36.9
110400001	36.5
110500001	34.8
110600001	38.4
110700001	38.3
110800001	36.7
110900001	35.8
111000001	37.2
111100001	35.1
111200001	35.2
111300001	34.8
111400001	33.7
111500001	34
111600001	34.4
111700001	34.3
111800001	33.2
111900001	35.1
112000001	34.3
112100001	33.3
112200001	34.8
112300001	34.3
112400001	33.7
112500001	34.4
112600001	34.6
112700001	34.5
112800001	35.4
112900001	35.9
113000001	34.8
113100001	35.4
113200001	36
113300001	33.5
113400001	34.2
113500001	34.9
113600001	33.9
113700001	34.3
113800001	33.8
113900001	34.4
114000001	31.8
114100001	34.3
114200001	33.2
114300001	33.1
114400001	33.2
114500001	36.9
114600001	34.2
114700001	35.8
114800001	34.2
114900001	34
115000001	34.9
115100001	33.4
115200001	35
115300001	35.5
115400001	34.4
115500001	33.5
115600001	34.5
115700001	34.4
115800001	33.9
115900001	35
116000001	35.2
116100001	36.6
116200001	36.5
116300001	35.9
116400001	37.1
116500001	35.8
116600001	34.8
116700001	35.8
116800001	37.2
116900001	35.9
117000001	35.8
117100001	36.5
117200001	38
117300001	38.8
117400001	39.1
117500001	39.5
117600001	41.7
117700001	39.1
117800001	38.9
117900001	38
118000001	39.1
118100001	39.5
118200001	37.7
118300001	38.1
118400001	37.4
118500001	38.5
118600001	38.9
118700001	39
118800001	40.1
118900001	40.9
119000001	41.8
119100001	41.1
119200001	40.5
119300001	39.3
119400001	39.7
119500001	39.3
119600001	39.7
119700001	38.8
119800001	38.1
119900001	37.6
120000001	37.5
120100001	37.4
120200001	38.6
120300001	39.2
120400001	38.1
120500001	39.7
120600001	39.8
120700001	40
120800001	37
120900001	42.8
121000001	42.9
121100001	41.8
121200001	38
121300001	37.5
121400001	39
121500001	34.5
121600001	40.7
121700001	39.8
121800001	40.2
121900001	38
122000001	37.3
122100001	37.4
122200001	38.1
122300001	37.2
122400001	37.3
122500001	38
122600001	38.6
122700001	38.4
122800001	38.8
122900001	37.2
123000001	37.6
123100001	37
123200001	36.2
123300001	37.5
123400001	37
123500001	39.2
123600001	42
123700001	42.9
123800001	44.8
123900001	46.2
124000001	45.1
124100001	40.4
124200001	45.8
124300001	41.3
124400001	40.9
124500001	44.2
124600001	44.1
124700001	45.3
124800001	39.4
124900001	40.3
125000001	42.3
125100001	41.7
125200001	42.7
125300001	41.9
125400001	38.6
125500001	41.8
125600001	45.2
125700001	44.8
125800001	42.9
125900001	43.7
126000001	41.9
126100001	40.1
126200001	38
126300001	40.1
126400001	45.7
126500001	47.9
126600001	45.7
126700001	43.6
126800001	40.9
126900001	38.2
127000001	38
127100001	38.3
127200001	37.3
127300001	37.8
127400001	40.9
127500001	41.5
127600001	43.1
127700001	40.4
127800001	37.5
127900001	40.8
128000001	38.2
128100001	38.1
128200001	38.6
128300001	40.7
128400001	40.1
128500001	41
128600001	42
128700001	43.4
128800001	45.4
128900001	47.2
129000001	47
129100001	45.6
129200001	41.9
129300001	39.5
129400001	40.5
129500001	38.8
129600001	38.8
129700001	37.2
129800001	38
129900001	39.1
130000001	38.2
130100001	38.2
130200001	38.1
130300001	37.4
130400001	38.6
130500001	38.7
130600001	38.9
130700001	41.4
130800001	39.7
130900001	39.4
131000001	45.5
131100001	45.5
131200001	40.3
131300001	39.8
131400001	43.7
131500001	45.3
131600001	42.4
131700001	41.1
131800001	42.6
131900001	39.5
132000001	40
132100001	39.4
132200001	38
132300001	38.8
132400001	37.2
132500001	38.3
132600001	38
132700001	37.2
132800001	41.4
132900001	40.3
133000001	34.8
133100001	43.4
133200001	43.2
133300001	41.7
133400001	44.8
133500001	44.4
133600001	40.9
133700001	39.7
133800001	37.5
133900001	41.9
134000001	44.4
134100001	46.8
134200001	46.9
134300001	47.7
134400001	45.8
134500001	49.2
134600001	46.7
134700001	45.1
134800001	44
134900001	43.3
135000001	40
135100001	39.1
135200001	39
135300001	40.8
135400001	41.8
135500001	47.3
135600001	43.6
135700001	44.7
135800001	40.7
135900001	42
136000001	43.9
136100001	42.2
136200001	42.2
136300001	41.8
136400001	42.4
136500001	41.4
136600001	37
136700001	44.4
136800001	42.9
136900001	41.2
137000001	40.2
137100001	39.1
137200001	39.2
137300001	38.7
137400001	36.6
137500001	37.4
137600001	36.5
137700001	37.7
137800001	36.7
137900001	37
138000001	36.1
138100001	36.6
138200001	37.5
138300001	37.7
138400001	37.8
138500001	37.3
138600001	38.2
138700001	36.2
138800001	38.2
138900001	40.7
139000001	39.2
139100001	40.5
139200001	42.9
139300001	42.3
139400001	42.4
139500001	41.7
139600001	44.3
139700001	44.7
139800001	47.3
139900001	47.4
140000001	43.2
140100001	41.2
140200001	42.1
140300001	43.5
140400001	43.5
140500001	42.4
140600001	44.9
140700001	52.8
140800001	51.3
140900001	51.4
141000001	46.8
141100001	47.1
141200001	44.7
141300001	46.1
141400001	44.4
141500001	47.2
141600001	50.8
141700001	45.1
141800001	39.8
141900001	38
142000001	42.4
142100001	51.8
142200001	51.9
142300001	52.6
142400001	59.9
142500001	54
142600001	57
142700001	55.3
142800001	54.1
142900001	48.6
143000001	53.8
143100001	52.5
143200001	57.7
143300001	56.4
143400001	55.1
143500001	60.6
143600001	59.4
143700001	50.2
143800001	57.3
143900001	46
144000001	0
144100001	50.9
144200001	49.3
144300001	55.8
144400001	57.1
144500001	59.1
144600001	58.4
144700001	58.5
144800001	55.5
144900001	54.8
145000001	60.7
145100001	57.1
145200001	54.4
145300001	54.8
145400001	58.1
145500001	59.9
145600001	60.5
145700001	56.9
145800001	50.8
145900001	49.8
146000001	50.6
146100001	44.2
