variableStep chrom=chr9 span=100000
1	45.3
100001	38.5
200001	40.4
300001	42.8
400001	42.5
500001	41
600001	41.6
700001	44.2
800001	44.9
900001	43.4
1000001	41.8
1100001	39.3
1200001	40
1300001	39.8
1400001	38.4
1500001	39
1600001	38.6
1700001	39.7
1800001	40
1900001	39.9
2000001	40.2
2100001	41.1
2200001	41.7
2300001	39.2
2400001	39.1
2500001	39.7
2600001	41.1
2700001	40.8
2800001	39.4
2900001	39.8
3000001	37.6
3100001	38.4
3200001	35.4
3300001	35.5
3400001	34.5
3500001	37.5
3600001	38.8
3700001	39.4
3800001	41.4
3900001	38.8
4000001	40.3
4100001	40.2
4200001	40.4
4300001	40.9
4400001	41.4
4500001	41.9
4600001	39.2
4700001	42.5
4800001	42
4900001	38.9
5000001	37.2
5100001	38.4
5200001	38.3
5300001	38.5
5400001	40.6
5500001	40.3
5600001	38.1
5700001	38
5800001	42.6
5900001	36.3
6000001	41.1
6100001	39.3
6200001	38.3
6300001	40.7
6400001	39.3
6500001	43.2
6600001	45.7
6700001	45.3
6800001	39.9
6900001	38.5
7000001	37.8
7100001	41.8
7200001	41.2
7300001	40.5
7400001	39.8
7500001	38.7
7600001	39.1
7700001	39.3
7800001	38.5
7900001	37.9
8000001	37.8
8100001	37.8
8200001	38.5
8300001	37.2
8400001	36.6
8500001	36.7
8600001	37
8700001	38.5
8800001	37.8
8900001	35.8
9000001	35.6
9100001	36
9200001	35
9300001	34.6
9400001	34.8
9500001	34
9600001	34.8
9700001	35.3
9800001	35
9900001	35.4
10000001	34.8
10100001	34.6
10200001	35.1
10300001	33.8
10400001	34.3
10500001	34.1
10600001	36.2
10700001	36
10800001	36.8
10900001	35.9
11000001	35.9
11100001	35
11200001	36.2
11300001	34
11400001	36.8
11500001	33.6
11600001	34.9
11700001	34
11800001	34.4
11900001	34.2
12000001	35.1
12100001	33.9
12200001	35.4
12300001	35.5
12400001	35.5
12500001	35.3
12600001	35
12700001	35.8
12800001	36.5
12900001	37.9
13000001	37.5
13100001	35.8
13200001	36.9
13300001	37.4
13400001	38.1
13500001	37.7
13600001	37.5
13700001	38.7
13800001	37.2
13900001	39.3
14000001	38.5
14100001	36.2
14200001	37.9
14300001	41.6
14400001	40
14500001	39.4
14600001	35.8
14700001	38.4
14800001	40
14900001	39.4
15000001	38
15100001	40
15200001	41.2
15300001	42.8
15400001	39.2
15500001	40.5
15600001	37.9
15700001	36.5
15800001	35
15900001	36.5
16000001	42.9
16100001	43.1
16200001	43.9
16300001	44.9
16400001	39.5
16500001	38.2
16600001	38.1
16700001	39.3
16800001	41.3
16900001	41.6
17000001	38.8
17100001	38
17200001	36.9
17300001	36.1
17400001	35
17500001	40.5
17600001	38.3
17700001	39.3
17800001	40.4
17900001	37.5
18000001	38
18100001	38.3
18200001	37.8
18300001	38.2
18400001	37.8
18500001	37.3
18600001	38.1
18700001	41
18800001	41.5
18900001	42.6
19000001	41.9
19100001	44.8
19200001	40.9
19300001	39.1
19400001	43.4
19500001	40.9
19600001	39.5
19700001	38.5
19800001	38.2
19900001	39.2
20000001	39.3
20100001	37.5
20200001	41.6
20300001	38.9
20400001	35.7
20500001	38
20600001	38.7
20700001	37.5
20800001	34.9
20900001	37.1
21000001	37.8
21100001	37.4
21200001	37.7
21300001	37.4
21400001	38.2
21500001	37.4
21600001	38
21700001	38.7
21800001	39.4
21900001	40.8
22000001	38.6
22100001	37.9
22200001	37.3
22300001	36.8
22400001	37
22500001	35.8
22600001	36
22700001	34.5
22800001	36.7
22900001	35.9
23000001	34.3
23100001	35.7
23200001	35.2
23300001	36.4
23400001	37.5
23500001	40
23600001	39.3
23700001	38
23800001	37.4
23900001	37.8
24000001	36.6
24100001	36.1
24200001	36.5
24300001	37.6
24400001	34.9
24500001	35.1
24600001	35.6
24700001	36
24800001	35.1
24900001	34.3
25000001	35.3
25100001	33.5
25200001	34.7
25300001	34.5
25400001	35.9
25500001	34.8
25600001	36.9
25700001	36.1
25800001	36.4
25900001	36.9
26000001	36
26100001	35.8
26200001	37.2
26300001	36.6
26400001	37.1
26500001	38.2
26600001	39.4
26700001	38.7
26800001	38.3
26900001	37.6
27000001	38.9
27100001	40.3
27200001	39.9
27300001	42.5
27400001	41.2
27500001	38.6
27600001	39.6
27700001	39.7
27800001	37.8
27900001	36.7
28000001	37.1
28100001	37.3
28200001	35.8
28300001	36.8
28400001	35.1
28500001	35.5
28600001	34.8
28700001	35.3
28800001	35.5
28900001	36.3
29000001	33.7
29100001	35.4
29200001	36.6
29300001	35.3
29400001	35.8
29500001	34.2
29600001	34.9
29700001	35.9
29800001	34.9
29900001	34.5
30000001	35
30100001	34.4
30200001	35
30300001	33.7
30400001	34.7
30500001	35.4
30600001	33.2
30700001	34.4
30800001	34.6
30900001	35.7
31000001	35.2
31100001	35.5
31200001	34.9
31300001	35.9
31400001	35.1
31500001	36
31600001	35
31700001	36.1
31800001	36.4
31900001	37.7
32000001	36.4
32100001	37.8
32200001	37.7
32300001	40.2
32400001	40.6
32500001	40.2
32600001	41.3
32700001	40.8
32800001	41.5
32900001	42.4
33000001	42.9
33100001	46.2
33200001	45.3
33300001	46.5
33400001	48.6
33500001	41.9
33600001	39.7
33700001	42.1
33800001	42.3
33900001	42.7
34000001	46
34100001	45.5
34200001	42.9
34300001	46.2
34400001	46.3
34500001	52.6
34600001	51
34700001	41.5
34800001	42.2
34900001	45.7
35000001	47.1
35100001	43.7
35200001	38.9
35300001	43.9
35400001	40.5
35500001	46.2
35600001	49.8
35700001	48.1
35800001	46.6
35900001	42.3
36000001	39.6
36100001	47.4
36200001	44.5
36300001	41.1
36400001	43.6
36500001	44.9
36600001	41.1
36700001	47.9
36800001	50.3
36900001	47.8
37000001	45
37100001	38
37200001	36
37300001	41.9
37400001	47.2
37500001	45
37600001	43.3
37700001	44.1
37800001	40.2
37900001	51.1
38000001	48.4
38100001	45.7
38200001	45.4
38300001	47.3
38400001	43.6
38500001	41.5
38600001	43.4
38700001	41.1
38800001	41.1
38900001	41.4
39000001	38.4
39100001	38.2
39200001	38.3
39300001	41.2
39400001	38.5
39500001	41.4
39600001	40.1
39700001	38.3
39800001	40.5
39900001	39.5
40000001	39.3
40100001	41.9
40200001	39.1
40300001	38.3
40400001	38.6
40500001	38.2
40600001	40.5
40700001	39.5
40800001	40.1
40900001	40
41000001	40.7
41100001	40.1
41200001	40
41300001	42.7
41400001	40.5
41500001	39.5
41600001	39.8
41700001	40.7
41800001	39.4
41900001	39.3
42000001	35.1
42100001	34
42200001	40.2
42300001	39
42400001	42.4
42500001	35
42600001	36.5
42700001	40.2
42800001	41.4
42900001	35.5
43000001	41.8
43100001	39
43200001	39.3
43300001	40
43400001	40.8
43500001	40.6
43600001	37.6
43700001	39
43800001	37.2
43900001	44.6
44000001	38.1
44100001	40.1
44200001	40.4
44300001	39.8
44400001	39.4
44500001	40.8
44600001	45.1
44700001	45.4
44800001	44.9
44900001	45.7
45000001	44.3
45100001	40.3
45200001	38.5
45300001	39.4
45400001	34
45500001	35.3
45600001	45.8
45700001	34.6
45800001	34.4
45900001	36
46000001	45.9
46100001	46.8
46200001	45.3
46300001	37.1
46400001	34.5
46500001	37.9
46600001	41.2
46700001	39.3
46800001	40.2
46900001	47.1
47000001	39.5
47100001	0
47200001	0
47300001	0
47400001	0
47500001	0
47600001	0
47700001	0
47800001	0
47900001	0
48000001	0
48100001	0
48200001	0
48300001	0
48400001	0
48500001	0
48600001	0
48700001	0
48800001	0
48900001	0
49000001	0
49100001	0
49200001	0
49300001	0
49400001	0
49500001	0
49600001	0
49700001	0
49800001	0
49900001	0
50000001	0
50100001	0
50200001	0
50300001	0
50400001	0
50500001	0
50600001	0
50700001	0
50800001	0
50900001	0
51000001	0
51100001	0
51200001	0
51300001	0
51400001	0
51500001	0
51600001	0
51700001	0
51800001	0
51900001	0
52000001	0
52100001	0
52200001	0
52300001	0
52400001	0
52500001	0
52600001	0
52700001	0
52800001	0
52900001	0
53000001	0
53100001	0
53200001	0
53300001	0
53400001	0
53500001	0
53600001	0
53700001	0
53800001	0
53900001	0
54000001	0
54100001	0
54200001	0
54300001	0
54400001	0
54500001	0
54600001	0
54700001	0
54800001	0
54900001	0
55000001	0
55100001	0
55200001	0
55300001	0
55400001	0
55500001	0
55600001	0
55700001	0
55800001	0
55900001	0
56000001	0
56100001	0
56200001	0
56300001	0
56400001	0
56500001	0
56600001	0
56700001	0
56800001	0
56900001	0
57000001	0
57100001	0
57200001	0
57300001	0
57400001	0
57500001	0
57600001	0
57700001	0
57800001	0
57900001	0
58000001	0
58100001	0
58200001	0
58300001	0
58400001	0
58500001	0
58600001	0
58700001	0
58800001	0
58900001	0
59000001	0
59100001	0
59200001	0
59300001	0
59400001	0
59500001	0
59600001	0
59700001	0
59800001	0
59900001	0
60000001	0
60100001	0
60200001	0
60300001	0
60400001	0
60500001	0
60600001	0
60700001	0
60800001	0
60900001	0
61000001	0
61100001	0
61200001	0
61300001	0
61400001	0
61500001	0
61600001	0
61700001	0
61800001	0
61900001	0
62000001	0
62100001	0
62200001	0
62300001	0
62400001	0
62500001	0
62600001	0
62700001	0
62800001	0
62900001	0
63000001	0
63100001	0
63200001	0
63300001	0
63400001	0
63500001	0
63600001	0
63700001	0
63800001	0
63900001	0
64000001	0
64100001	0
64200001	0
64300001	0
64400001	0
64500001	0
64600001	0
64700001	0
64800001	0
64900001	0
65000001	0
65100001	0
65200001	40.9
65300001	38.4
65400001	39.4
65500001	42
65600001	40.1
65700001	39.5
65800001	40.4
65900001	39.4
66000001	36.3
66100001	47.6
66200001	38.9
66300001	39.9
66400001	37.5
66500001	37.9
66600001	40.7
66700001	41.5
66800001	35.4
66900001	40.5
67000001	41
67100001	41.3
67200001	44.1
67300001	46
67400001	35.3
67500001	37.6
67600001	34.4
67700001	36.6
67800001	40.4
67900001	39.1
68000001	40.2
68100001	38.1
68200001	42
68300001	38.7
68400001	41.5
68500001	36.4
68600001	37.1
68700001	41.1
68800001	34.8
68900001	41.4
69000001	40.6
69100001	37.5
69200001	37.4
69300001	41.3
69400001	38.6
69500001	40.8
69600001	38.7
69700001	35.5
69800001	37.2
69900001	40.6
70000001	36.8
70100001	41.7
70200001	40.3
70300001	41.5
70400001	41
70500001	39.9
70600001	40.1
70700001	40.4
70800001	45.2
70900001	44.1
71000001	42.3
71100001	41.3
71200001	44.8
71300001	40.9
71400001	39.2
71500001	36.3
71600001	39.4
71700001	39.8
71800001	40.9
71900001	40.1
72000001	38.5
72100001	38.1
72200001	44.4
72300001	41.7
72400001	40.1
72500001	38.9
72600001	38
72700001	38.1
72800001	37
72900001	37.1
73000001	37.4
73100001	35.9
73200001	37.2
73300001	38.4
73400001	39.8
73500001	40.4
73600001	38.8
73700001	39.4
73800001	41.9
73900001	41.5
74000001	40.4
74100001	41.2
74200001	40.1
74300001	41.8
74400001	38.2
74500001	38.3
74600001	39.5
74700001	36
74800001	35.9
74900001	35.5
75000001	36.4
75100001	35.2
75200001	34.9
75300001	34.4
75400001	34.7
75500001	35.5
75600001	34.6
75700001	35.3
75800001	35.7
75900001	36.3
76000001	36.9
76100001	35.7
76200001	36.1
76300001	37.2
76400001	38.4
76500001	39.2
76600001	40.3
76700001	40
76800001	40.3
76900001	39.2
77000001	40.2
77100001	38.9
77200001	39.9
77300001	38.5
77400001	38.6
77500001	38.2
77600001	39.5
77700001	40.1
77800001	38.1
77900001	38.3
78000001	41.6
78100001	42.7
78200001	42.8
78300001	41.6
78400001	40.8
78500001	41.8
78600001	40.6
78700001	41.9
78800001	43.3
78900001	39.7
79000001	35.7
79100001	34.9
79200001	41.5
79300001	41.6
79400001	41.9
79500001	39.4
79600001	39.4
79700001	39.2
79800001	40.3
79900001	39.7
80000001	39.7
80100001	44
80200001	41.1
80300001	40.2
80400001	38.7
80500001	37.6
80600001	38.8
80700001	37.2
80800001	37.2
80900001	38.9
81000001	39.8
81100001	38.2
81200001	37.3
81300001	39.9
81400001	38.8
81500001	40.2
81600001	39.8
81700001	39.3
81800001	36.8
81900001	37.9
82000001	36.8
82100001	38
82200001	36.5
82300001	36.4
82400001	36.6
82500001	35.7
82600001	35.8
82700001	36.8
82800001	36.3
82900001	38.7
83000001	37.7
83100001	38.5
83200001	38.4
83300001	41.5
83400001	43.5
83500001	43.8
83600001	42.5
83700001	42.1
83800001	39.2
83900001	38.6
84000001	38
84100001	37.3
84200001	38.9
84300001	38.4
84400001	37.6
84500001	40
84600001	37.4
84700001	39.7
84800001	39.4
84900001	37.6
85000001	41.4
85100001	41.4
85200001	41.9
85300001	40.6
85400001	41.3
85500001	38.5
85600001	39.2
85700001	41.6
85800001	40.1
85900001	40.4
86000001	42
86100001	42.8
86200001	42.9
86300001	40.6
86400001	40.3
86500001	39.8
86600001	41
86700001	41.3
86800001	42
86900001	39.3
87000001	41.2
87100001	40.4
87200001	42.7
87300001	40.4
87400001	35.7
87500001	38.8
87600001	40
87700001	39.7
87800001	42.6
87900001	43.6
88000001	41.5
88100001	39.6
88200001	40.4
88300001	41.2
88400001	41.3
88500001	41.6
88600001	41.4
88700001	40.8
88800001	39.7
88900001	39.8
89000001	41.4
89100001	41.4
89200001	43
89300001	44.1
89400001	46
89500001	43.4
89600001	46.7
89700001	44.1
89800001	45.2
89900001	43.5
90000001	44.6
90100001	45.3
90200001	41
90300001	47.3
90400001	41.2
90500001	42.4
90600001	40.9
90700001	43
90800001	44.8
90900001	41.2
91000001	41.8
91100001	46
91200001	50.3
91300001	46.3
91400001	50.2
91500001	48
91600001	46.9
91700001	45.3
91800001	43.9
91900001	40.1
92000001	40.6
92100001	38.5
92200001	40.5
92300001	39
92400001	40.5
92500001	41.9
92600001	44.1
92700001	45.7
92800001	44.2
92900001	45.1
93000001	39.1
93100001	39.9
93200001	41.3
93300001	41.5
93400001	41.3
93500001	45.6
93600001	47.5
93700001	45.4
93800001	41.3
93900001	47.2
94000001	41.3
94100001	39.3
94200001	38.5
94300001	40.1
94400001	47.2
94500001	48.4
94600001	42.3
94700001	45.9
94800001	53
94900001	53.2
95000001	52
95100001	45.3
95200001	42.1
95300001	45.5
95400001	50.3
95500001	41.1
95600001	45.5
95700001	51.1
95800001	40.2
95900001	42.9
96000001	40.7
96100001	45.3
96200001	40.5
96300001	42.4
96400001	47
96500001	42.1
96600001	41.4
96700001	44.8
96800001	44.8
96900001	43.2
97000001	39.6
97100001	42.8
97200001	44.6
97300001	47.5
97400001	44.2
97500001	45.4
97600001	39.7
97700001	36.3
97800001	47.5
97900001	45.9
98000001	44.4
98100001	43.3
98200001	44.9
98300001	41.8
98400001	43.7
98500001	41.5
98600001	39.3
98700001	44.3
98800001	43
98900001	40.4
99000001	41
99100001	46.9
99200001	39.6
99300001	46.9
99400001	39.9
99500001	44.7
99600001	43.3
99700001	42.2
99800001	45.8
99900001	48.6
100000001	47.5
100100001	46.6
100200001	45.1
100300001	45.2
100400001	45.5
100500001	47.4
100600001	45.3
100700001	46.9
100800001	45.7
100900001	41.1
101000001	42
101100001	43.9
101200001	41.2
101300001	40
101400001	38.5
101500001	37.8
101600001	41.4
101700001	37.1
101800001	37.7
101900001	38.6
102000001	39.5
102100001	39.2
102200001	42.1
102300001	39.2
102400001	39.6
102500001	39.2
102600001	37.7
102700001	38.1
102800001	38.5
102900001	38.3
103000001	38.1
103100001	39
103200001	40.1
103300001	39.5
103400001	37.4
103500001	37.7
103600001	37.5
103700001	36
103800001	35.6
103900001	35.8
104000001	35.3
104100001	35.7
104200001	36.1
104300001	34.1
104400001	35.2
104500001	34.1
104600001	35.2
104700001	34.1
104800001	32.9
104900001	35.8
105000001	35.6
105100001	35.2
105200001	35.8
105300001	35.3
105400001	35.3
105500001	35.5
105600001	34.9
105700001	35.6
105800001	37
105900001	35.7
106000001	37.8
106100001	38.9
106200001	36.7
106300001	36.5
106400001	36.9
106500001	38
106600001	44.1
106700001	43.2
106800001	42.4
106900001	43.6
107000001	40.6
107100001	37.5
107200001	39.7
107300001	37.9
107400001	39.2
107500001	38.2
107600001	41.3
107700001	39.5
107800001	39.7
107900001	38.4
108000001	37.4
108100001	37.3
108200001	38.9
108300001	38.9
108400001	39.8
108500001	39.3
108600001	38.7
108700001	39.9
108800001	40.6
108900001	43.1
109000001	41.8
109100001	42.6
109200001	45.5
109300001	45.2
109400001	45.2
109500001	44.5
109600001	42.5
109700001	41.2
109800001	42.3
109900001	40.5
110000001	39.8
110100001	39.4
110200001	38.1
110300001	41.7
110400001	42.2
110500001	42.5
110600001	42.4
110700001	39.2
110800001	39.8
110900001	42.9
111000001	44.4
111100001	45.9
111200001	45.2
111300001	42.6
111400001	39.4
111500001	41.2
111600001	42.8
111700001	43.2
111800001	42.1
111900001	43.7
112000001	43.1
112100001	39.8
112200001	38
112300001	37.7
112400001	35.8
112500001	37.1
112600001	38
112700001	37.6
112800001	39.4
112900001	38.4
113000001	38.3
113100001	38.5
113200001	39.9
113300001	43
113400001	42.4
113500001	36.1
113600001	41.7
113700001	42.6
113800001	42.6
113900001	43.1
114000001	37.7
114100001	41.6
114200001	40.8
114300001	39.8
114400001	39.3
114500001	43.3
114600001	44.7
114700001	41.3
114800001	45.4
114900001	44.8
115000001	41.8
115100001	46.7
115200001	44.5
115300001	51
115400001	48.7
115500001	43.3
115600001	39.7
115700001	45.9
115800001	48.8
115900001	50.6
116000001	52.5
116100001	50.5
116200001	48.5
116300001	44.3
116400001	45.1
116500001	42.5
116600001	41.2
116700001	41.2
116800001	42.5
116900001	40.6
117000001	39.8
117100001	39.8
117200001	38.7
117300001	37.1
117400001	38.2
117500001	37.4
117600001	37.2
117700001	38.7
117800001	37.3
117900001	40.4
118000001	40.6
118100001	43.8
118200001	42.1
118300001	41.7
118400001	40.2
118500001	42.7
118600001	41.9
118700001	42
118800001	42
118900001	40.3
119000001	41.9
119100001	42.4
119200001	41.7
119300001	38.5
119400001	38.3
119500001	40.1
119600001	38.3
119700001	37.8
119800001	36.2
119900001	37.1
120000001	36.5
120100001	37.2
120200001	37.1
120300001	37.8
120400001	37.9
120500001	38.4
120600001	36.4
120700001	37.4
120800001	38.4
120900001	38.5
121000001	40.2
121100001	40.7
121200001	39.1
121300001	40.7
121400001	40.5
121500001	38.9
121600001	42.6
121700001	42.2
121800001	43.6
121900001	43.6
122000001	43.6
122100001	46
122200001	43.3
122300001	43
122400001	37.8
122500001	42.8
122600001	45.5
122700001	43.9
122800001	38.2
122900001	38
123000001	45.4
123100001	43.5
123200001	43.1
123300001	50.4
123400001	51.9
123500001	54.1
123600001	46.7
123700001	44.5
123800001	42.6
123900001	48.1
124000001	44.8
124100001	47.1
124200001	40.3
124300001	39.4
124400001	38.4
124500001	40.6
124600001	42.8
124700001	39.3
124800001	38.2
124900001	40
125000001	40.5
125100001	53.2
125200001	48.8
125300001	43.4
125400001	41.3
125500001	38.6
125600001	38.6
125700001	45.5
125800001	49.7
125900001	45.4
126000001	50.9
126100001	49.8
126200001	51.6
126300001	45.5
126400001	39.9
126500001	43.2
126600001	51.5
126700001	41.3
126800001	40.5
126900001	43.1
127000001	45.1
127100001	44
127200001	48.6
127300001	41.4
127400001	40.3
127500001	41.9
127600001	36.2
127700001	41.4
127800001	51.1
127900001	45.2
128000001	44
128100001	44.9
128200001	47.7
128300001	50.3
128400001	55.7
128500001	46.3
128600001	44.6
128700001	45.2
128800001	44.3
128900001	48.7
129000001	45.2
129100001	44.2
129200001	50.5
129300001	53.4
129400001	46.8
129500001	54.8
129600001	54
129700001	54.9
129800001	49
129900001	54.5
130000001	53.5
130100001	52.6
130200001	51.1
130300001	45.4
130400001	50.2
130500001	52.7
130600001	51
130700001	49
130800001	54.4
130900001	54
131000001	51.5
131100001	51.2
131200001	55.9
131300001	51.4
131400001	55.2
131500001	51.7
131600001	50.8
131700001	43.5
131800001	44.6
131900001	51.5
132000001	51.1
132100001	0
132200001	55.8
132300001	53.3
132400001	47.9
132500001	50
132600001	43.3
132700001	52.7
132800001	53.7
132900001	52.5
133000001	42.1
133100001	53.4
133200001	48.7
133300001	51.2
133400001	51.5
133500001	45.6
133600001	50.5
133700001	48.1
133800001	42.2
133900001	45
134000001	53.5
134100001	44.5
134200001	45.1
134300001	49.1
134400001	49.6
134500001	44.3
134600001	46.6
134700001	47.4
134800001	48.7
134900001	54.5
135000001	52
135100001	49.5
135200001	54.6
135300001	57.1
135400001	56.4
135500001	56.1
135600001	54.8
135700001	56.2
135800001	54.6
135900001	53.4
136000001	55.9
136100001	0
136200001	55.1
136300001	58.7
136400001	61.3
136500001	52.9
136600001	51.8
136700001	55.8
136800001	55.1
136900001	50.9
137000001	50.6
137100001	54.7
137200001	55
137300001	52.5
137400001	51.9
137500001	53.5
137600001	49.9
137700001	60.5
137800001	52.1
137900001	50.9
138000001	56.2
138100001	57.9
138200001	58.4
138300001	63.1
138400001	55.4
138500001	61
138600001	61
138700001	57.7
138800001	57.8
138900001	58
139000001	61.7
139100001	58.9
139200001	61.4
139300001	57.1
139400001	58.8
139500001	54.6
139600001	50.2
139700001	49.2
139800001	52.4
139900001	48.9
140000001	49.7
140100001	48.7
