variableStep chrom=chr18 span=100000
1	45.3
100001	39.9
200001	39.2
300001	43.9
400001	42.7
500001	43.1
600001	43.8
700001	40.2
800001	43.5
900001	41.3
1000001	37.6
1100001	37
1200001	36.2
1300001	37.1
1400001	36.3
1500001	36.9
1600001	35.2
1700001	35
1800001	36
1900001	38
2000001	36.8
2100001	38.7
2200001	38.2
2300001	37.2
2400001	39.2
2500001	37.3
2600001	39.7
2700001	36.6
2800001	45.5
2900001	42
3000001	43.3
3100001	39.9
3200001	41.2
3300001	41.5
3400001	43.2
3500001	43
3600001	43.5
3700001	41
3800001	39.7
3900001	39.8
4000001	38.8
4100001	37.6
4200001	37.1
4300001	36.7
4400001	37.4
4500001	36.2
4600001	37.5
4700001	38.5
4800001	38.1
4900001	38.3
5000001	39.9
5100001	38.6
5200001	38.9
5300001	38.7
5400001	39.3
5500001	40.1
5600001	40.8
5700001	40.1
5800001	39.9
5900001	42.2
6000001	39.5
6100001	40
6200001	38.7
6300001	39.3
6400001	40.1
6500001	40.7
6600001	39.7
6700001	39.1
6800001	39.5
6900001	42.8
7000001	42.9
7100001	44.7
7200001	43.2
7300001	44
7400001	42.9
7500001	41.8
7600001	39.7
7700001	39.7
7800001	39.9
7900001	38.8
8000001	38
8100001	39.7
8200001	40.4
8300001	43.8
8400001	45.4
8500001	43.7
8600001	43.9
8700001	44.9
8800001	43.1
8900001	43.7
9000001	42.8
9100001	37.6
9200001	38.1
9300001	39.6
9400001	41.7
9500001	40.1
9600001	43.5
9700001	43.9
9800001	42.9
9900001	40.8
10000001	45.6
10100001	43.8
10200001	44
10300001	42.7
10400001	44.2
10500001	43.1
10600001	42.5
10700001	41.5
10800001	40.2
10900001	38.6
11000001	42.1
11100001	41.7
11200001	39.9
11300001	38.1
11400001	38.8
11500001	42.3
11600001	45.3
11700001	43.7
11800001	44.9
11900001	47.8
12000001	46.2
12100001	41
12200001	47.8
12300001	45.4
12400001	44
12500001	40.1
12600001	41.9
12700001	43.6
12800001	42.6
12900001	43.9
13000001	40
13100001	43.5
13200001	48.2
13300001	44.5
13400001	47.2
13500001	44.8
13600001	44.4
13700001	40.4
13800001	43.9
13900001	41.5
14000001	39.6
14100001	42.4
14200001	43.2
14300001	43.3
14400001	43.4
14500001	36.2
14600001	38.2
14700001	36.7
14800001	39.3
14900001	47.5
15000001	36.1
15100001	35.6
15200001	37.3
15300001	37.9
15400001	0
15500001	0
15600001	0
15700001	0
15800001	0
15900001	0
16000001	0
16100001	0
16200001	0
16300001	0
16400001	0
16500001	0
16600001	0
16700001	37
16800001	36.7
16900001	39.2
17000001	41
17100001	40
17200001	40.3
17300001	41.5
17400001	42.9
17500001	42.5
17600001	36.9
17700001	41.4
17800001	44.6
17900001	44.3
18000001	44.4
18100001	42.9
18200001	39.9
18300001	40.7
18400001	37.8
18500001	39.8
18600001	38.1
18700001	37.5
18800001	40.5
18900001	46.9
19000001	48.2
19100001	44.7
19200001	43.4
19300001	44.3
19400001	44.4
19500001	42.9
19600001	42.3
19700001	42.3
19800001	41.9
19900001	41.6
20000001	40.5
20100001	40.4
20200001	41.6
20300001	42
20400001	41.6
20500001	40.3
20600001	41.8
20700001	41.5
20800001	41.4
20900001	38.3
21000001	37.1
21100001	38.6
21200001	40
21300001	38.7
21400001	38.5
21500001	39.6
21600001	39.9
21700001	39.7
21800001	37.1
21900001	37.5
22000001	41.6
22100001	37.5
22200001	41.7
22300001	42.6
22400001	41.8
22500001	40.9
22600001	39.7
22700001	40.2
22800001	38.4
22900001	37.6
23000001	38.3
23100001	37.1
23200001	37.1
23300001	37.1
23400001	37.1
23500001	38
23600001	37.8
23700001	36.4
23800001	36.8
23900001	37.2
24000001	38.5
24100001	36.4
24200001	37.2
24300001	36.3
24400001	34.7
24500001	36.7
24600001	35.5
24700001	34.9
24800001	34.2
24900001	34.1
25000001	35.2
25100001	35.3
25200001	33.9
25300001	33.8
25400001	34.4
25500001	35.9
25600001	34.1
25700001	34.6
25800001	35
25900001	34.5
26000001	35.7
26100001	34.1
26200001	34.4
26300001	34.6
26400001	36.2
26500001	35.4
26600001	36.8
26700001	35.8
26800001	37
26900001	36.4
27000001	37.4
27100001	36.9
27200001	36.3
27300001	40
27400001	40.2
27500001	40.6
27600001	39.6
27700001	40.8
27800001	43.6
27900001	40.8
28000001	40.1
28100001	39.8
28200001	38
28300001	39.7
28400001	38.5
28500001	38.3
28600001	38.5
28700001	37.7
28800001	34.1
28900001	34.9
29000001	35
29100001	35.4
29200001	35.3
29300001	35.6
29400001	35.6
29500001	36.4
29600001	37.6
29700001	35.1
29800001	34.8
29900001	34.7
30000001	35.6
30100001	37.5
30200001	36.1
30300001	36.5
30400001	37.4
30500001	38.3
30600001	38.3
30700001	37.9
30800001	39.1
30900001	40.3
31000001	39.7
31100001	40.5
31200001	41.3
31300001	41.6
31400001	39.1
31500001	39.4
31600001	42.6
31700001	41.7
31800001	39.1
31900001	40.9
32000001	43.4
32100001	43.9
32200001	42.8
32300001	42.8
32400001	42.6
32500001	42.5
32600001	40.1
32700001	36.7
32800001	36.7
32900001	37.8
33000001	43
33100001	53.9
33200001	52.2
33300001	50.9
33400001	43.8
33500001	43.2
33600001	41
33700001	40.2
33800001	39.7
33900001	37
34000001	35.6
34100001	37
34200001	38.3
34300001	37.2
34400001	36.9
34500001	37.4
34600001	36
34700001	37.8
34800001	36.6
34900001	34.8
35000001	36.4
35100001	37.2
35200001	36.3
35300001	37
35400001	37.2
35500001	37.4
35600001	38.3
35700001	36.5
35800001	36.1
35900001	37
36000001	35.6
36100001	35
36200001	36.4
36300001	35.2
36400001	35.6
36500001	34.9
36600001	36.6
36700001	36.2
36800001	34.4
36900001	35.1
37000001	34.8
37100001	36.7
37200001	37.2
37300001	36.7
37400001	38.7
37500001	37.7
37600001	39
37700001	38.4
37800001	35.1
37900001	38.2
38000001	38.1
38100001	38.7
38200001	38.3
38300001	38.1
38400001	36.4
38500001	36.3
38600001	35.8
38700001	35.4
38800001	35.6
38900001	36.6
39000001	35.4
39100001	36.5
39200001	36.8
39300001	37.3
39400001	36
39500001	34.4
39600001	36.2
39700001	35.7
39800001	36.3
39900001	35.4
40000001	36.5
40100001	35.9
40200001	37.5
40300001	37.6
40400001	38.6
40500001	43.4
40600001	43
40700001	41.9
40800001	40.6
40900001	39
41000001	39.5
41100001	42.4
41200001	41.8
41300001	42.9
41400001	45.3
41500001	44.1
41600001	44.3
41700001	40.6
41800001	42.6
41900001	44.5
42000001	41.4
42100001	47.8
42200001	48.6
42300001	47.2
42400001	44.4
42500001	47.2
42600001	38.9
42700001	41.7
42800001	43.2
42900001	39.2
43000001	43.5
43100001	44.3
43200001	44.1
43300001	44.9
43400001	43.5
43500001	45.1
43600001	36.4
43700001	43.7
43800001	48.8
43900001	48
44000001	44.2
44100001	46.8
44200001	42.6
44300001	48.9
44400001	49.3
44500001	50.8
44600001	51.1
44700001	51.6
44800001	43
44900001	37.2
45000001	37.7
45100001	37.7
45200001	42.5
45300001	45.1
45400001	45.1
45500001	43.6
45600001	46
45700001	44.9
45800001	43
45900001	44.3
46000001	43.8
46100001	41.1
46200001	41.4
46300001	42.8
46400001	46.8
46500001	44.9
46600001	41.7
46700001	40.5
46800001	40.5
46900001	43.2
47000001	41.9
47100001	40.7
47200001	40.3
47300001	40.2
47400001	40.6
47500001	38.2
47600001	39.4
47700001	39.1
47800001	36.8
47900001	38.6
48000001	36.5
48100001	38.7
48200001	37.9
48300001	36.8
48400001	38.6
48500001	38
48600001	37.3
48700001	35.4
48800001	36.1
48900001	36.6
49000001	36.8
49100001	35.2
49200001	37.1
49300001	36.5
49400001	36.4
49500001	37
49600001	38.3
49700001	38.7
49800001	38.9
49900001	39.3
50000001	39
50100001	37.5
50200001	37.6
50300001	37.5
50400001	37.4
50500001	38
50600001	37.6
50700001	38.8
50800001	39.1
50900001	39.9
51000001	38.9
51100001	36.8
51200001	38.9
51300001	36.7
51400001	39.1
51500001	38.6
51600001	37.6
51700001	38
51800001	38.4
51900001	39.2
52000001	39.6
52100001	40.4
52200001	39.5
52300001	41.2
52400001	37.9
52500001	35.4
52600001	35.3
52700001	37
52800001	42.2
52900001	44.2
53000001	42.7
53100001	42.1
53200001	42.6
53300001	42.4
53400001	44.5
53500001	42.9
53600001	43.1
53700001	42.5
53800001	42.9
53900001	44.9
54000001	42
54100001	42.9
54200001	45.3
54300001	44.5
54400001	43.2
54500001	41.4
54600001	46.1
54700001	42.5
54800001	43.9
54900001	42.9
55000001	44
55100001	39.8
55200001	43.1
55300001	42.4
55400001	42.3
55500001	43
55600001	43.2
55700001	41.9
55800001	38.3
55900001	37
56000001	36.9
56100001	36.3
56200001	35.4
56300001	36.3
56400001	34.8
56500001	35.2
56600001	35.4
56700001	35.9
56800001	36.6
56900001	37.1
57000001	37.5
57100001	38.8
57200001	37.8
57300001	41
57400001	40.9
57500001	41.4
57600001	41.7
57700001	41.1
57800001	39.9
57900001	34.8
58000001	34.6
58100001	41.4
58200001	43.5
58300001	41.5
58400001	44.9
58500001	40.8
58600001	39.1
58700001	39.8
58800001	43
58900001	44.9
59000001	41.6
59100001	42.4
59200001	41
59300001	39.2
59400001	37.8
59500001	38.8
59600001	38.2
59700001	39.3
59800001	38.7
59900001	38.6
60000001	39
60100001	37.8
60200001	36.9
60300001	35.3
60400001	36.8
60500001	35.9
60600001	35.3
60700001	34.1
60800001	34.9
60900001	34.7
61000001	35.2
61100001	33.9
61200001	34.5
61300001	33.4
61400001	35.4
61500001	35.2
61600001	35.2
61700001	35
61800001	35.1
61900001	34.6
62000001	34.9
62100001	34.9
62200001	34.5
62300001	32.4
62400001	34.4
62500001	35.6
62600001	33.2
62700001	33.7
62800001	34.2
62900001	34.8
63000001	34.9
63100001	35.7
63200001	35.6
63300001	36
63400001	36
63500001	35.1
63600001	35.1
63700001	34.2
63800001	34.2
63900001	33.7
64000001	34.7
64100001	35.2
64200001	36.7
64300001	37.1
64400001	36.8
64500001	36.6
64600001	35
64700001	34.3
64800001	34.2
64900001	34.6
65000001	35
65100001	35.9
65200001	36.4
65300001	35.2
65400001	36.2
65500001	36.7
65600001	36.8
65700001	40.9
65800001	37.7
65900001	36.2
66000001	39.2
66100001	40.5
66200001	42
66300001	39.1
66400001	38
66500001	38.5
66600001	37.8
66700001	37.4
66800001	37.6
66900001	35.6
67000001	36.2
67100001	35.2
67200001	34.8
67300001	34.5
67400001	36
67500001	34.5
67600001	35.4
67700001	34.6
67800001	34.7
67900001	34.9
68000001	35.4
68100001	36.1
68200001	36.4
68300001	37.2
68400001	38.9
68500001	36.7
68600001	37.9
68700001	37.6
68800001	37.2
68900001	34.9
69000001	35.6
69100001	36.2
69200001	36.5
69300001	35.5
69400001	37.3
69500001	39.7
69600001	41
69700001	42
69800001	41.9
69900001	41.2
70000001	44.8
70100001	39.9
70200001	46.7
70300001	47.5
70400001	39.3
70500001	37.1
70600001	36.8
70700001	37.1
70800001	39.4
70900001	47.8
71000001	45.5
71100001	44
71200001	42.9
71300001	41.6
71400001	41.2
71500001	39.9
71600001	41
71700001	41.1
71800001	39.3
71900001	41.9
72000001	40
72100001	42.7
72200001	48.1
72300001	44.6
72400001	44.9
72500001	45.6
72600001	45.3
72700001	42.4
72800001	48.1
72900001	47
73000001	43.2
73100001	42.2
73200001	40.8
73300001	40.1
73400001	42.5
73500001	39.8
73600001	39.3
73700001	40.3
73800001	42.9
73900001	42.9
74000001	41.7
74100001	41
74200001	45
74300001	46.1
74400001	47.6
74500001	50.1
74600001	49.5
74700001	46.5
74800001	48.1
74900001	41.7
75000001	40.4
75100001	42.6
75200001	53.7
75300001	55.6
75400001	54.8
75500001	49.5
75600001	52.7
75700001	51.6
75800001	48.3
75900001	44.5
76000001	46.4
