variableStep chrom=chr6 span=100000
1	38.5
100001	44.9
200001	44.9
300001	49.2
400001	41.9
500001	39.7
600001	42.1
700001	42.1
800001	44.6
900001	42.8
1000001	44.2
1100001	43.7
1200001	43.9
1300001	47
1400001	45.4
1500001	49.1
1600001	44
1700001	40.8
1800001	40.3
1900001	38.4
2000001	37.8
2100001	41.4
2200001	39.9
2300001	42.8
2400001	43.9
2500001	43.4
2600001	42.3
2700001	43.9
2800001	45
2900001	45.7
3000001	45.9
3100001	47.7
3200001	49.1
3300001	46.3
3400001	45.4
3500001	43.9
3600001	46.4
3700001	45.6
3800001	43.7
3900001	40
4000001	40.7
4100001	42
4200001	42.8
4300001	42.4
4400001	42.6
4500001	43.2
4600001	44.5
4700001	40.6
4800001	42.4
4900001	44.2
5000001	46
5100001	41.6
5200001	40.6
5300001	39.3
5400001	40.8
5500001	42
5600001	44.2
5700001	47.4
5800001	41.6
5900001	43.7
6000001	39.4
6100001	41.7
6200001	41.5
6300001	39.7
6400001	41.5
6500001	43.1
6600001	46.3
6700001	45.1
6800001	45.9
6900001	45
7000001	44.3
7100001	46.3
7200001	44.5
7300001	42.2
7400001	43.9
7500001	41.8
7600001	43.2
7700001	42.2
7800001	45.1
7900001	40.3
8000001	41.3
8100001	40.9
8200001	40.5
8300001	38.3
8400001	35.6
8500001	37.9
8600001	37.4
8700001	37.7
8800001	37.6
8900001	37.7
9000001	37
9100001	36.9
9200001	37.8
9300001	36.6
9400001	36
9500001	37.1
9600001	37.7
9700001	36.4
9800001	38.2
9900001	37.8
10000001	38.7
10100001	37.5
10200001	40.2
10300001	39.8
10400001	44.6
10500001	45.8
10600001	43.8
10700001	42.1
10800001	43.7
10900001	42.4
11000001	40.2
11100001	40.9
11200001	42.4
11300001	43.1
11400001	42.7
11500001	41.2
11600001	37.9
11700001	42.2
11800001	43.5
11900001	40.3
12000001	38.7
12100001	39.8
12200001	37.9
12300001	40
12400001	41.6
12500001	39.1
12600001	39
12700001	39.1
12800001	39.4
12900001	40.2
13000001	41.7
13100001	40.2
13200001	40.6
13300001	44.4
13400001	44.3
13500001	45.1
13600001	42.7
13700001	37.7
13800001	44.4
13900001	42.7
14000001	38.9
14100001	43.9
14200001	43.3
14300001	43.8
14400001	42.8
14500001	42.7
14600001	43.1
14700001	43.1
14800001	43
14900001	44.3
15000001	44.8
15100001	45.3
15200001	45.4
15300001	45.5
15400001	42.4
15500001	42.7
15600001	45
15700001	39.5
15800001	41.5
15900001	41.9
16000001	42.8
16100001	41.8
16200001	41.4
16300001	46.5
16400001	44.9
16500001	42.1
16600001	41
16700001	40.9
16800001	40.9
16900001	40.9
17000001	39.4
17100001	40.3
17200001	41.2
17300001	41.5
17400001	42.9
17500001	42.3
17600001	41.9
17700001	39.7
17800001	43.8
17900001	41.2
18000001	41
18100001	43.6
18200001	42
18300001	41.6
18400001	41.6
18500001	39.2
18600001	40.1
18700001	38.6
18800001	37.7
18900001	35.4
19000001	37.6
19100001	36.9
19200001	37.2
19300001	38.3
19400001	38.7
19500001	39
19600001	38.6
19700001	37.7
19800001	39.5
19900001	40.2
20000001	39.9
20100001	41.8
20200001	41.9
20300001	41.9
20400001	42.8
20500001	43
20600001	39.9
20700001	37.6
20800001	37.8
20900001	36.8
21000001	38.3
21100001	37.5
21200001	38.5
21300001	41.8
21400001	42.9
21500001	42.1
21600001	42.4
21700001	44.1
21800001	41.9
21900001	43.3
22000001	41.1
22100001	39.3
22200001	38.4
22300001	38.3
22400001	38.9
22500001	37.1
22600001	36.9
22700001	36.9
22800001	37.6
22900001	37.4
23000001	36.6
23100001	36.7
23200001	37.7
23300001	36.1
23400001	37.2
23500001	36.7
23600001	37.1
23700001	38.2
23800001	36.4
23900001	36.7
24000001	37.5
24100001	38.4
24200001	39.9
24300001	39
24400001	39.1
24500001	42.5
24600001	42.9
24700001	40.8
24800001	41
24900001	41.7
25000001	41.7
25100001	41.3
25200001	39.3
25300001	39.8
25400001	41.3
25500001	39.2
25600001	37.7
25700001	40
25800001	39.4
25900001	37.6
26000001	40
26100001	41.9
26200001	41.4
26300001	42.5
26400001	43
26500001	44.6
26600001	43
26700001	40.3
26800001	40.9
26900001	39.2
27000001	36.1
27100001	38.5
27200001	42.6
27300001	42.2
27400001	40.3
27500001	40.4
27600001	41.8
27700001	43.2
27800001	42.6
27900001	41.9
28000001	37.6
28100001	39
28200001	40.1
28300001	40.6
28400001	40.6
28500001	41
28600001	40.1
28700001	41.1
28800001	42.8
28900001	43.2
29000001	43.2
29100001	35.8
29200001	37.9
29300001	37.2
29400001	36.5
29500001	42
29600001	44.5
29700001	46.9
29800001	45.2
29900001	45
30000001	46.3
30100001	43.1
30200001	45
30300001	41.2
30400001	42.6
30500001	44.5
30600001	46.6
30700001	50.3
30800001	47.5
30900001	49.3
31000001	47.5
31100001	47.1
31200001	49.3
31300001	42.8
31400001	44.7
31500001	44.9
31600001	49.4
31700001	51.9
31800001	51.3
31900001	51.5
32000001	52.2
32100001	54.9
32200001	51.7
32300001	40.3
32400001	39.9
32500001	40.7
32600001	41.6
32700001	39.6
32800001	40.2
32900001	41.7
33000001	43.8
33100001	41.8
33200001	50.6
33300001	49.6
33400001	48.2
33500001	48.4
33600001	50.9
33700001	52.9
33800001	53.2
33900001	52.4
34000001	50.6
34100001	55.8
34200001	50.4
34300001	46.9
34400001	43.8
34500001	49.8
34600001	51
34700001	42.1
34800001	44.4
34900001	42.6
35000001	42.2
35100001	47.4
35200001	46.1
35300001	48.3
35400001	48.5
35500001	52.8
35600001	43.5
35700001	41.9
35800001	48.8
35900001	40.7
36000001	42.6
36100001	41
36200001	44.7
36300001	47.2
36400001	46.8
36500001	42
36600001	44.3
36700001	48.9
36800001	51.7
36900001	45.4
37000001	50.3
37100001	48.4
37200001	46.4
37300001	42.9
37400001	43
37500001	47.5
37600001	50.7
37700001	51.2
37800001	48.5
37900001	38.6
38000001	38.1
38100001	38.8
38200001	47.5
38300001	40.6
38400001	39.3
38500001	40
38600001	39.2
38700001	40.9
38800001	38.6
38900001	38.3
39000001	39.8
39100001	46.9
39200001	47.8
39300001	49.5
39400001	45.6
39500001	41
39600001	38.6
39700001	37.5
39800001	42.6
39900001	48.6
40000001	42.5
40100001	42
40200001	42.8
40300001	45.7
40400001	46.5
40500001	48
40600001	47.4
40700001	46.7
40800001	46.7
40900001	43.9
41000001	44.1
41100001	43.8
41200001	44.4
41300001	42.4
41400001	46.6
41500001	50.5
41600001	52.2
41700001	52.8
41800001	49.6
41900001	42.5
42000001	46.2
42100001	49.4
42200001	48.5
42300001	46
42400001	45.5
42500001	42.6
42600001	40.1
42700001	42.4
42800001	44.9
42900001	46
43000001	50.5
43100001	50
43200001	50.4
43300001	51.3
43400001	44
43500001	51.3
43600001	43.9
43700001	49.5
43800001	50.4
43900001	50.6
44000001	49.9
44100001	50.9
44200001	51
44300001	52.2
44400001	42
44500001	43.3
44600001	46
44700001	46
44800001	42.3
44900001	38.9
45000001	35.4
45100001	35.3
45200001	36.1
45300001	36.5
45400001	37.7
45500001	39.1
45600001	41.3
45700001	44.6
45800001	41.2
45900001	42.2
46000001	43.1
46100001	40.1
46200001	39
46300001	40.1
46400001	39.7
46500001	38.3
46600001	37.2
46700001	37.7
46800001	39.3
46900001	41
47000001	40.3
47100001	40.7
47200001	40.6
47300001	41.1
47400001	39.3
47500001	39.3
47600001	35.6
47700001	40.2
47800001	38
47900001	37.2
48000001	36.3
48100001	36.7
48200001	35.1
48300001	36.5
48400001	35.7
48500001	35.4
48600001	35.1
48700001	34.6
48800001	35.2
48900001	36
49000001	35.4
49100001	35.6
49200001	35.3
49300001	36.3
49400001	36.4
49500001	36.9
49600001	39.2
49700001	36.2
49800001	36.7
49900001	35.4
50000001	34.2
50100001	35.3
50200001	34.8
50300001	36.9
50400001	36.6
50500001	35.8
50600001	35.7
50700001	37.8
50800001	37.8
50900001	38.6
51000001	37.5
51100001	38.6
51200001	36.9
51300001	37.9
51400001	37.7
51500001	37
51600001	37.1
51700001	36.2
51800001	39.2
51900001	40
52000001	40.5
52100001	40.4
52200001	42.9
52300001	42.3
52400001	41.2
52500001	44.1
52600001	41.3
52700001	42.2
52800001	42.5
52900001	42
53000001	40.6
53100001	43.4
53200001	42.3
53300001	41.5
53400001	39.6
53500001	39.8
53600001	40.6
53700001	39.8
53800001	39
53900001	38.7
54000001	36.7
54100001	35.6
54200001	36.2
54300001	34.7
54400001	36.1
54500001	36.1
54600001	36.1
54700001	36.2
54800001	36.5
54900001	36.5
55000001	35.8
55100001	35.7
55200001	34.8
55300001	36.2
55400001	34.3
55500001	35.3
55600001	35.3
55700001	34.9
55800001	34.4
55900001	36.7
56000001	34.7
56100001	35.9
56200001	37.6
56300001	39
56400001	37
56500001	37.1
56600001	37.8
56700001	38.4
56800001	40.6
56900001	38.7
57000001	38.8
57100001	37.3
57200001	40.8
57300001	37.1
57400001	37.4
57500001	37.2
57600001	38
57700001	37.4
57800001	37.2
57900001	37
58000001	37.9
58100001	37.6
58200001	39
58300001	40.5
58400001	37.5
58500001	36.9
58600001	38
58700001	36.3
58800001	37.6
58900001	0
59000001	0
59100001	0
59200001	0
59300001	0
59400001	0
59500001	0
59600001	0
59700001	0
59800001	0
59900001	0
60000001	0
60100001	0
60200001	0
60300001	0
60400001	0
60500001	0
60600001	0
60700001	0
60800001	0
60900001	0
61000001	0
61100001	0
61200001	0
61300001	0
61400001	0
61500001	0
61600001	0
61700001	0
61800001	0
61900001	36.2
62000001	37.4
62100001	37.1
62200001	36.8
62300001	36.9
62400001	34.4
62500001	34.5
62600001	35.4
62700001	34.2
62800001	35.3
62900001	35.1
63000001	35
63100001	34.9
63200001	34.8
63300001	36.1
63400001	34.8
63500001	34.7
63600001	37.3
63700001	35.8
63800001	37.1
63900001	38.3
64000001	38
64100001	39.5
64200001	40.6
64300001	39.2
64400001	35.9
64500001	37.8
64600001	37.8
64700001	38
64800001	35.2
64900001	35.1
65000001	36
65100001	35.7
65200001	34.1
65300001	35
65400001	36.2
65500001	34.3
65600001	34.2
65700001	35
65800001	33.3
65900001	33.3
66000001	34.5
66100001	33.2
66200001	33.2
66300001	34.3
66400001	35.3
66500001	35.5
66600001	33.9
66700001	34.8
66800001	35.1
66900001	36.1
67000001	34.4
67100001	34.7
67200001	34.3
67300001	35.2
67400001	34.6
67500001	33.8
67600001	34.6
67700001	34.5
67800001	33.5
67900001	33.3
68000001	34.3
68100001	33.1
68200001	34.2
68300001	34.1
68400001	34.1
68500001	34.2
68600001	35.7
68700001	35.5
68800001	33.9
68900001	36.7
69000001	34.7
69100001	35.6
69200001	34.4
69300001	35.6
69400001	34.5
69500001	35.1
69600001	34.9
69700001	35.4
69800001	35.1
69900001	36.4
70000001	34.8
70100001	36.5
70200001	38.4
70300001	37
70400001	35.4
70500001	36.8
70600001	36.4
70700001	35.3
70800001	36.4
70900001	37.4
71000001	38.3
71100001	38.8
71200001	35.5
71300001	40.3
71400001	39.5
71500001	37.3
71600001	38.8
71700001	40
71800001	38.5
71900001	37.3
72000001	38.8
72100001	37
72200001	36.9
72300001	37.6
72400001	36.5
72500001	37.5
72600001	36.6
72700001	36.4
72800001	36.1
72900001	35.9
73000001	32.8
73100001	37.1
73200001	37.2
73300001	37.7
73400001	36.2
73500001	36.6
73600001	36.2
73700001	38.5
73800001	37.2
73900001	41.1
74000001	43.9
74100001	44
74200001	43.6
74300001	44.4
74400001	41.1
74500001	38.2
74600001	39.9
74700001	38.6
74800001	37.6
74900001	36.3
75000001	36
75100001	35.8
75200001	36
75300001	37.8
75400001	35.4
75500001	36.2
75600001	36.5
75700001	37
75800001	36.8
75900001	38
76000001	38
76100001	38.3
76200001	37.7
76300001	38.8
76400001	37.5
76500001	39.6
76600001	36.4
76700001	39.4
76800001	38
76900001	37.4
77000001	36.3
77100001	36.4
77200001	36.8
77300001	36
77400001	36.7
77500001	37.2
77600001	35.3
77700001	35.5
77800001	36.7
77900001	34.7
78000001	35.6
78100001	35.9
78200001	37.5
78300001	35.5
78400001	38.6
78500001	37.1
78600001	35.7
78700001	36.8
78800001	35.9
78900001	36.6
79000001	35.3
79100001	35.6
79200001	37.3
79300001	36.7
79400001	38
79500001	38.6
79600001	37.9
79700001	34
79800001	35
79900001	37.2
80000001	39.7
80100001	38.4
80200001	36.5
80300001	38.7
80400001	38.6
80500001	38.7
80600001	37.9
80700001	37.3
80800001	38.4
80900001	36.6
81000001	36.7
81100001	37.5
81200001	37.6
81300001	36.8
81400001	36.4
81500001	35.2
81600001	34.2
81700001	35.6
81800001	34.7
81900001	34.7
82000001	34.5
82100001	37.4
82200001	35.5
82300001	36
82400001	36.1
82500001	37.7
82600001	38
82700001	37.2
82800001	38.5
82900001	36.2
83000001	39.5
83100001	38.2
83200001	38.4
83300001	37.8
83400001	38.1
83500001	38
83600001	38.5
83700001	38.4
83800001	37
83900001	37.7
84000001	36.2
84100001	37.8
84200001	39.5
84300001	36.6
84400001	37.3
84500001	37.3
84600001	37.8
84700001	38.4
84800001	41.2
84900001	37
85000001	37.2
85100001	37.5
85200001	37.7
85300001	37.6
85400001	38.5
85500001	39.2
85600001	36.6
85700001	39.9
85800001	39.1
85900001	38.2
86000001	40
86100001	39.5
86200001	40.1
86300001	38.1
86400001	41.4
86500001	39.7
86600001	39.9
86700001	39.6
86800001	36.7
86900001	37.5
87000001	38.8
87100001	39.1
87200001	39.2
87300001	37.6
87400001	39
87500001	38.6
87600001	38.5
87700001	38.8
87800001	38.9
87900001	37.9
88000001	39.3
88100001	39.7
88200001	38.3
88300001	38.8
88400001	40.8
88500001	42.8
88600001	40.5
88700001	39.5
88800001	38.2
88900001	38.7
89000001	38
89100001	39
89200001	40.2
89300001	42.4
89400001	37
89500001	35.7
89600001	35.8
89700001	42
89800001	42.8
89900001	41.9
90000001	43.6
90100001	42.5
90200001	41.8
90300001	44.1
90400001	40.9
90500001	42.9
90600001	43
90700001	42.1
90800001	39.8
90900001	39.9
91000001	40.1
91100001	41.1
91200001	40.1
91300001	37.1
91400001	38.8
91500001	37.7
91600001	38.7
91700001	37
91800001	37.6
91900001	37.1
92000001	37.6
92100001	36.3
92200001	35.3
92300001	35.4
92400001	36
92500001	34.6
92600001	35.6
92700001	35.2
92800001	35.4
92900001	35
93000001	34.3
93100001	34.4
93200001	34.8
93300001	34.6
93400001	35.4
93500001	35.2
93600001	35.8
93700001	37.4
93800001	34.9
93900001	35.4
94000001	33.1
94100001	33.9
94200001	33.8
94300001	34.7
94400001	36.8
94500001	33.6
94600001	35
94700001	34.5
94800001	33.3
94900001	34.9
95000001	35
95100001	34.6
95200001	33.7
95300001	34.7
95400001	33.8
95500001	35.3
95600001	34.6
95700001	34.8
95800001	0
95900001	36
96000001	35.5
96100001	35.7
96200001	35.4
96300001	35.1
96400001	34.9
96500001	35.4
96600001	34.7
96700001	35.7
96800001	36.9
96900001	36.7
97000001	36.8
97100001	35.7
97200001	38.2
97300001	38.1
97400001	39
97500001	38.6
97600001	38.6
97700001	35.4
97800001	37.9
97900001	35.4
98000001	34.9
98100001	34.9
98200001	35
98300001	36.9
98400001	33.7
98500001	34.7
98600001	35.6
98700001	35.8
98800001	36.3
98900001	36.2
99000001	36.9
99100001	37.5
99200001	36.9
99300001	40.1
99400001	37
99500001	39.3
99600001	39.8
99700001	39.9
99800001	42
99900001	39.2
100000001	38.2
100100001	40.5
100200001	38.7
100300001	37.9
100400001	37.8
100500001	37.8
100600001	37.1
100700001	37.3
100800001	35.8
100900001	37.6
101000001	40.4
101100001	34.2
101200001	33.5
101300001	33.7
101400001	37
101500001	37.2
101600001	37.1
101700001	37.2
101800001	35.8
101900001	37.1
102000001	33.5
102100001	33.7
102200001	35
102300001	34.3
102400001	32.7
102500001	33.1
102600001	34.8
102700001	34.8
102800001	34.8
102900001	33.3
103000001	33.7
103100001	33.1
103200001	34.2
103300001	34.6
103400001	35.7
103500001	34.2
103600001	33.7
103700001	34.1
103800001	34.5
103900001	34.7
104000001	35
104100001	34.6
104200001	35.2
104300001	34.9
104400001	35.6
104500001	35.3
104600001	36.1
104700001	37.2
104800001	36.8
104900001	37.4
105000001	38.6
105100001	37.2
105200001	38
105300001	37.4
105400001	40.2
105500001	36.3
105600001	39.5
105700001	40.5
105800001	41.3
105900001	40.3
106000001	39.6
106100001	39.6
106200001	38.6
106300001	40.6
106400001	41.2
106500001	40.7
106600001	42.1
106700001	39.2
106800001	37.8
106900001	40.2
107000001	39.8
107100001	40.9
107200001	41.5
107300001	43.2
107400001	46.1
107500001	45.8
107600001	40.8
107700001	38.8
107800001	38.9
107900001	40.8
108000001	43.4
108100001	44.1
108200001	43
108300001	40.6
108400001	42.1
108500001	44.8
108600001	43.2
108700001	40.6
108800001	38.1
108900001	42.4
109000001	40.9
109100001	45.4
109200001	42
109300001	41.9
109400001	38.1
109500001	36.9
109600001	40.6
109700001	43.1
109800001	44.8
109900001	40.1
110000001	37.5
110100001	38.8
110200001	41.4
110300001	43.8
110400001	42.8
110500001	36.7
110600001	37.9
110700001	41
110800001	41.9
110900001	43.4
111000001	39.7
111100001	39.7
111200001	42.5
111300001	43.3
111400001	42.9
111500001	40.7
111600001	40.6
111700001	38.4
111800001	36.4
111900001	41
112000001	44.6
112100001	42.6
112200001	41.6
112300001	40.6
112400001	42.6
112500001	37.2
112600001	40.2
112700001	40.1
112800001	36.6
112900001	36.8
113000001	36.8
113100001	36.1
113200001	35.2
113300001	36.4
113400001	35
113500001	34.7
113600001	37.6
113700001	36.7
113800001	37.5
113900001	37.8
114000001	39.2
114100001	40.3
114200001	38.9
114300001	38.2
114400001	40.4
114500001	38.1
114600001	37.2
114700001	37.1
114800001	36.5
114900001	37
115000001	36.3
115100001	35.7
115200001	34.7
115300001	34.6
115400001	36.5
115500001	35.5
115600001	36.4
115700001	36.2
115800001	34.4
115900001	36.8
116000001	35.5
116100001	37.6
116200001	37.3
116300001	37.9
116400001	36.4
116500001	37.5
116600001	36.7
116700001	38.7
116800001	38.2
116900001	38.3
117000001	37.2
117100001	36.9
117200001	36.6
117300001	35.8
117400001	37
117500001	38.4
117600001	39.3
117700001	37.2
117800001	38
117900001	39.5
118000001	38.8
118100001	38.6
118200001	38.1
118300001	39.1
118400001	37.4
118500001	38.6
118600001	38.5
118700001	39.2
118800001	39
118900001	35.8
119000001	40.3
119100001	41.5
119200001	40.5
119300001	37.5
119400001	40.8
119500001	39.2
119600001	37.2
119700001	38.4
119800001	37.8
119900001	36.8
120000001	36.8
120100001	36.5
120200001	36.3
120300001	34.7
120400001	33.6
120500001	35.4
120600001	33.7
120700001	35
120800001	34.8
120900001	34.9
121000001	35.3
121100001	36.4
121200001	36.3
121300001	35.5
121400001	34.7
121500001	36.9
121600001	36
121700001	38.3
121800001	39.2
121900001	38.6
122000001	36.6
122100001	37.2
122200001	36.7
122300001	35.7
122400001	36.3
122500001	35.3
122600001	35.6
122700001	37
122800001	37
122900001	37.7
123000001	37
123100001	38.3
123200001	39.1
123300001	37
123400001	35.9
123500001	36.1
123600001	33.9
123700001	34.4
123800001	35.2
123900001	36.5
124000001	36.5
124100001	36.9
124200001	36.1
124300001	36.2
124400001	35.7
124500001	34.7
124600001	35.6
124700001	36.5
124800001	35.5
124900001	36.8
125000001	36.5
125100001	37.2
125200001	38.3
125300001	37.7
125400001	37.1
125500001	39.5
125600001	40
125700001	39.1
125800001	39.5
125900001	39
126000001	38.8
126100001	39.5
126200001	39.1
126300001	37.8
126400001	38.8
126500001	37.3
126600001	36.6
126700001	36
126800001	35.2
126900001	35.5
127000001	36.2
127100001	36.3
127200001	36.9
127300001	36
127400001	37.5
127500001	36.3
127600001	36
127700001	39.8
127800001	37.6
127900001	35.8
128000001	35.8
128100001	35.7
128200001	35.2
128300001	36.3
128400001	34.9
128500001	34.3
128600001	35.8
128700001	35.7
128800001	37.1
128900001	36.4
129000001	35.8
129100001	37
129200001	36.1
129300001	35.8
129400001	35.8
129500001	35.4
129600001	35.6
129700001	37
129800001	36.7
129900001	37.8
130000001	39.4
130100001	37.9
130200001	36.7
130300001	39.5
130400001	37.6
130500001	40.2
130600001	38
130700001	38.7
130800001	39.3
130900001	37.5
131000001	38.4
131100001	39.1
131200001	38.2
131300001	38.8
131400001	39.8
131500001	37.8
131600001	39.8
131700001	40.8
131800001	39.3
131900001	37.7
132000001	38.3
132100001	39
132200001	38.8
132300001	37.4
132400001	37.4
132500001	36.6
132600001	37.3
132700001	37.7
132800001	37.5
132900001	37.8
133000001	38.2
133100001	40.1
133200001	38.2
133300001	37.6
133400001	37
133500001	37.3
133600001	37.4
133700001	37.2
133800001	36.4
133900001	38.4
134000001	38.3
134100001	37.9
134200001	38.9
134300001	39.3
134400001	41.7
134500001	42.5
134600001	41.5
134700001	41.2
134800001	39.7
134900001	39.6
135000001	39.5
135100001	41.4
135200001	43
135300001	36.6
135400001	38.7
135500001	40.4
135600001	40.1
135700001	35.6
135800001	36.7
135900001	38.1
136000001	36.9
136100001	37.4
136200001	36.8
136300001	38.6
136400001	39.3
136500001	40.1
136600001	39.3
136700001	39.4
136800001	38.8
136900001	41.4
137000001	38.1
137100001	41.3
137200001	39.7
137300001	41.3
137400001	39.9
137500001	40.3
137600001	39
137700001	39.5
137800001	40.3
137900001	39.6
138000001	40
138100001	41.2
138200001	40.6
138300001	41
138400001	40
138500001	40.2
138600001	42.4
138700001	41.8
138800001	39.9
138900001	41.7
139000001	41.3
139100001	41.1
139200001	39.7
139300001	40.1
139400001	41
139500001	40.6
139600001	40.1
139700001	41.9
139800001	40.5
139900001	40.5
140000001	38.6
140100001	37.5
140200001	37.7
140300001	36.4
140400001	36.1
140500001	36.6
140600001	36.3
140700001	35.9
140800001	34
140900001	35.1
141000001	35
141100001	35
141200001	35
141300001	34.2
141400001	35.4
141500001	37.2
141600001	33.1
141700001	34.6
141800001	35.8
141900001	34.8
142000001	34.6
142100001	35.9
142200001	35.8
142300001	38
142400001	35.7
142500001	36
142600001	37.1
142700001	36
142800001	38.6
142900001	39.2
143000001	40.1
143100001	38.5
143200001	38
143300001	39.2
143400001	38.8
143500001	39.8
143600001	40
143700001	39.7
143800001	38.9
143900001	41.2
144000001	38.9
144100001	39.8
144200001	40
144300001	39.8
144400001	40.7
144500001	41.2
144600001	41.2
144700001	39.7
144800001	38.2
144900001	36.7
145000001	37.5
145100001	36
145200001	39.3
145300001	38.4
145400001	39.1
145500001	37.3
145600001	38
145700001	37.2
145800001	37.8
145900001	37.8
146000001	37.3
146100001	37.5
146200001	35.5
146300001	36.7
146400001	37
146500001	36.7
146600001	37.3
146700001	37.6
146800001	37.8
146900001	36.8
147000001	35.9
147100001	35.9
147200001	39.2
147300001	37.2
147400001	37.8
147500001	37.2
147600001	35
147700001	36.2
147800001	39.7
147900001	39.8
148000001	38.8
148100001	38.3
148200001	38.8
148300001	39
148400001	39.4
148500001	41.9
148600001	43.2
148700001	43.5
148800001	42.7
148900001	41.2
149000001	40
149100001	40.7
149200001	41.9
149300001	41.6
149400001	41.2
149500001	40.8
149600001	40.2
149700001	38.7
149800001	44.4
149900001	42
150000001	42.1
150100001	42.1
150200001	46.1
150300001	49.1
150400001	46.8
150500001	44.4
150600001	44.8
150700001	42.8
150800001	41.6
150900001	42.7
151000001	41.3
151100001	43.3
151200001	43.6
151300001	42.8
151400001	44.8
151500001	43.3
151600001	43.6
151700001	43.2
151800001	41.6
151900001	40.7
152000001	40.3
152100001	39.7
152200001	38.4
152300001	38.1
152400001	41.8
152500001	38.7
152600001	39.5
152700001	38.5
152800001	37
152900001	37.9
153000001	37.7
153100001	36.7
153200001	37.2
153300001	37.9
153400001	38.5
153500001	37.8
153600001	36.2
153700001	36.6
153800001	35.6
153900001	35.3
154000001	34.6
154100001	37.1
154200001	38.7
154300001	36.8
154400001	37.8
154500001	40.3
154600001	40.1
154700001	42
154800001	42.5
154900001	41.5
155000001	43
155100001	37
155200001	41.8
155300001	45
155400001	43.4
155500001	43.8
155600001	39.9
155700001	39.6
155800001	38.2
155900001	36.9
156000001	37
156100001	37.4
156200001	36.8
156300001	39.8
156400001	39.5
156500001	37.6
156600001	40.1
156700001	41.2
156800001	40.4
156900001	42.6
157000001	42.4
157100001	41.5
157200001	40.7
157300001	39.6
157400001	40.2
157500001	43.7
157600001	42.5
157700001	44
157800001	45.1
157900001	46.9
158000001	46.1
158100001	42.4
158200001	41.3
158300001	49.5
158400001	43.2
158500001	44.1
158600001	42.1
158700001	42.4
158800001	46
158900001	47
159000001	45.7
159100001	46.7
159200001	44
159300001	40.8
159400001	43.9
159500001	44.1
159600001	41.8
159700001	43.4
159800001	42
159900001	42.2
160000001	42.1
160100001	45.5
160200001	44
160300001	43.9
160400001	47.7
160500001	41
160600001	43.3
160700001	41.2
160800001	41.5
160900001	41.8
161000001	41.4
161100001	38.5
161200001	40.4
161300001	39.3
161400001	42.7
161500001	43.8
161600001	42.6
161700001	45.4
161800001	41.3
161900001	41.6
162000001	41.5
162100001	41.5
162200001	40.3
162300001	39.6
162400001	39.4
162500001	39.2
162600001	39
162700001	39
162800001	40.9
162900001	38.4
163000001	37
163100001	37
163200001	38.7
163300001	38.9
163400001	40.3
163500001	42.7
163600001	45.1
163700001	41.5
163800001	36.3
163900001	43.2
164000001	45.6
164100001	40.6
164200001	41.6
164300001	41.8
164400001	41.4
164500001	41.1
164600001	38.6
164700001	36.8
164800001	38
164900001	35.4
165000001	37.7
165100001	38
165200001	38.3
165300001	38.4
165400001	38.8
165500001	39.5
165600001	40
165700001	37.1
165800001	37.3
165900001	42.5
166000001	42.7
166100001	44.1
166200001	43.4
166300001	41.3
166400001	41.7
166500001	43.9
166600001	44.7
166700001	46.7
166800001	48.3
166900001	46.1
167000001	47.4
167100001	43.9
167200001	45.7
167300001	41.5
167400001	44.9
167500001	47
167600001	47.2
167700001	49.3
167800001	48.8
167900001	43.7
168000001	38.8
168100001	48.2
168200001	52.5
168300001	48.7
168400001	48.6
168500001	49.7
168600001	46
168700001	48.4
168800001	45.3
168900001	43.8
169000001	45.8
169100001	41.5
169200001	43.1
169300001	47.9
169400001	43.1
169500001	44.4
169600001	38.9
169700001	43.6
169800001	42.3
169900001	47.6
170000001	0
170100001	51.4
170200001	51.8
170300001	53.4
170400001	48.2
170500001	45.6
170600001	45.9
170700001	39
