variableStep chrom=chr5 span=100000
1	42.1
100001	47.8
200001	51.4
300001	50.7
400001	52.8
500001	58.5
600001	53.5
700001	51.4
800001	51.7
900001	52.2
1000001	54.8
1100001	60.1
1200001	58
1300001	55.3
1400001	53.6
1500001	52.8
1600001	50.6
1700001	49.1
1800001	51.4
1900001	53.9
2000001	46
2100001	45.2
2200001	46.7
2300001	46.9
2400001	44.8
2500001	45.1
2600001	45.3
2700001	46.3
2800001	43.7
2900001	43.8
3000001	42.9
3100001	45.7
3200001	43.8
3300001	47.2
3400001	44.1
3500001	42.4
3600001	46.8
3700001	43.1
3800001	42.5
3900001	42.5
4000001	41.3
4100001	41.4
4200001	41.2
4300001	40
4400001	38.9
4500001	39
4600001	39.6
4700001	38.6
4800001	36.9
4900001	42.7
5000001	40.3
5100001	41.4
5200001	40
5300001	45.4
5400001	43.2
5500001	41.6
5600001	43.1
5700001	41.4
5800001	41.3
5900001	41.2
6000001	41.8
6100001	42.1
6200001	43.4
6300001	43.4
6400001	46.1
6500001	47
6600001	45.1
6700001	45.1
6800001	45.7
6900001	41.9
7000001	39.6
7100001	40.3
7200001	40.2
7300001	41.2
7400001	40.8
7500001	40.1
7600001	39.1
7700001	40.7
7800001	43.7
7900001	40.4
8000001	38.7
8100001	38.5
8200001	40.2
8300001	39.5
8400001	38.6
8500001	38.1
8600001	38.4
8700001	37.3
8800001	38.8
8900001	38.3
9000001	38.6
9100001	39.9
9200001	40.8
9300001	39.1
9400001	39.9
9500001	41.3
9600001	40.3
9700001	40.1
9800001	40.1
9900001	42.1
10000001	40.9
10100001	43.6
10200001	42.1
10300001	45.4
10400001	40
10500001	48.2
10600001	47.6
10700001	47.1
10800001	42.4
10900001	42.5
11000001	42.1
11100001	41.7
11200001	41.1
11300001	40.8
11400001	38.8
11500001	39
11600001	37.2
11700001	38.2
11800001	37.6
11900001	38.1
12000001	36.3
12100001	36.2
12200001	35.6
12300001	35.1
12400001	35.6
12500001	36.3
12600001	35.6
12700001	35.7
12800001	34.2
12900001	36.2
13000001	34.2
13100001	35.5
13200001	37
13300001	36.1
13400001	38.5
13500001	39.7
13600001	38.4
13700001	39.7
13800001	38.9
13900001	39
14000001	42.7
14100001	43.9
14200001	41.2
14300001	42.3
14400001	43.9
14500001	45.3
14600001	42.4
14700001	44.5
14800001	42.4
14900001	43.3
15000001	41.6
15100001	39.8
15200001	37.5
15300001	38.2
15400001	38.8
15500001	39.8
15600001	40.3
15700001	38.5
15800001	39.5
15900001	40.5
16000001	39.2
16100001	40.2
16200001	39.6
16300001	38.4
16400001	41.2
16500001	41.5
16600001	43.5
16700001	44.1
16800001	43.4
16900001	44.6
17000001	44.8
17100001	44
17200001	43.4
17300001	41.8
17400001	41.4
17500001	42.8
17600001	45
17700001	38.6
17800001	36.8
17900001	36.7
18000001	35.9
18100001	36.1
18200001	35.5
18300001	37.2
18400001	36
18500001	36.7
18600001	35.4
18700001	35.9
18800001	34.9
18900001	33.3
19000001	35.1
19100001	34.6
19200001	35.1
19300001	36.3
19400001	34.5
19500001	34.8
19600001	34.4
19700001	35.8
19800001	35.2
19900001	33.9
20000001	34.6
20100001	34.9
20200001	34.3
20300001	36.5
20400001	34.9
20500001	34.4
20600001	36.2
20700001	34.9
20800001	35.5
20900001	34.8
21000001	35.3
21100001	35.9
21200001	35.3
21300001	35.4
21400001	35.7
21500001	38.9
21600001	35.5
21700001	34.7
21800001	34.2
21900001	36.4
22000001	35.3
22100001	36.7
22200001	34.8
22300001	35.6
22400001	34.5
22500001	35.4
22600001	36
22700001	34.6
22800001	34.7
22900001	35.7
23000001	35.7
23100001	35.6
23200001	36.8
23300001	34.7
23400001	35.5
23500001	36.5
23600001	34.1
23700001	35.7
23800001	35.5
23900001	34.7
24000001	35.1
24100001	34.8
24200001	35.2
24300001	36
24400001	36.4
24500001	33.8
24600001	35.3
24700001	35.7
24800001	34.9
24900001	34.3
25000001	34.9
25100001	35.6
25200001	35.1
25300001	35
25400001	34.4
25500001	33.6
25600001	35.9
25700001	33.7
25800001	35.8
25900001	35.4
26000001	34.3
26100001	33.9
26200001	36.7
26300001	35.4
26400001	36.2
26500001	35.6
26600001	34.7
26700001	34
26800001	34.8
26900001	33.6
27000001	33.6
27100001	35.2
27200001	35
27300001	34.5
27400001	34
27500001	34.8
27600001	34.5
27700001	34.6
27800001	34.6
27900001	34.1
28000001	35.1
28100001	34.4
28200001	34.9
28300001	34.1
28400001	35.5
28500001	35.3
28600001	34
28700001	33.9
28800001	35.7
28900001	35.3
29000001	35.2
29100001	35.4
29200001	34.1
29300001	33.6
29400001	34.7
29500001	36.1
29600001	34.2
29700001	33.8
29800001	34.2
29900001	35.7
30000001	34.9
30100001	34.8
30200001	36.2
30300001	34.6
30400001	34.9
30500001	35.7
30600001	35.1
30700001	36
30800001	36.1
30900001	37.3
31000001	37
31100001	38.8
31200001	38.4
31300001	38.7
31400001	40.7
31500001	40.7
31600001	43.5
31700001	46.3
31800001	45.2
31900001	44.9
32000001	45.2
32100001	42.9
32200001	44.8
32300001	43.7
32400001	39.7
32500001	45.1
32600001	42.2
32700001	41.5
32800001	40.7
32900001	38.5
33000001	37.9
33100001	38.4
33200001	37.4
33300001	37.6
33400001	39.4
33500001	42.5
33600001	40.3
33700001	40.6
33800001	39.7
33900001	41.2
34000001	41.1
34100001	35.7
34200001	37.7
34300001	36.3
34400001	38.6
34500001	42.9
34600001	43.5
34700001	42.7
34800001	41.3
34900001	38.9
35000001	41.1
35100001	41.3
35200001	40.9
35300001	38.4
35400001	38
35500001	38.4
35600001	37.4
35700001	37.3
35800001	39.1
35900001	41
36000001	41
36100001	38
36200001	36.6
36300001	38.3
36400001	41.3
36500001	39.9
36600001	40
36700001	42.5
36800001	37.9
36900001	35.5
37000001	35
37100001	39.3
37200001	39.3
37300001	41.9
37400001	41.4
37500001	39.6
37600001	37.4
37700001	38.7
37800001	44.1
37900001	41.7
38000001	40.4
38100001	40.2
38200001	41.8
38300001	41.4
38400001	43.7
38500001	39.6
38600001	41.3
38700001	41.7
38800001	41.4
38900001	38.4
39000001	35.7
39100001	37
39200001	39.1
39300001	37.9
39400001	39.2
39500001	37.9
39600001	37.9
39700001	36.9
39800001	36.3
39900001	35.8
40000001	36.6
40100001	37.4
40200001	36.4
40300001	37.3
40400001	38.3
40500001	38.1
40600001	38.1
40700001	39.2
40800001	41.4
40900001	39.7
41000001	39.6
41100001	37.7
41200001	36.3
41300001	37.7
41400001	37.3
41500001	37.4
41600001	38.4
41700001	37.8
41800001	36.9
41900001	37.7
42000001	36.1
42100001	37.8
42200001	36.8
42300001	37.5
42400001	38.4
42500001	38.8
42600001	38.8
42700001	37.2
42800001	37.5
42900001	42.5
43000001	43.2
43100001	44.8
43200001	42.5
43300001	41.3
43400001	41
43500001	39.4
43600001	39.1
43700001	38.9
43800001	37.5
43900001	36.8
44000001	38.2
44100001	37.1
44200001	36.5
44300001	34.8
44400001	35.8
44500001	36
44600001	37
44700001	36.4
44800001	36.4
44900001	36.4
45000001	35.8
45100001	36.8
45200001	36.8
45300001	35.4
45400001	33.1
45500001	34.7
45600001	35.3
45700001	36.2
45800001	36.5
45900001	36.8
46000001	36.2
46100001	36.5
46200001	36.8
46300001	36.4
46400001	37.9
46500001	0
46600001	0
46700001	0
46800001	0
46900001	0
47000001	0
47100001	0
47200001	0
47300001	0
47400001	0
47500001	0
47600001	0
47700001	0
47800001	0
47900001	0
48000001	0
48100001	0
48200001	0
48300001	0
48400001	0
48500001	0
48600001	0
48700001	0
48800001	0
48900001	0
49000001	0
49100001	0
49200001	0
49300001	0
49400001	38.7
49500001	36.9
49600001	36.6
49700001	39.1
49800001	36.9
49900001	37.6
50000001	35.6
50100001	35.8
50200001	39.5
50300001	36.6
50400001	36.3
50500001	34.6
50600001	37.2
50700001	37.8
50800001	33.2
50900001	34.8
51000001	35.1
51100001	35.2
51200001	35.3
51300001	34.2
51400001	35.1
51500001	33
51600001	35.7
51700001	36.2
51800001	35.6
51900001	36.1
52000001	38
52100001	37.1
52200001	36.6
52300001	38.8
52400001	38.9
52500001	39.8
52600001	37.8
52700001	38.1
52800001	39.1
52900001	36.5
53000001	37.6
53100001	41.3
53200001	39.1
53300001	39
53400001	36.4
53500001	38.9
53600001	40.1
53700001	40.9
53800001	42.2
53900001	42.4
54000001	41.1
54100001	40.5
54200001	41.5
54300001	39.4
54400001	40.4
54500001	41.4
54600001	37.2
54700001	38
54800001	40.3
54900001	40.7
55000001	39.2
55100001	39.1
55200001	41.1
55300001	42.8
55400001	42.8
55500001	40.9
55600001	42.4
55700001	41.2
55800001	43.1
55900001	41.3
56000001	40.5
56100001	39.6
56200001	38.5
56300001	41.1
56400001	42.7
56500001	40.5
56600001	41.5
56700001	40.5
56800001	39.7
56900001	38.8
57000001	37.7
57100001	37.4
57200001	38.2
57300001	37.3
57400001	38.5
57500001	37.6
57600001	36.6
57700001	38.6
57800001	39.4
57900001	37.7
58000001	37.3
58100001	39
58200001	41.3
58300001	37.9
58400001	37.9
58500001	36.7
58600001	37.3
58700001	37.8
58800001	36.5
58900001	36.8
59000001	36.6
59100001	38.2
59200001	37.5
59300001	36.8
59400001	36.6
59500001	36.1
59600001	37.7
59700001	39.6
59800001	38.9
59900001	38.6
60000001	39.2
60100001	40.3
60200001	36.8
60300001	36.2
60400001	37.1
60500001	40.5
60600001	41.5
60700001	38.4
60800001	38.1
60900001	44.8
61000001	41.2
61100001	40.4
61200001	40.6
61300001	39.9
61400001	41.5
61500001	40.9
61600001	39.5
61700001	40.4
61800001	36.8
61900001	40
62000001	41.6
62100001	39.5
62200001	38
62300001	37.1
62400001	37.9
62500001	36.4
62600001	35.9
62700001	35.5
62800001	35.3
62900001	36.2
63000001	36.2
63100001	36.6
63200001	37
63300001	37.6
63400001	38.8
63500001	37.1
63600001	36.1
63700001	35.4
63800001	39.9
63900001	38.9
64000001	38
64100001	35
64200001	35.6
64300001	38.9
64400001	41
64500001	36
64600001	34.4
64700001	36.6
64800001	37.9
64900001	36.6
65000001	40
65100001	40.4
65200001	40.3
65300001	36.7
65400001	37.2
65500001	39.8
65600001	42.1
65700001	40.4
65800001	38.9
65900001	39.5
66000001	40.1
66100001	39.3
66200001	38.4
66300001	38.9
66400001	39.1
66500001	41.7
66600001	40.1
66700001	36.9
66800001	36.4
66900001	38.4
67000001	38
67100001	37.9
67200001	38.6
67300001	40.1
67400001	40.1
67500001	40.8
67600001	40.5
67700001	41.2
67800001	40.4
67900001	37.9
68000001	40.1
68100001	40
68200001	41.2
68300001	41
68400001	42.4
68500001	42.7
68600001	43
68700001	41.6
68800001	42.9
68900001	42.6
69000001	35.4
69100001	35.7
69200001	38.6
69300001	38.4
69400001	39.4
69500001	39.9
69600001	35.9
69700001	37.8
69800001	43
69900001	35.7
70000001	35.4
70100001	38.4
70200001	40.2
70300001	41.5
70400001	39.3
70500001	39.9
70600001	35.9
70700001	37.1
70800001	39.8
70900001	41.8
71000001	40.9
71100001	40.5
71200001	41.4
71300001	40.5
71400001	41.2
71500001	41.2
71600001	39.5
71700001	42.6
71800001	40.6
71900001	41.9
72000001	39.3
72100001	37.9
72200001	39.4
72300001	37
72400001	41.7
72500001	43.1
72600001	43.6
72700001	43.4
72800001	41.2
72900001	40.1
73000001	39.1
73100001	39.2
73200001	40
73300001	40.2
73400001	41
73500001	41.5
73600001	41.6
73700001	41.2
73800001	41.6
73900001	42.3
74000001	39.2
74100001	38.7
74200001	41.5
74300001	41.3
74400001	37.8
74500001	37.9
74600001	41.3
74700001	37.2
74800001	37.3
74900001	39.1
75000001	38.3
75100001	38.7
75200001	39.2
75300001	38.3
75400001	40.1
75500001	41.7
75600001	43.1
75700001	42.7
75800001	42
75900001	38.8
76000001	41.3
76100001	45.6
76200001	43
76300001	40.4
76400001	41.4
76500001	41.4
76600001	41.6
76700001	39.7
76800001	37.6
76900001	40.6
77000001	37.4
77100001	41.3
77200001	41.7
77300001	38.8
77400001	36.3
77500001	36.4
77600001	39.7
77700001	37.6
77800001	42.8
77900001	43.2
78000001	42.4
78100001	42.1
78200001	39.7
78300001	40.1
78400001	41.9
78500001	43.1
78600001	40
78700001	36.4
78800001	40
78900001	38.4
79000001	39.5
79100001	42.7
79200001	42.6
79300001	40.5
79400001	44.5
79500001	44.6
79600001	42.8
79700001	38.7
79800001	39.1
79900001	41.9
80000001	37.6
80100001	37.9
80200001	41
80300001	40.7
80400001	40.2
80500001	43.5
80600001	39.8
80700001	38
80800001	34.9
80900001	36.5
81000001	37.2
81100001	40.9
81200001	40.4
81300001	38.9
81400001	37.5
81500001	37.5
81600001	41
81700001	40.5
81800001	38.4
81900001	38.5
82000001	37.8
82100001	38.9
82200001	37.7
82300001	37.5
82400001	36.2
82500001	34.5
82600001	35.6
82700001	37.3
82800001	37.7
82900001	37.3
83000001	37.3
83100001	36.8
83200001	35.8
83300001	35.3
83400001	35.3
83500001	36.1
83600001	35.3
83700001	35.3
83800001	35.2
83900001	35.2
84000001	35.2
84100001	35
84200001	34.3
84300001	33.7
84400001	33.9
84500001	34.5
84600001	33.1
84700001	35.4
84800001	33.6
84900001	35
85000001	33.8
85100001	35.1
85200001	34.8
85300001	33.1
85400001	34.5
85500001	34.6
85600001	36.6
85700001	35.3
85800001	34.7
85900001	36.7
86000001	36.3
86100001	35.9
86200001	35.7
86300001	37.4
86400001	37.7
86500001	37.7
86600001	36.1
86700001	35.8
86800001	36.6
86900001	35.4
87000001	35.9
87100001	35.5
87200001	36
87300001	37.3
87400001	38.4
87500001	35.7
87600001	37.4
87700001	37
87800001	35.7
87900001	37.7
88000001	39.6
88100001	36.3
88200001	35.7
88300001	37.5
88400001	35.4
88500001	36.7
88600001	35.6
88700001	34.4
88800001	36
88900001	36.8
89000001	34.7
89100001	36.3
89200001	35.2
89300001	36.2
89400001	38.1
89500001	37.3
89600001	37
89700001	36.7
89800001	37.8
89900001	37
90000001	36.2
90100001	37.5
90200001	36.3
90300001	37
90400001	38.8
90500001	38.9
90600001	42.5
90700001	38
90800001	36.9
90900001	35.1
91000001	35.9
91100001	35.4
91200001	34.8
91300001	34.8
91400001	33.5
91500001	35.6
91600001	34.8
91700001	35.1
91800001	34.6
91900001	34.5
92000001	34
92100001	36.5
92200001	35.8
92300001	35.7
92400001	35.8
92500001	37.5
92600001	38.2
92700001	38.9
92800001	36.8
92900001	42.1
93000001	36.3
93100001	36.8
93200001	34.9
93300001	36.4
93400001	38
93500001	36.5
93600001	35.7
93700001	37.2
93800001	35.8
93900001	38
94000001	35.8
94100001	38.1
94200001	35.6
94300001	37.1
94400001	37.7
94500001	37.2
94600001	39.1
94700001	38.1
94800001	35.9
94900001	38.3
95000001	38.5
95100001	41.7
95200001	40.9
95300001	37.1
95400001	38.5
95500001	37.6
95600001	38.3
95700001	39.2
95800001	39
95900001	39.7
96000001	39.6
96100001	39.4
96200001	39.7
96300001	36.8
96400001	40
96500001	37.2
96600001	37.9
96700001	37.2
96800001	37.7
96900001	37.1
97000001	37.3
97100001	36.1
97200001	35.8
97300001	36.3
97400001	36.6
97500001	36.9
97600001	35.9
97700001	37.5
97800001	37.8
97900001	36.7
98000001	37.1
98100001	39.3
98200001	36.3
98300001	39.8
98400001	36.9
98500001	38.7
98600001	35.7
98700001	36.2
98800001	38.2
98900001	34.6
99000001	33.8
99100001	33.9
99200001	34.9
99300001	34.7
99400001	36.7
99500001	34.1
99600001	35.9
99700001	38.8
99800001	35.1
99900001	35.2
100000001	36.1
100100001	36.1
100200001	35.2
100300001	35.4
100400001	34.7
100500001	34.6
100600001	34.9
100700001	33.2
100800001	35.5
100900001	35.2
101000001	35.4
101100001	35.8
101200001	35
101300001	34.9
101400001	36.1
101500001	37.7
101600001	35.6
101700001	35.8
101800001	36.8
101900001	36
102000001	38.2
102100001	37.1
102200001	35.8
102300001	35.6
102400001	37.1
102500001	34.9
102600001	37.4
102700001	38.1
102800001	37.1
102900001	35.5
103000001	37.4
103100001	37.8
103200001	36.1
103300001	36.8
103400001	36.3
103500001	35
103600001	33.2
103700001	33.6
103800001	34.7
103900001	35.1
104000001	35.6
104100001	34.2
104200001	34.6
104300001	35.3
104400001	35.4
104500001	33.5
104600001	32.4
104700001	33.7
104800001	34.4
104900001	33.7
105000001	34.6
105100001	34
105200001	34.7
105300001	35.3
105400001	34
105500001	33.9
105600001	35.3
105700001	34.7
105800001	33.7
105900001	34.7
106000001	34.8
106100001	34.3
106200001	36.5
106300001	35.9
106400001	35
106500001	35
106600001	38.8
106700001	38.4
106800001	39.2
106900001	38.2
107000001	37.7
107100001	39.7
107200001	37.8
107300001	35.6
107400001	36.2
107500001	36.6
107600001	33.6
107700001	37.6
107800001	39
107900001	40.4
108000001	39.4
108100001	38.4
108200001	34.6
108300001	35.3
108400001	34.5
108500001	38.3
108600001	42.1
108700001	38.4
108800001	38.1
108900001	38.5
109000001	38.5
109100001	35.5
109200001	39.2
109300001	38.6
109400001	38.3
109500001	37
109600001	37.7
109700001	37.2
109800001	34.9
109900001	35.4
110000001	36
110100001	35.9
110200001	37.9
110300001	38.3
110400001	36.9
110500001	37.2
110600001	37
110700001	37.1
110800001	37.5
110900001	39.2
111000001	40
111100001	37.9
111200001	38.6
111300001	37.2
111400001	37.9
111500001	39.1
111600001	38.6
111700001	40.7
111800001	40.5
111900001	41.8
112000001	39.8
112100001	37
112200001	41.3
112300001	40.3
112400001	44.5
112500001	41.4
112600001	40.5
112700001	39.9
112800001	39.3
112900001	37
113000001	40
113100001	39.3
113200001	38.1
113300001	37
113400001	38.9
113500001	36.1
113600001	38
113700001	38
113800001	37.5
113900001	36.8
114000001	38.2
114100001	38.7
114200001	38.4
114300001	39.7
114400001	40.3
114500001	38.5
114600001	37.1
114700001	40.6
114800001	38.5
114900001	38.7
115000001	39.2
115100001	38.8
115200001	37.7
115300001	38.6
115400001	38
115500001	35.5
115600001	36.5
115700001	41.9
115800001	40.5
115900001	41.4
116000001	39.7
116100001	40.4
116200001	39.2
116300001	36.7
116400001	38.2
116500001	36.7
116600001	35.9
116700001	35.2
116800001	34.8
116900001	35.3
117000001	35.5
117100001	36.3
117200001	35.2
117300001	36.2
117400001	34.8
117500001	35.1
117600001	36.8
117700001	36.7
117800001	37.8
117900001	38.3
118000001	37.8
118100001	38.3
118200001	36.6
118300001	39.8
118400001	40.1
118500001	35.5
118600001	40.7
118700001	41.7
118800001	36.8
118900001	38.7
119000001	38.4
119100001	37.4
119200001	35.1
119300001	36.6
119400001	35.3
119500001	36.6
119600001	34.7
119700001	36.5
119800001	36.4
119900001	35.5
120000001	35.6
120100001	34.3
120200001	36.3
120300001	35.3
120400001	35.3
120500001	34.9
120600001	34.7
120700001	34.3
120800001	34.2
120900001	35.3
121000001	36.7
121100001	36.1
121200001	35.8
121300001	35.7
121400001	37.6
121500001	38.3
121600001	38.2
121700001	38.8
121800001	39.9
121900001	39.6
122000001	38.4
122100001	37.7
122200001	41.2
122300001	39.8
122400001	40.6
122500001	39.8
122600001	39.1
122700001	36.7
122800001	37.3
122900001	34.5
123000001	37.2
123100001	37
123200001	36.8
123300001	38
123400001	37.1
123500001	37.2
123600001	39.9
123700001	38.4
123800001	40.9
123900001	40
124000001	40.3
124100001	40.4
124200001	40
124300001	39.9
124400001	37.7
124500001	38.1
124600001	37.4
124700001	37.6
124800001	35.8
124900001	36.4
125000001	36.5
125100001	36.3
125200001	36.3
125300001	36.4
125400001	37.8
125500001	38.4
125600001	37.8
125700001	38
125800001	41.5
125900001	43.2
126000001	43.3
126100001	43.2
126200001	43.3
126300001	40.3
126400001	40.6
126500001	39.3
126600001	38.3
126700001	38.8
126800001	37.6
126900001	38.5
127000001	38
127100001	38.8
127200001	39.8
127300001	37.9
127400001	37.5
127500001	37
127600001	37.9
127700001	36.8
127800001	36.2
127900001	38.2
128000001	37.9
128100001	37
128200001	36.2
128300001	37.3
128400001	37.3
128500001	36.5
128600001	36.9
128700001	34.8
128800001	35.9
128900001	34.6
129000001	35.2
129100001	37.4
129200001	36.9
129300001	35.9
129400001	35.8
129500001	36.3
129600001	35.6
129700001	35.4
129800001	36.4
129900001	37.3
130000001	36.9
130100001	36.7
130200001	38.1
130300001	38.9
130400001	39.1
130500001	40.1
130600001	39.9
130700001	39.5
130800001	36.5
130900001	39.3
131000001	37.5
131100001	39.1
131200001	38.8
131300001	46
131400001	46.9
131500001	42.8
131600001	48
131700001	44.8
131800001	47
131900001	38.8
132000001	42.2
132100001	48.8
132200001	40.9
132300001	43.9
132400001	44.3
132500001	43.7
132600001	51.1
132700001	46
132800001	45.7
132900001	42.3
133000001	44.6
133100001	46.5
133200001	49.4
133300001	46.1
133400001	51
133500001	43.9
133600001	40.9
133700001	43.1
133800001	48.8
133900001	48.6
134000001	42.7
134100001	42.1
134200001	44.8
134300001	44.7
134400001	51.1
134500001	46.6
134600001	44.4
134700001	44.4
134800001	47.7
134900001	47
135000001	44.4
135100001	43.5
135200001	44.1
135300001	41.2
135400001	45.2
135500001	42.3
135600001	42.8
135700001	40.3
135800001	38.1
135900001	39.1
136000001	39.7
136100001	40.3
136200001	38.6
136300001	40.5
136400001	43.4
136500001	42.8
136600001	42.1
136700001	43.7
136800001	42.8
136900001	44
137000001	42.6
137100001	39.4
137200001	38.5
137300001	39.8
137400001	43.8
137500001	43.4
137600001	45.5
137700001	44.1
137800001	48.9
137900001	45.4
138000001	47.7
138100001	42.9
138200001	41.5
138300001	45.2
138400001	44
138500001	45.5
138600001	42.8
138700001	47.6
138800001	48.2
138900001	45.1
139000001	55.1
139100001	53.2
139200001	49.3
139300001	43.4
139400001	40.7
139500001	45.8
139600001	43.2
139700001	44.9
139800001	37.3
139900001	45.5
140000001	44.7
140100001	40
140200001	40.2
140300001	38.8
140400001	38.5
140500001	41
140600001	41.6
140700001	44.6
140800001	45.7
140900001	41.8
141000001	49.9
141100001	50.6
141200001	49.7
141300001	44.5
141400001	43
141500001	45.2
141600001	46.9
141700001	45.5
141800001	43.8
141900001	43.3
142000001	45.4
142100001	42.7
142200001	42.9
142300001	41.2
142400001	41.2
142500001	43.2
142600001	38.1
142700001	38.3
142800001	39.2
142900001	39.6
143000001	39.5
143100001	39.2
143200001	39
143300001	38.5
143400001	38.4
143500001	37.6
143600001	37.4
143700001	38.5
143800001	37
143900001	38.2
144000001	36.6
144100001	36.2
144200001	36.6
144300001	35.4
144400001	36.4
144500001	37.4
144600001	36.9
144700001	38.2
144800001	38.1
144900001	38
145000001	38.8
145100001	39.3
145200001	40.8
145300001	41.2
145400001	41.2
145500001	41
145600001	39.9
145700001	42.1
145800001	38.3
145900001	41.8
146000001	40.2
146100001	39.3
146200001	39.4
146300001	38
146400001	38.3
146500001	39.3
146600001	38.4
146700001	40.7
146800001	39.9
146900001	39.4
147000001	38.8
147100001	37.6
147200001	39
147300001	37
147400001	35.8
147500001	35.8
147600001	37.2
147700001	36.9
147800001	39.1
147900001	38.1
148000001	38.9
148100001	40.1
148200001	41.9
148300001	42.9
148400001	41.3
148500001	43.7
148600001	46.8
148700001	48.8
148800001	43.4
148900001	45.2
149000001	45
149100001	49
149200001	43.9
149300001	42.5
149400001	50
149500001	53.4
149600001	50.8
149700001	50.3
149800001	51.1
149900001	50.8
150000001	44.8
150100001	39.9
150200001	37.6
150300001	43.4
150400001	49.2
150500001	46.8
150600001	43.9
150700001	42.2
150800001	44.5
150900001	46.2
151000001	45.2
151100001	41.8
151200001	41.2
151300001	39.7
151400001	40.9
151500001	39.7
151600001	39.9
151700001	38.6
151800001	38.7
151900001	38
152000001	37.1
152100001	37.6
152200001	37.5
152300001	37
152400001	39.1
152500001	37.4
152600001	38.5
152700001	39
152800001	41.3
152900001	40.3
153000001	41.4
153100001	41.9
153200001	39.5
153300001	40.9
153400001	42.4
153500001	44.6
153600001	42.4
153700001	45.1
153800001	46.7
153900001	45.2
154000001	46.5
154100001	47
154200001	43.1
154300001	40.7
154400001	42.5
154500001	40
154600001	41.8
154700001	38.7
154800001	38.1
154900001	39.4
155000001	39.5
155100001	38.5
155200001	38.3
155300001	38.6
155400001	38.7
155500001	37.4
155600001	37.3
155700001	38.6
155800001	38.6
155900001	39.4
156000001	39.3
156100001	38.9
156200001	40.4
156300001	41.7
156400001	42.7
156500001	41.7
156600001	43.9
156700001	42.6
156800001	46.2
156900001	42.4
157000001	42.7
157100001	39.8
157200001	44
157300001	43.1
157400001	41.1
157500001	42.1
157600001	39.5
157700001	38.9
157800001	41.1
157900001	40.6
158000001	39.8
158100001	38.8
158200001	40.7
158300001	40.3
158400001	40.7
158500001	39.1
158600001	39.9
158700001	41.5
158800001	42.7
158900001	40.3
159000001	41
159100001	42.2
159200001	43.7
159300001	43
159400001	43
159500001	48
159600001	46.9
159700001	42.3
159800001	42.5
159900001	42
160000001	40.2
160100001	39.5
160200001	39.5
160300001	39.5
160400001	38
160500001	36.9
160600001	38.4
160700001	35.9
160800001	35
160900001	37.1
161000001	35
161100001	35.2
161200001	35.2
161300001	34.6
161400001	34.7
161500001	37.6
161600001	36.5
161700001	35.8
161800001	37.3
161900001	36.9
162000001	36.2
162100001	36.4
162200001	35.9
162300001	36.8
162400001	36
162500001	38.2
162600001	38.6
162700001	39.2
162800001	38
162900001	39.7
163000001	37.1
163100001	37.7
163200001	36.9
163300001	36.3
163400001	36.8
163500001	35.7
163600001	34.4
163700001	35.7
163800001	36.9
163900001	34.7
164000001	36.2
164100001	35.6
164200001	34.8
164300001	35.1
164400001	36.2
164500001	36
164600001	36.1
164700001	35.6
164800001	36.2
164900001	36.8
165000001	36.6
165100001	34.6
165200001	36.5
165300001	36.9
165400001	38.4
165500001	36.2
165600001	37.3
165700001	37.6
165800001	37.4
165900001	36
166000001	38.2
166100001	40
166200001	39.4
166300001	37.9
166400001	37.8
166500001	38.4
166600001	38.8
166700001	36.9
166800001	36.9
166900001	38.5
167000001	38.7
167100001	40.4
167200001	41.6
167300001	42
167400001	42.7
167500001	44.5
167600001	47.5
167700001	46.3
167800001	44
167900001	41.2
168000001	46.5
168100001	47.1
168200001	43.7
168300001	44.6
168400001	44.8
168500001	43.5
168600001	42.7
168700001	40
168800001	40.1
168900001	38.3
169000001	43.2
169100001	42.2
169200001	42.8
169300001	44
169400001	45.5
169500001	44.4
169600001	44.6
169700001	47.6
169800001	46.7
169900001	47.6
170000001	43.4
170100001	45.3
170200001	37.6
170300001	35.9
170400001	37.8
170500001	37.1
170600001	44
170700001	47.3
170800001	49.4
170900001	45.8
171000001	44.6
171100001	44.7
171200001	41.4
171300001	42
171400001	48.2
171500001	46
171600001	44.3
171700001	47.8
171800001	46.6
171900001	49.8
172000001	50.9
172100001	48.2
172200001	50.7
172300001	45.5
172400001	42.1
172500001	47.7
172600001	47.6
172700001	44.4
172800001	44.1
172900001	46.5
173000001	47.6
173100001	46.4
173200001	41.2
173300001	39.9
173400001	45.3
173500001	45.9
173600001	44.5
173700001	43.4
173800001	42.8
173900001	44.4
174000001	45.4
174100001	43.2
174200001	42.9
174300001	42.3
174400001	40.9
174500001	42.4
174600001	41.9
174700001	41.6
174800001	43.3
174900001	45.8
175000001	48.8
175100001	46.6
175200001	48.7
175300001	44.1
175400001	45
175500001	45.7
175600001	41.9
175700001	48.7
175800001	46.3
175900001	54.1
176000001	53.7
176100001	51.3
176200001	51
176300001	43.7
176400001	50.8
176500001	41.9
176600001	46.9
176700001	53.8
176800001	57.4
176900001	47.3
177000001	43.1
177100001	45.3
177200001	43.6
177300001	47.7
177400001	50.9
177500001	49.9
177600001	53.8
177700001	50.8
177800001	47.6
177900001	44.8
178000001	45.5
178100001	46.5
178200001	43.6
178300001	45.8
178400001	46
178500001	53.5
178600001	53.2
178700001	52.5
178800001	48.6
178900001	47.4
179000001	48.1
179100001	52.8
179200001	50.4
179300001	41.8
179400001	49.8
179500001	47.7
179600001	47.3
179700001	50.4
179800001	46.4
179900001	50.3
180000001	43.9
180100001	45.2
180200001	41.6
180300001	41.9
180400001	47.1
180500001	49.9
180600001	46.9
180700001	40.3
