variableStep chrom=chr11 span=100000
1	37.4
100001	46.8
200001	51.3
300001	57.9
400001	58.2
500001	58.6
600001	56.2
700001	58
800001	61.6
900001	53.4
1000001	60
1100001	56
1200001	58.5
1300001	55.9
1400001	59.7
1500001	53.9
1600001	51.5
1700001	52.4
1800001	58.6
1900001	61.6
2000001	50.7
2100001	60.2
2200001	50.9
2300001	55.7
2400001	51.9
2500001	51
2600001	47.5
2700001	54.7
2800001	59
2900001	50.1
3000001	51.2
3100001	56.2
3200001	46.9
3300001	45.9
3400001	46
3500001	45.9
3600001	46.4
3700001	43.7
3800001	45.8
3900001	41.6
4000001	41.9
4100001	43.2
4200001	39.9
4300001	40.2
4400001	40.7
4500001	41.8
4600001	40
4700001	37.7
4800001	37.5
4900001	36.3
5000001	35.3
5100001	37
5200001	38.7
5300001	38.6
5400001	40.5
5500001	40.7
5600001	40.3
5700001	35.2
5800001	36.9
5900001	40.6
6000001	39.8
6100001	40.5
6200001	43.6
6300001	46.7
6400001	45.9
6500001	45.8
6600001	45
6700001	38.3
6800001	37.4
6900001	36.9
7000001	37.6
7100001	37
7200001	39.7
7300001	38.1
7400001	44.6
7500001	44.9
7600001	43.6
7700001	38.1
7800001	38.8
7900001	41.9
8000001	47.9
8100001	43
8200001	50.1
8300001	47.1
8400001	37.4
8500001	39.9
8600001	47.1
8700001	45.8
8800001	42.4
8900001	44.7
9000001	44.4
9100001	42.2
9200001	44.5
9300001	43.9
9400001	42.1
9500001	43.9
9600001	41.4
9700001	42.7
9800001	38.9
9900001	38.1
10000001	36.2
10100001	38.3
10200001	40.5
10300001	43.1
10400001	44.9
10500001	41.4
10600001	46.8
10700001	42.2
10800001	40.9
10900001	42.6
11000001	41.6
11100001	42
11200001	46.5
11300001	45.7
11400001	47.6
11500001	45.6
11600001	42
11700001	41.6
11800001	36.2
11900001	42.7
12000001	46.1
12100001	46.4
12200001	46.2
12300001	42.6
12400001	43.5
12500001	40.9
12600001	41.8
12700001	42.8
12800001	43
12900001	41.3
13000001	42.4
13100001	40.6
13200001	43.4
13300001	42.4
13400001	37.3
13500001	40.1
13600001	38.3
13700001	39.6
13800001	41.7
13900001	42.3
14000001	41.1
14100001	40.8
14200001	42.6
14300001	41.6
14400001	39.2
14500001	40.4
14600001	38
14700001	36.4
14800001	38.4
14900001	40.1
15000001	41.9
15100001	43.2
15200001	41.2
15300001	39.7
15400001	39.1
15500001	42.1
15600001	42.6
15700001	40.6
15800001	44.5
15900001	40.4
16000001	36.1
16100001	35.6
16200001	33.1
16300001	34.6
16400001	36.6
16500001	37
16600001	38.2
16700001	44.6
16800001	44.9
16900001	46.6
17000001	42.4
17100001	40.1
17200001	41.9
17300001	46.4
17400001	49.7
17500001	49.7
17600001	45.6
17700001	50.6
17800001	42.2
17900001	41.9
18000001	39.9
18100001	41
18200001	42.5
18300001	43.3
18400001	40.5
18500001	41.8
18600001	46.2
18700001	47.8
18800001	40.2
18900001	39.9
19000001	41.5
19100001	39.6
19200001	43
19300001	43.7
19400001	44.2
19500001	45.4
19600001	45.1
19700001	45.1
19800001	43.5
19900001	44.2
20000001	44.8
20100001	42.9
20200001	38.4
20300001	39.6
20400001	36.5
20500001	44.4
20600001	42
20700001	40.3
20800001	39.3
20900001	39.4
21000001	38.1
21100001	38.4
21200001	37.9
21300001	36.6
21400001	35.9
21500001	37.2
21600001	36.2
21700001	36.9
21800001	36.1
21900001	37.5
22000001	36
22100001	37.1
22200001	35.8
22300001	36.2
22400001	36.9
22500001	36.3
22600001	36.6
22700001	35.6
22800001	36.1
22900001	38.1
23000001	35.6
23100001	36.6
23200001	35.3
23300001	36.8
23400001	36
23500001	33.9
23600001	35.8
23700001	35.5
23800001	35.7
23900001	37.4
24000001	35
24100001	35.3
24200001	35
24300001	36.3
24400001	35.1
24500001	33.5
24600001	35.5
24700001	35.2
24800001	35.9
24900001	35.9
25000001	34.4
25100001	34.6
25200001	34.2
25300001	35.3
25400001	35.3
25500001	34.6
25600001	35.5
25700001	36.2
25800001	35.9
25900001	36.1
26000001	35.5
26100001	35.7
26200001	36.6
26300001	36.3
26400001	36.5
26500001	36.4
26600001	36.1
26700001	36.6
26800001	37.2
26900001	38.3
27000001	37.6
27100001	40.3
27200001	40.2
27300001	37.4
27400001	40.7
27500001	38.4
27600001	41.1
27700001	40.6
27800001	40.6
27900001	38
28000001	34.3
28100001	34.9
28200001	35.6
28300001	36.4
28400001	40
28500001	38.3
28600001	38.3
28700001	36.8
28800001	35.9
28900001	35.1
29000001	36.4
29100001	35.5
29200001	36.2
29300001	36.6
29400001	36.2
29500001	36.3
29600001	37.2
29700001	38
29800001	36.8
29900001	38.2
30000001	38.2
30100001	39.1
30200001	37.7
30300001	39
30400001	39.8
30500001	38.3
30600001	37.7
30700001	38.3
30800001	38.4
30900001	37
31000001	35.5
31100001	36.7
31200001	35.4
31300001	37
31400001	35.2
31500001	36.2
31600001	33.9
31700001	42.5
31800001	42.8
31900001	42.4
32000001	43.6
32100001	43.2
32200001	40.7
32300001	44.2
32400001	44.9
32500001	40.2
32600001	37.1
32700001	37.9
32800001	41.2
32900001	39.1
33000001	40.4
33100001	39.6
33200001	40.8
33300001	40.9
33400001	42
33500001	42.7
33600001	44.5
33700001	40.6
33800001	43.7
33900001	44.3
34000001	41.7
34100001	50
34200001	46.6
34300001	42.2
34400001	42.8
34500001	43.1
34600001	40.3
34700001	39.5
34800001	41.1
34900001	36.2
35000001	42.1
35100001	41.6
35200001	41.5
35300001	42.8
35400001	41.6
35500001	43.3
35600001	40.5
35700001	40.3
35800001	42.3
35900001	43.2
36000001	44.3
36100001	44.2
36200001	44.2
36300001	42.9
36400001	42.6
36500001	38.3
36600001	39.3
36700001	40
36800001	38.6
36900001	37.8
37000001	35.8
37100001	37.9
37200001	35.9
37300001	35.8
37400001	35.9
37500001	35
37600001	34.7
37700001	34.2
37800001	35
37900001	34.8
38000001	35.3
38100001	35.1
38200001	35.7
38300001	34.7
38400001	35.2
38500001	35.2
38600001	34.8
38700001	36.4
38800001	35
38900001	34.6
39000001	35.2
39100001	35.2
39200001	37
39300001	37.3
39400001	36.5
39500001	35.7
39600001	36
39700001	38.2
39800001	36.4
39900001	37.7
40000001	37
40100001	38.3
40200001	37.7
40300001	36
40400001	36.6
40500001	36.6
40600001	37
40700001	35.9
40800001	35.9
40900001	36.3
41000001	36.2
41100001	36.8
41200001	37.4
41300001	36.1
41400001	36.8
41500001	37.1
41600001	37.6
41700001	37.2
41800001	36.2
41900001	36.9
42000001	36.4
42100001	36.2
42200001	35.7
42300001	38.3
42400001	37.9
42500001	38
42600001	38.4
42700001	37.1
42800001	38.2
42900001	40.5
43000001	39.3
43100001	40.5
43200001	41.2
43300001	38
43400001	40.5
43500001	43.2
43600001	38.5
43700001	37.6
43800001	40.4
43900001	48.2
44000001	44.3
44100001	39.6
44200001	49
44300001	47.6
44400001	47.4
44500001	51.1
44600001	47.4
44700001	48.8
44800001	50.9
44900001	50.5
45000001	47.8
45100001	48.2
45200001	45.8
45300001	46.5
45400001	47.2
45500001	48.8
45600001	48.3
45700001	47.3
45800001	51.3
45900001	42
46000001	37.5
46100001	43.1
46200001	49.5
46300001	55.3
46400001	42.4
46500001	43.7
46600001	47.9
46700001	41.9
46800001	46.5
46900001	39.8
47000001	40.8
47100001	49.9
47200001	47.7
47300001	54.4
47400001	46.6
47500001	47.4
47600001	44.8
47700001	43
47800001	44.6
47900001	47.1
48000001	45.3
48100001	42.4
48200001	38.9
48300001	38.9
48400001	37
48500001	37.5
48600001	37.4
48700001	37.3
48800001	39.2
48900001	37.7
49000001	38
49100001	36.1
49200001	36.4
49300001	35.4
49400001	35
49500001	35.2
49600001	34.7
49700001	37.5
49800001	39.4
49900001	37.7
50000001	40.3
50100001	40.7
50200001	39.7
50300001	37.2
50400001	37.3
50500001	36.7
50600001	37.2
50700001	37.4
50800001	0
50900001	37.3
51000001	37.3
51100001	38.1
51200001	36.8
51300001	37
51400001	39.2
51500001	0
51600001	0
51700001	0
51800001	0
51900001	0
52000001	0
52100001	0
52200001	0
52300001	0
52400001	0
52500001	0
52600001	0
52700001	0
52800001	0
52900001	0
53000001	0
53100001	0
53200001	0
53300001	0
53400001	0
53500001	0
53600001	0
53700001	0
53800001	0
53900001	0
54000001	0
54100001	0
54200001	0
54300001	0
54400001	37.5
54500001	37
54600001	37.4
54700001	36.4
54800001	37.1
54900001	36.2
55000001	37.7
55100001	36.4
55200001	35.4
55300001	37
55400001	35.7
55500001	36.4
55600001	34.4
55700001	35
55800001	35.6
55900001	35.7
56000001	37.5
56100001	36.7
56200001	37
56300001	37.1
56400001	38.6
56500001	37.8
56600001	42
56700001	45.1
56800001	50.4
56900001	48.8
57000001	49.7
57100001	47
57200001	45.1
57300001	42.3
57400001	42.4
57500001	41.6
57600001	38.4
57700001	37.1
57800001	36.8
57900001	36.4
58000001	38.4
58100001	39.2
58200001	38.8
58300001	37.9
58400001	40.8
58500001	39
58600001	41.1
58700001	44.4
58800001	39.6
58900001	38
59000001	42.7
59100001	41.7
59200001	42
59300001	41.3
59400001	38.6
59500001	38.1
59600001	38.3
59700001	39.1
59800001	39.1
59900001	39.4
60000001	38.7
60100001	38
60200001	45.3
60300001	51.1
60400001	49.3
60500001	48.9
60600001	50
60700001	49.3
60800001	49.6
60900001	46
61000001	56
61100001	51.9
61200001	58
61300001	52.9
61400001	52.5
61500001	46.6
61600001	46.2
61700001	42.7
61800001	43.9
61900001	48.6
62000001	50.5
62100001	51.7
62200001	49.1
62300001	48.7
62400001	48.8
62500001	45.6
62600001	39.5
62700001	39.9
62800001	38.8
62900001	39.7
63000001	44.9
63100001	44.3
63200001	44.9
63300001	48.5
63400001	52.8
63500001	58.4
63600001	56.7
63700001	56.4
63800001	57
63900001	49
64000001	49
64100001	55.2
64200001	53.9
64300001	55.8
64400001	52.6
64500001	52.1
64600001	50.4
64700001	49.1
64800001	50.4
64900001	52
65000001	53.2
65100001	57.5
65200001	45.9
65300001	53.7
65400001	53.2
65500001	52
65600001	41.9
65700001	49.3
65800001	55.5
65900001	49.1
66000001	52.8
66100001	47.9
66200001	49.2
66300001	48.3
66400001	49.2
66500001	52.9
66600001	46.7
66700001	45.5
66800001	53.6
66900001	57.5
67000001	51.6
67100001	53.1
67200001	46.2
67300001	48
67400001	45.1
67500001	54.8
67600001	45.6
67700001	46.4
67800001	52.2
67900001	53.2
68000001	41
68100001	46.8
68200001	47.4
68300001	50
68400001	50.7
68500001	53.8
68600001	52.9
68700001	50.2
68800001	50.1
68900001	52.7
69000001	51.8
69100001	50.6
69200001	51.1
69300001	52
69400001	52.6
69500001	47.9
69600001	54.8
69700001	50
69800001	45
69900001	50.2
70000001	53.1
70100001	52.7
70200001	52.2
70300001	52.8
70400001	50.1
70500001	50.1
70600001	48
70700001	49.5
70800001	50.4
70900001	48.3
71000001	45.3
71100001	47.2
71200001	40.3
71300001	45
71400001	46.5
71500001	45.9
71600001	48.1
71700001	44.7
71800001	44.6
71900001	48.3
72000001	55.8
72100001	52.9
72200001	43.9
72300001	38.4
72400001	37.9
72500001	46
72600001	51.1
72700001	55.1
72800001	41.2
72900001	41.5
73000001	45
73100001	43.3
73200001	43.1
73300001	47
73400001	41.6
73500001	38.4
73600001	41.1
73700001	38.6
73800001	42.9
73900001	43.2
74000001	44.9
74100001	42.5
74200001	41.8
74300001	41.5
74400001	43
74500001	48.6
74600001	50.1
74700001	49.1
74800001	53
74900001	51.7
75000001	42.6
75100001	49
75200001	40.7
75300001	37
75400001	38
75500001	51.5
75600001	52.9
75700001	44.4
75800001	40.1
75900001	41.7
76000001	50.9
76100001	50.3
76200001	40.9
76300001	39
76400001	49.9
76500001	55.2
76600001	40.6
76700001	39.9
76800001	41.6
76900001	41.9
77000001	39.8
77100001	39.4
77200001	42.1
77300001	41.1
77400001	46.2
77500001	47.5
77600001	43.1
77700001	40.2
77800001	39.9
77900001	39.3
78000001	44.3
78100001	44.7
78200001	44.4
78300001	43.5
78400001	46.1
78500001	42.7
78600001	44.6
78700001	44
78800001	43.4
78900001	41.2
79000001	41.1
79100001	38.9
79200001	38.9
79300001	38.3
79400001	39
79500001	38.1
79600001	37
79700001	38.4
79800001	37.8
79900001	37.7
80000001	37
80100001	36.6
80200001	36
80300001	35.6
80400001	36.1
80500001	36.5
80600001	36.2
80700001	35.3
80800001	36.2
80900001	35.5
81000001	34.6
81100001	37
81200001	35
81300001	35.8
81400001	36
81500001	36.6
81600001	35.9
81700001	36.5
81800001	36.9
81900001	37.4
82000001	39.3
82100001	40.1
82200001	39.6
82300001	39.9
82400001	41.2
82500001	40
82600001	39.2
82700001	40.8
82800001	40
82900001	38.4
83000001	38.4
83100001	38.2
83200001	38.1
83300001	36.3
83400001	36.3
83500001	36.3
83600001	37.8
83700001	36.2
83800001	35.6
83900001	37.3
84000001	36.7
84100001	36.7
84200001	36.2
84300001	36.5
84400001	35.7
84500001	36.4
84600001	36.4
84700001	37
84800001	38.4
84900001	37.7
85000001	38.7
85100001	40.8
85200001	40.6
85300001	39.4
85400001	38.7
85500001	41.6
85600001	38.7
85700001	38.7
85800001	43.9
85900001	41.7
86000001	40.9
86100001	41.6
86200001	42.3
86300001	42.1
86400001	39.2
86500001	35.6
86600001	35.9
86700001	40.3
86800001	40
86900001	38.6
87000001	38.2
87100001	37.6
87200001	35.7
87300001	36.9
87400001	38.1
87500001	37.8
87600001	37.8
87700001	38.1
87800001	37.5
87900001	37.3
88000001	36.6
88100001	35.9
88200001	35.5
88300001	35.1
88400001	34.9
88500001	34.8
88600001	35.4
88700001	35.4
88800001	35.1
88900001	36.9
89000001	35.6
89100001	39.1
89200001	38.4
89300001	38.4
89400001	38.5
89500001	35.3
89600001	37.3
89700001	36.5
89800001	34.9
89900001	35.1
90000001	35.2
90100001	34.6
90200001	34.6
90300001	35.2
90400001	35.1
90500001	34.5
90600001	35.4
90700001	35.5
90800001	35.9
90900001	36.2
91000001	36
91100001	37
91200001	38.2
91300001	38.1
91400001	37.5
91500001	40
91600001	38.4
91700001	39.6
91800001	38.6
91900001	38.6
92000001	39.9
92100001	40.3
92200001	42.6
92300001	41.7
92400001	39.5
92500001	37
92600001	38.5
92700001	37.1
92800001	42
92900001	42.1
93000001	39.7
93100001	41.2
93200001	42.2
93300001	41.4
93400001	40.4
93500001	42.2
93600001	40.3
93700001	41.8
93800001	37.6
93900001	40.3
94000001	40.7
94100001	42.1
94200001	42.4
94300001	39.8
94400001	42.1
94500001	38.1
94600001	41.3
94700001	40.1
94800001	40.6
94900001	38.2
95000001	37.5
95100001	37.4
95200001	36.4
95300001	38.7
95400001	40.8
95500001	40.3
95600001	39.3
95700001	37.6
95800001	38.7
95900001	37.3
96000001	36.8
96100001	36.7
96200001	36.3
96300001	35.9
96400001	36.3
96500001	36
96600001	36.6
96700001	36.3
96800001	36
96900001	34.5
97000001	35
97100001	36.4
97200001	34.5
97300001	35.4
97400001	35.4
97500001	35.3
97600001	34
97700001	36.5
97800001	35.8
97900001	35.6
98000001	36
98100001	35.7
98200001	36.1
98300001	34.8
98400001	34.1
98500001	34.3
98600001	33.3
98700001	35.1
98800001	34.3
98900001	35.9
99000001	34.6
99100001	35.4
99200001	34.6
99300001	36.2
99400001	35.2
99500001	35.4
99600001	36.6
99700001	37.4
99800001	38.6
99900001	38.9
100000001	39.3
100100001	39.2
100200001	37.7
100300001	36.6
100400001	37
100500001	37.7
100600001	39.3
100700001	37.3
100800001	37.8
100900001	37.6
101000001	38.4
101100001	37.1
101200001	38.2
101300001	37.3
101400001	40.9
101500001	38.3
101600001	42.2
101700001	39.2
101800001	40.9
101900001	39.4
102000001	39.3
102100001	39.4
102200001	39.8
102300001	38.7
102400001	35.8
102500001	34.1
102600001	34.8
102700001	37
102800001	36
102900001	39.5
103000001	38.1
103100001	38.4
103200001	39.2
103300001	37.7
103400001	36
103500001	37.2
103600001	35.4
103700001	36.1
103800001	35.2
103900001	35.9
104000001	34.4
104100001	36.5
104200001	34.8
104300001	37.4
104400001	37.6
104500001	35.7
104600001	35.2
104700001	35
104800001	35.6
104900001	34.9
105000001	34.6
105100001	35.6
105200001	35.9
105300001	36.5
105400001	36.8
105500001	39
105600001	38.6
105700001	38.4
105800001	35.5
105900001	36.7
106000001	35.1
106100001	36.4
106200001	35.4
106300001	37.6
106400001	37.1
106500001	37.5
106600001	39.4
106700001	36.6
106800001	37.2
106900001	38.4
107000001	40.1
107100001	41.4
107200001	44
107300001	43
107400001	39.9
107500001	40.6
107600001	37.2
107700001	38.8
107800001	40.7
107900001	41.2
108000001	39
108100001	36.9
108200001	37
108300001	40.8
108400001	40.1
108500001	38.2
108600001	37
108700001	39
108800001	37.5
108900001	38.5
109000001	37.3
109100001	38.8
109200001	37.7
109300001	38.8
109400001	39.8
109500001	40.4
109600001	38.6
109700001	41.9
109800001	41.2
109900001	39.4
110000001	36.6
110100001	38.4
110200001	40
110300001	40.4
110400001	39.6
110500001	39.1
110600001	41.5
110700001	43.8
110800001	42.5
110900001	40.6
111000001	39.7
111100001	43.3
111200001	41.1
111300001	43.4
111400001	41.5
111500001	40
111600001	43.6
111700001	43.6
111800001	40.8
111900001	43.8
112000001	41.4
112100001	46.1
112200001	43.6
112300001	39.3
112400001	40.4
112500001	42.6
112600001	45
112700001	46.5
112800001	46.2
112900001	41.9
113000001	45.5
113100001	40.7
113200001	42.7
113300001	47.1
113400001	47.2
113500001	47.2
113600001	45.3
113700001	39.5
113800001	38.1
113900001	39.1
114000001	37.5
114100001	41.6
114200001	41.5
114300001	41.3
114400001	43.4
114500001	44.2
114600001	38.5
114700001	36.8
114800001	39.5
114900001	44.7
115000001	46.5
115100001	44.9
115200001	40.2
115300001	41.9
115400001	44.4
115500001	45.5
115600001	45
115700001	47.1
115800001	46.4
115900001	48
116000001	46.6
116100001	45.8
116200001	44.6
116300001	39.6
116400001	41.5
116500001	48.5
116600001	46
116700001	48.3
116800001	52.1
116900001	49.2
117000001	49.7
117100001	49.9
117200001	49
117300001	46.7
117400001	47.2
117500001	48.7
117600001	41.8
117700001	42.4
117800001	41.9
117900001	47.1
118000001	50.2
118100001	43.3
118200001	50.7
118300001	49.5
118400001	50.8
118500001	49.7
118600001	43.7
118700001	49.8
118800001	48.7
118900001	47.5
119000001	54.7
119100001	51
119200001	49.2
119300001	47.4
119400001	49.7
119500001	49.2
119600001	48.6
119700001	37.9
119800001	41.6
119900001	49.6
120000001	48.1
120100001	45.6
120200001	48.4
120300001	44.7
120400001	39.1
120500001	42.3
120600001	39.8
120700001	42.5
120800001	44.8
120900001	42.7
121000001	42.5
121100001	39.8
121200001	39.3
121300001	38.6
121400001	38
121500001	39.5
121600001	40
121700001	39.5
121800001	38.3
121900001	42.3
122000001	46.5
122100001	44.8
122200001	41.5
122300001	42.3
122400001	44.8
122500001	45.1
122600001	44.5
122700001	42.1
122800001	45.6
122900001	48
123000001	42.7
123100001	38.8
123200001	37.9
123300001	37.4
123400001	37.7
123500001	38.2
123600001	35.7
123700001	37.5
123800001	38.9
123900001	39.2
124000001	41.5
124100001	45.1
124200001	47.9
124300001	38.9
124400001	44.2
124500001	47.7
124600001	48.3
124700001	49.3
124800001	44.5
124900001	41.8
125000001	40.5
125100001	38.7
125200001	42
125300001	43
125400001	44.6
125500001	48.2
125600001	45.5
125700001	51.5
125800001	52.4
125900001	49
126000001	45.7
126100001	45.1
126200001	43.9
126300001	43.7
126400001	42.6
126500001	40.5
126600001	39.9
126700001	38.3
126800001	39
126900001	38.9
127000001	36.8
127100001	37.9
127200001	37.9
127300001	37.6
127400001	37.8
127500001	39.6
127600001	39.1
127700001	40.1
127800001	42.4
127900001	42.6
128000001	44
128100001	46.2
128200001	47.9
128300001	41.5
128400001	36.7
128500001	36.6
128600001	40.5
128700001	42
128800001	40.5
128900001	44
129000001	41.6
129100001	42.7
129200001	44.6
129300001	43.7
129400001	43.5
129500001	49.9
129600001	39.7
129700001	45.6
129800001	47.1
129900001	44.7
130000001	42.8
130100001	42.7
130200001	43.2
130300001	38.3
130400001	43.1
130500001	43.5
130600001	42
130700001	43.2
130800001	44.5
130900001	44.6
131000001	45
131100001	41.8
131200001	42.7
131300001	41.4
131400001	42.6
131500001	43.2
131600001	42.6
131700001	42.2
131800001	41.9
131900001	39.8
132000001	40.2
132100001	40.8
132200001	41.4
132300001	42.3
132400001	43.6
132500001	43.1
132600001	42.3
132700001	42.4
132800001	40.8
132900001	43.4
133000001	44.3
133100001	42.9
133200001	46.5
133300001	52.9
133400001	45.3
133500001	43.4
133600001	45.4
133700001	52.3
133800001	50.3
133900001	47.2
134000001	45.6
134100001	45.5
134200001	44.8
134300001	44.9
