variableStep chrom=chr19 span=100000
1	39.5
100001	42.8
200001	51
300001	56.2
400001	59.8
500001	60.9
600001	59.3
700001	57.7
800001	60.4
900001	60.2
1000001	61.4
1100001	60.8
1200001	60.3
1300001	57.1
1400001	59.6
1500001	58.3
1600001	55.3
1700001	59.5
1800001	58.5
1900001	58
2000001	57.3
2100001	58.6
2200001	58.9
2300001	54.8
2400001	54
2500001	52.3
2600001	53.2
2700001	55.5
2800001	47.1
2900001	53.2
3000001	55.6
3100001	55.5
3200001	53.2
3300001	55.2
3400001	57.9
3500001	58.2
3600001	56.8
3700001	55.5
3800001	52.6
3900001	56.2
4000001	56.2
4100001	53.4
4200001	54
4300001	54.7
4400001	56
4500001	54
4600001	54.4
4700001	51
4800001	52.3
4900001	54.4
5000001	58.9
5100001	51.9
5200001	53.4
5300001	49.6
5400001	51.6
5500001	49.2
5600001	53.6
5700001	54.4
5800001	54.5
5900001	51.1
6000001	46.5
6100001	51.2
6200001	49.5
6300001	53.2
6400001	52.5
6500001	45.1
6600001	51.9
6700001	48.6
6800001	45.2
6900001	43.2
7000001	44.6
7100001	47.5
7200001	49.1
7300001	50
7400001	53.6
7500001	54.7
7600001	53.3
7700001	48.2
7800001	58.6
7900001	52.3
8000001	51.3
8100001	51.6
8200001	51.6
8300001	52.7
8400001	50.9
8500001	53
8600001	46.8
8700001	47
8800001	45.4
8900001	47.5
9000001	46.6
9100001	43.3
9200001	43.9
9300001	41.6
9400001	42.7
9500001	44.4
9600001	43.5
9700001	47
9800001	51.2
9900001	51.1
10000001	52.1
10100001	50.1
10200001	54.2
10300001	53.9
10400001	52.6
10500001	51.9
10600001	51.6
10700001	52.7
10800001	53.6
10900001	51.5
11000001	51.5
11100001	52.9
11200001	51.2
11300001	52.6
11400001	53.8
11500001	49.7
11600001	45.1
11700001	42.5
11800001	44.3
11900001	44.2
12000001	45.5
12100001	44.1
12200001	43.8
12300001	43.2
12400001	43.5
12500001	46
12600001	53.1
12700001	54.7
12800001	52.4
12900001	53.8
13000001	55.4
13100001	53.8
13200001	49.4
13300001	46.7
13400001	45.9
13500001	46.1
13600001	46.8
13700001	51.8
13800001	54.6
13900001	53.9
14000001	53.5
14100001	53.5
14200001	50.4
14300001	51.9
14400001	53.2
14500001	50.7
14600001	45.4
14700001	44.9
14800001	41
14900001	45.3
15000001	48.2
15100001	51.3
15200001	50.5
15300001	50.9
15400001	52.1
15500001	47.2
15600001	44.8
15700001	44.3
15800001	45.2
15900001	46.4
16000001	51
16100001	50.9
16200001	51.3
16300001	50.7
16400001	50.6
16500001	52.2
16600001	48.8
16700001	47.6
16800001	53.6
16900001	49.1
17000001	51.5
17100001	52.6
17200001	55.5
17300001	52.8
17400001	52.4
17500001	51.8
17600001	51.8
17700001	52.7
17800001	52
17900001	55.2
18000001	51.9
18100001	54.8
18200001	54.8
18300001	53.5
18400001	56.6
18500001	54.5
18600001	54.7
18700001	55.7
18800001	56.1
18900001	51.3
19000001	52.1
19100001	54.1
19200001	52
19300001	51.6
19400001	52
19500001	53.4
19600001	48.6
19700001	45.5
19800001	40.1
19900001	41.5
20000001	42.3
20100001	42
20200001	40.4
20300001	40.5
20400001	41
20500001	39.9
20600001	38.9
20700001	39.4
20800001	43.1
20900001	40.5
21000001	38.9
21100001	39.8
21200001	40.1
21300001	40
21400001	43.6
21500001	43.3
21600001	41.1
21700001	39.6
21800001	44
21900001	38.9
22000001	41
22100001	37.6
22200001	40.8
22300001	41.4
22400001	42.3
22500001	44.5
22600001	40.7
22700001	42
22800001	40.6
22900001	39.8
23000001	44.5
23100001	40.2
23200001	43.1
23300001	41.1
23400001	40.5
23500001	42.3
23600001	40.4
23700001	41
23800001	40.8
23900001	42.1
24000001	42.2
24100001	39.4
24200001	37.8
24300001	36.8
24400001	0
24500001	0
24600001	0
24700001	0
24800001	0
24900001	0
25000001	0
25100001	0
25200001	0
25300001	0
25400001	0
25500001	0
25600001	0
25700001	0
25800001	0
25900001	0
26000001	0
26100001	0
26200001	0
26300001	0
26400001	0
26500001	0
26600001	0
26700001	0
26800001	0
26900001	0
27000001	0
27100001	0
27200001	0
27300001	0
27400001	0
27500001	0
27600001	0
27700001	0
27800001	0
27900001	0
28000001	0
28100001	0
28200001	0
28300001	0
28400001	0
28500001	0
28600001	0
28700001	0
28800001	0
28900001	0
29000001	0
29100001	0
29200001	0
29300001	0
29400001	0
29500001	0
29600001	0
29700001	0
29800001	0
29900001	0
30000001	0
30100001	0
30200001	0
30300001	0
30400001	0
30500001	0
30600001	0
30700001	0
30800001	0
30900001	0
31000001	0
31100001	0
31200001	0
31300001	0
31400001	0
31500001	0
31600001	0
31700001	0
31800001	0
31900001	0
32000001	0
32100001	0
32200001	0
32300001	0
32400001	36.8
32500001	36.4
32600001	36.5
32700001	36.6
32800001	41.1
32900001	42.7
33000001	44.1
33100001	39.5
33200001	41.7
33300001	42.9
33400001	43.1
33500001	42.6
33600001	45.2
33700001	44.4
33800001	39.5
33900001	38.9
34000001	46.5
34100001	45.8
34200001	47.9
34300001	42.9
34400001	46.5
34500001	46.6
34600001	48.9
34700001	50
34800001	50.9
34900001	50
35000001	49.5
35100001	38.3
35200001	46.5
35300001	47
35400001	46.9
35500001	46.1
35600001	46.5
35700001	46.5
35800001	46
35900001	44.9
36000001	44
36100001	41
36200001	42.5
36300001	43.3
36400001	45.7
36500001	46.9
36600001	42.5
36700001	44.3
36800001	43.4
36900001	41.9
37000001	40.5
37100001	42.5
37200001	45.2
37300001	43.2
37400001	44.6
37500001	42.7
37600001	39.9
37700001	44.7
37800001	48.4
37900001	44.4
38000001	46
38100001	47.3
38200001	47.9
38300001	51.1
38400001	55.1
38500001	49.1
38600001	51.7
38700001	48
38800001	49.3
38900001	53.7
39000001	45.9
39100001	42.2
39200001	44.2
39300001	42.9
39400001	44.6
39500001	49.2
39600001	47.4
39700001	42.5
39800001	42.1
39900001	43
40000001	42.7
40100001	47
40200001	53.3
40300001	49.2
40400001	51.9
40500001	48.4
40600001	49.1
40700001	51.4
40800001	51.6
40900001	56.3
41000001	52.3
41100001	52
41200001	51.8
41300001	49
41400001	54.1
41500001	42.5
41600001	43
41700001	41.3
41800001	41.6
41900001	42.3
42000001	40.5
42100001	41.8
42200001	40.9
42300001	41.1
42400001	50.9
42500001	42
42600001	40.6
42700001	41.1
42800001	41.3
42900001	41.3
43000001	45.6
43100001	47.6
43200001	49.8
43300001	52.8
43400001	52.7
43500001	53.5
43600001	52.4
43700001	51.1
43800001	51.6
43900001	52.9
44000001	52.2
44100001	48.9
44200001	48.8
44300001	53.6
44400001	48.9
44500001	52.4
44600001	52.5
44700001	42.9
44800001	41.6
44900001	42.3
45000001	51.8
45100001	45.9
45200001	38.3
45300001	46.1
45400001	52.3
45500001	51.4
45600001	51.2
45700001	52.5
45800001	52.5
45900001	52
46000001	48.1
46100001	45.2
46200001	44.8
46300001	49.4
46400001	49.4
46500001	52.3
46600001	48.4
46700001	44.2
46800001	45.3
46900001	46.2
47000001	51
47100001	56.7
47200001	51.6
47300001	51.6
47400001	56
47500001	54.6
47600001	46.7
47700001	46.1
47800001	42.7
47900001	42.6
48000001	43.3
48100001	43.1
48200001	42.6
48300001	42.3
48400001	42.6
48500001	47.7
48600001	48.3
48700001	50.7
48800001	50.5
48900001	50.3
49000001	39
49100001	40.3
49200001	41
49300001	40.1
49400001	39.7
49500001	38.9
49600001	43.3
49700001	45.3
49800001	49.1
49900001	52.4
50000001	53.3
50100001	53
50200001	53
50300001	55.3
50400001	51.9
50500001	53.5
50600001	52.3
50700001	50.8
50800001	52.7
50900001	53.8
51000001	53
51100001	50.1
51200001	44.8
51300001	43.9
51400001	47.5
51500001	50.1
51600001	49.7
51700001	46.7
51800001	52.8
51900001	53.3
52000001	47.8
52100001	47.3
52200001	53
52300001	47.3
52400001	52.8
52500001	51.3
52600001	54.3
52700001	49.3
52800001	51.8
52900001	52.3
53000001	48
53100001	44.1
53200001	46.6
53300001	50.8
53400001	45.2
53500001	53.2
53600001	54.7
53700001	51.5
53800001	54.2
53900001	52.6
54000001	52.1
54100001	52.4
54200001	55.3
54300001	53.3
54400001	46
54500001	49.7
54600001	55.1
54700001	52.9
54800001	55.1
54900001	52.3
55000001	56.1
55100001	52
55200001	48.3
55300001	47.7
55400001	50.9
55500001	53.1
55600001	55.6
55700001	53.4
55800001	53.3
55900001	51.8
56000001	49.7
56100001	49.8
56200001	49.9
56300001	49
56400001	44.9
56500001	52
56600001	48.5
56700001	44.8
56800001	45.6
56900001	45.4
57000001	41.4
57100001	42
57200001	41.4
57300001	43.9
57400001	44.6
57500001	43.7
57600001	43.9
57700001	45.9
57800001	44.6
57900001	45.3
58000001	44.8
58100001	45.5
58200001	46
58300001	44.8
58400001	42.8
58500001	44
58600001	44.2
58700001	45.9
58800001	47.4
58900001	47.5
59000001	50.4
59100001	51.8
59200001	47.8
59300001	55.4
59400001	50.8
59500001	48.2
59600001	52.3
59700001	46.3
59800001	45.1
59900001	46.5
60000001	46.6
60100001	49.1
60200001	52.3
60300001	53.9
60400001	54.2
60500001	56.7
60600001	56
60700001	52.5
60800001	56.7
60900001	43.7
61000001	43.1
61100001	43.7
61200001	47.4
61300001	53.3
61400001	45.8
61500001	42.4
61600001	41.5
61700001	41.7
61800001	46.5
61900001	42.1
62000001	43.5
62100001	45.4
62200001	45.4
62300001	44.6
62400001	44.5
62500001	43.3
62600001	43.8
62700001	44.4
62800001	44.2
62900001	45.1
63000001	46.3
63100001	45.8
63200001	51.5
63300001	46.8
63400001	47.7
63500001	51.9
63600001	51.3
63700001	53.2
