variableStep chrom=chr14 span=100000
1	0
100001	0
200001	0
300001	0
400001	0
500001	0
600001	0
700001	0
800001	0
900001	0
1000001	0
1100001	0
1200001	0
1300001	0
1400001	0
1500001	0
1600001	0
1700001	0
1800001	0
1900001	0
2000001	0
2100001	0
2200001	0
2300001	0
2400001	0
2500001	0
2600001	0
2700001	0
2800001	0
2900001	0
3000001	0
3100001	0
3200001	0
3300001	0
3400001	0
3500001	0
3600001	0
3700001	0
3800001	0
3900001	0
4000001	0
4100001	0
4200001	0
4300001	0
4400001	0
4500001	0
4600001	0
4700001	0
4800001	0
4900001	0
5000001	0
5100001	0
5200001	0
5300001	0
5400001	0
5500001	0
5600001	0
5700001	0
5800001	0
5900001	0
6000001	0
6100001	0
6200001	0
6300001	0
6400001	0
6500001	0
6600001	0
6700001	0
6800001	0
6900001	0
7000001	0
7100001	0
7200001	0
7300001	0
7400001	0
7500001	0
7600001	0
7700001	0
7800001	0
7900001	0
8000001	0
8100001	0
8200001	0
8300001	0
8400001	0
8500001	0
8600001	0
8700001	0
8800001	0
8900001	0
9000001	0
9100001	0
9200001	0
9300001	0
9400001	0
9500001	0
9600001	0
9700001	0
9800001	0
9900001	0
10000001	0
10100001	0
10200001	0
10300001	0
10400001	0
10500001	0
10600001	0
10700001	0
10800001	0
10900001	0
11000001	0
11100001	0
11200001	0
11300001	0
11400001	0
11500001	0
11600001	0
11700001	0
11800001	0
11900001	0
12000001	0
12100001	0
12200001	0
12300001	0
12400001	0
12500001	0
12600001	0
12700001	0
12800001	0
12900001	0
13000001	0
13100001	0
13200001	0
13300001	0
13400001	0
13500001	0
13600001	0
13700001	0
13800001	0
13900001	0
14000001	0
14100001	0
14200001	0
14300001	0
14400001	0
14500001	0
14600001	0
14700001	0
14800001	0
14900001	0
15000001	0
15100001	0
15200001	0
15300001	0
15400001	0
15500001	0
15600001	0
15700001	0
15800001	0
15900001	0
16000001	0
16100001	0
16200001	0
16300001	0
16400001	0
16500001	0
16600001	0
16700001	0
16800001	0
16900001	0
17000001	0
17100001	0
17200001	0
17300001	0
17400001	0
17500001	0
17600001	0
17700001	0
17800001	0
17900001	0
18000001	37.1
18100001	38
18200001	39.2
18300001	44.7
18400001	40
18500001	41.3
18600001	42
18700001	41
18800001	44.2
18900001	39.3
19000001	42.7
19100001	41.4
19200001	37.5
19300001	36.3
19400001	36.1
19500001	35.6
19600001	36.1
19700001	38.5
19800001	40.7
19900001	46.9
20000001	41.7
20100001	43.4
20200001	44.6
20300001	43.3
20400001	42.2
20500001	45.6
20600001	45.9
20700001	40.8
20800001	44.1
20900001	42
21000001	44.5
21100001	41.3
21200001	38.8
21300001	38.8
21400001	36.9
21500001	38.1
21600001	37.2
21700001	38.8
21800001	39.2
21900001	41.5
22000001	44.5
22100001	44.9
22200001	42.2
22300001	48.3
22400001	48
22500001	49.1
22600001	47.5
22700001	42.1
22800001	46.3
22900001	51.3
23000001	47.6
23100001	48
23200001	42
23300001	39
23400001	42.3
23500001	45.4
23600001	51.7
23700001	50.5
23800001	51.1
23900001	48.9
24000001	40.8
24100001	40.9
24200001	40
24300001	40.1
24400001	38.6
24500001	40.1
24600001	38.7
24700001	38.3
24800001	37.7
24900001	38.3
25000001	38.5
25100001	36.8
25200001	37.2
25300001	37.3
25400001	36.4
25500001	37.3
25600001	36.4
25700001	37.2
25800001	36.6
25900001	36.2
26000001	33.2
26100001	35.1
26200001	35.8
26300001	35.8
26400001	34.4
26500001	35.1
26600001	34.7
26700001	34.9
26800001	34.9
26900001	34.5
27000001	33.9
27100001	33.4
27200001	34.3
27300001	35.1
27400001	33.9
27500001	34.7
27600001	35.4
27700001	35.2
27800001	36.6
27900001	34.9
28000001	36
28100001	35.6
28200001	35.8
28300001	37.9
28400001	34.9
28500001	35.1
28600001	35.3
28700001	35.7
28800001	35.6
28900001	35.9
29000001	36.5
29100001	36.5
29200001	36.2
29300001	37.4
29400001	37.7
29500001	37.2
29600001	37.3
29700001	38.1
29800001	38.5
29900001	38.7
30000001	37.7
30100001	35.7
30200001	37.8
30300001	38.6
30400001	37.2
30500001	41.9
30600001	40.1
30700001	42.5
30800001	40.4
30900001	39.3
31000001	40.4
31100001	38.1
31200001	38.7
31300001	37.8
31400001	40.7
31500001	41.1
31600001	37.1
31700001	40.4
31800001	39.5
31900001	38.9
32000001	38.6
32100001	37.3
32200001	37
32300001	37.7
32400001	38.9
32500001	37.8
32600001	37.3
32700001	36.8
32800001	38.1
32900001	37.4
33000001	38.9
33100001	38.6
33200001	39.2
33300001	41.9
33400001	41
33500001	42.3
33600001	42.1
33700001	41.1
33800001	40.6
33900001	41.8
34000001	46.7
34100001	44.5
34200001	42.2
34300001	39
34400001	42.3
34500001	41.5
34600001	41.8
34700001	39.3
34800001	44.4
34900001	45.8
35000001	38
35100001	35.8
35200001	36.1
35300001	39.9
35400001	38.4
35500001	40.5
35600001	38.1
35700001	38.9
35800001	36.5
35900001	40.1
36000001	41.9
36100001	42.5
36200001	39.9
36300001	38.5
36400001	37.8
36500001	37.9
36600001	38.1
36700001	38.9
36800001	35.7
36900001	34.7
37000001	36.2
37100001	41.1
37200001	36.7
37300001	37.3
37400001	38.2
37500001	37.8
37600001	36.4
37700001	39.4
37800001	36.9
37900001	36.7
38000001	37.3
38100001	38.4
38200001	37
38300001	38.2
38400001	38.7
38500001	39.1
38600001	40.3
38700001	41.4
38800001	38.2
38900001	38.7
39000001	38.2
39100001	37.7
39200001	37.2
39300001	37
39400001	37.1
39500001	36.1
39600001	35.9
39700001	35.1
39800001	35.8
39900001	34.6
40000001	33.9
40100001	34.1
40200001	35
40300001	34.5
40400001	34.3
40500001	33.2
40600001	34.5
40700001	35.2
40800001	35.2
40900001	34.3
41000001	35.5
41100001	35
41200001	35.8
41300001	33.7
41400001	33
41500001	34.3
41600001	35
41700001	35.8
41800001	35.7
41900001	34.2
42000001	33.8
42100001	34
42200001	34
42300001	34.7
42400001	34.6
42500001	34.4
42600001	34
42700001	33.2
42800001	35.2
42900001	34
43000001	34.5
43100001	36.4
43200001	34.7
43300001	34.2
43400001	35.2
43500001	34.9
43600001	34.7
43700001	34.5
43800001	36
43900001	37.3
44000001	37.2
44100001	37.6
44200001	38.8
44300001	38.1
44400001	38.4
44500001	38.3
44600001	38.6
44700001	37.3
44800001	38.5
44900001	38.1
45000001	38.1
45100001	36.9
45200001	35.8
45300001	37.6
45400001	36.2
45500001	35.5
45600001	34.7
45700001	34.3
45800001	33.8
45900001	35.1
46000001	35.8
46100001	35.1
46200001	35
46300001	33.7
46400001	33.1
46500001	33.6
46600001	35.2
46700001	35.7
46800001	35.5
46900001	35.4
47000001	35.7
47100001	36.6
47200001	36.8
47300001	35.5
47400001	35.8
47500001	34.7
47600001	34.6
47700001	35.7
47800001	35.3
47900001	36.3
48000001	34.4
48100001	36
48200001	35.6
48300001	35.2
48400001	35.7
48500001	36.6
48600001	38.3
48700001	38.5
48800001	40.1
48900001	39.5
49000001	41
49100001	43.2
49200001	40.8
49300001	41.2
49400001	43
49500001	46.4
49600001	40.6
49700001	39.8
49800001	41.3
49900001	39.7
50000001	38.2
50100001	36.7
50200001	40.5
50300001	42.7
50400001	42.7
50500001	40.9
50600001	39.2
50700001	38.9
50800001	40.7
50900001	40.7
51000001	40.3
51100001	40.5
51200001	39.4
51300001	42.1
51400001	39.2
51500001	41.8
51600001	41
51700001	40.4
51800001	40.3
51900001	38.8
52000001	37.6
52100001	36.7
52200001	39.5
52300001	40.4
52400001	39.6
52500001	40
52600001	39.1
52700001	40.2
52800001	40.6
52900001	39.3
53000001	38.9
53100001	38.2
53200001	37.7
53300001	37.8
53400001	41.1
53500001	39
53600001	38.7
53700001	40.8
53800001	41.8
53900001	41.9
54000001	39.9
54100001	41.7
54200001	43.4
54300001	44.6
54400001	41.9
54500001	39.3
54600001	43.1
54700001	40.3
54800001	41
54900001	42.2
55000001	41
55100001	37.2
55200001	40.6
55300001	41.9
55400001	41.3
55500001	40.4
55600001	40.5
55700001	40.3
55800001	39.8
55900001	40
56000001	40.6
56100001	38.2
56200001	42.9
56300001	42.3
56400001	39.1
56500001	39.6
56600001	39.6
56700001	36.7
56800001	38.7
56900001	38.4
57000001	40.1
57100001	39.5
57200001	38.9
57300001	39.1
57400001	40.1
57500001	40.4
57600001	40.5
57700001	40.5
57800001	38.1
57900001	39.3
58000001	37.3
58100001	41.9
58200001	41.1
58300001	40.5
58400001	39.2
58500001	39
58600001	39.6
58700001	40.3
58800001	39.4
58900001	39.3
59000001	39.6
59100001	39.7
59200001	39.7
59300001	38.4
59400001	38.1
59500001	36.2
59600001	37.2
59700001	39.6
59800001	38
59900001	36.3
60000001	38.8
60100001	41.7
60200001	40
60300001	36.8
60400001	36.2
60500001	36.9
60600001	43.5
60700001	41.8
60800001	42.3
60900001	42.2
61000001	43.9
61100001	41.2
61200001	39
61300001	40.4
61400001	39.6
61500001	38.4
61600001	38.3
61700001	39.2
61800001	37.1
61900001	37.7
62000001	36.9
62100001	36.3
62200001	37.7
62300001	35.7
62400001	37.2
62500001	37
62600001	37.8
62700001	40.2
62800001	41.2
62900001	38.9
63000001	41.9
63100001	43
63200001	40.8
63300001	42.5
63400001	40.6
63500001	39
63600001	40.2
63700001	43.7
63800001	41.3
63900001	43.7
64000001	41.4
64100001	43.6
64200001	50.1
64300001	48.1
64400001	44.2
64500001	45
64600001	44.9
64700001	45.2
64800001	44.5
64900001	40.8
65000001	36.8
65100001	36.7
65200001	38.2
65300001	44.8
65400001	41.8
65500001	42.9
65600001	42.6
65700001	40.7
65800001	39.7
65900001	38.5
66000001	37.8
66100001	36.7
66200001	36.2
66300001	35.8
66400001	36
66500001	35.1
66600001	37.1
66700001	40.3
66800001	38.3
66900001	45
67000001	48.1
67100001	44.7
67200001	42.7
67300001	41.6
67400001	37.7
67500001	36.7
67600001	37.5
67700001	38.5
67800001	41.3
67900001	41.1
68000001	44.5
68100001	47.6
68200001	46.9
68300001	47
68400001	50
68500001	46.9
68600001	40.1
68700001	43
68800001	48.2
68900001	40.6
69000001	47.8
69100001	46
69200001	44.8
69300001	43.9
69400001	44.7
69500001	45.9
69600001	42.9
69700001	41.6
69800001	40.7
69900001	40.4
70000001	40
70100001	40.4
70200001	45
70300001	44.2
70400001	40
70500001	35.6
70600001	41.2
70700001	45.5
70800001	41.3
70900001	38.9
71000001	39.1
71100001	38.3
71200001	42.8
71300001	40.1
71400001	41.7
71500001	39.8
71600001	40.8
71700001	41.5
71800001	41.7
71900001	42.1
72000001	45.5
72100001	46.1
72200001	46.3
72300001	45.6
72400001	47
72500001	45.7
72600001	41.6
72700001	47.3
72800001	41.7
72900001	40.7
73000001	46
73100001	45.7
73200001	47.2
73300001	45.9
73400001	43.1
73500001	43.7
73600001	40.8
73700001	47.2
73800001	48.1
73900001	47
74000001	49.5
74100001	50.1
74200001	42
74300001	40
74400001	49.7
74500001	44.1
74600001	42.3
74700001	46.3
74800001	46.5
74900001	46.3
75000001	45
75100001	45.8
75200001	38.5
75300001	39.1
75400001	41.5
75500001	43.8
75600001	47.4
75700001	40
75800001	46.5
75900001	48.7
76000001	47.7
76100001	45.7
76200001	44.9
76300001	47.3
76400001	51.7
76500001	50.6
76600001	47.4
76700001	50.2
76800001	47.1
76900001	42.2
77000001	45
77100001	43.1
77200001	42
77300001	46
77400001	47.5
77500001	43.5
77600001	43.6
77700001	45.6
77800001	42.3
77900001	40.8
78000001	39.7
78100001	41.4
78200001	40.1
78300001	37.8
78400001	37.8
78500001	38.7
78600001	37.9
78700001	38
78800001	39.5
78900001	37.8
79000001	38.8
79100001	38.7
79200001	38.2
79300001	38.3
79400001	37.7
79500001	37.3
79600001	37.4
79700001	37.6
79800001	37.2
79900001	38.2
80000001	37.9
80100001	36.4
80200001	35.8
80300001	36.1
80400001	37.9
80500001	38.3
80600001	39.3
80700001	40.4
80800001	40.4
80900001	42.8
81000001	39.5
81100001	41.5
81200001	39.4
81300001	39.7
81400001	37.8
81500001	38.4
81600001	36.5
81700001	35.5
81800001	36.5
81900001	36.2
82000001	35.2
82100001	34.6
82200001	35.9
82300001	36.8
82400001	35.5
82500001	35.5
82600001	35.5
82700001	35.9
82800001	34.5
82900001	34.2
83000001	34.5
83100001	35.2
83200001	33.8
83300001	35.7
83400001	36.4
83500001	36.1
83600001	36.4
83700001	35.5
83800001	36
83900001	34.6
84000001	37.7
84100001	35.3
84200001	35.9
84300001	36.1
84400001	35.6
84500001	36.8
84600001	35.5
84700001	37.5
84800001	37.5
84900001	37.6
85000001	39.2
85100001	38.4
85200001	37.6
85300001	36.6
85400001	37.3
85500001	35.5
85600001	36.3
85700001	35.5
85800001	36.3
85900001	35.9
86000001	34.3
86100001	35.8
86200001	36.4
86300001	36.2
86400001	36.8
86500001	36.9
86600001	37.6
86700001	37.3
86800001	37.9
86900001	37.1
87000001	37.8
87100001	39.8
87200001	40.8
87300001	40.8
87400001	39.4
87500001	38.4
87600001	40.8
87700001	42.8
87800001	42.9
87900001	37.8
88000001	41.9
88100001	38.7
88200001	36.9
88300001	38.4
88400001	41
88500001	43.6
88600001	43.6
88700001	43.6
88800001	45.1
88900001	46
89000001	44.2
89100001	42.3
89200001	42.7
89300001	41.1
89400001	40.5
89500001	42.5
89600001	43.6
89700001	44
89800001	44.5
89900001	46
90000001	50.4
90100001	46.6
90200001	42.6
90300001	47.7
90400001	38
90500001	39.7
90600001	46.1
90700001	49.1
90800001	51.4
90900001	47.4
91000001	41.7
91100001	40.3
91200001	38.6
91300001	37.8
91400001	46.4
91500001	39.3
91600001	41.4
91700001	44.6
91800001	47.3
91900001	48.6
92000001	47.7
92100001	48.9
92200001	48.3
92300001	41.7
92400001	51.4
92500001	53
92600001	50.8
92700001	44
92800001	40.8
92900001	38.2
93000001	38.1
93100001	40.7
93200001	47
93300001	47.9
93400001	50.9
93500001	50.9
93600001	44.6
93700001	36.5
93800001	42.3
93900001	45.4
94000001	46.7
94100001	48.7
94200001	47.1
94300001	46.7
94400001	47.7
94500001	44.9
94600001	40.1
94700001	46.1
94800001	47.2
94900001	48.4
95000001	48.2
95100001	46.1
95200001	44.9
95300001	44.3
95400001	46.4
95500001	44.3
95600001	45.7
95700001	49.4
95800001	39.1
95900001	43.1
96000001	39.1
96100001	46.9
96200001	46.6
96300001	39.2
96400001	43.4
96500001	43.8
96600001	44.9
96700001	41.4
96800001	42
96900001	42.9
97000001	42.8
97100001	40
97200001	40.9
97300001	42.6
97400001	42.7
97500001	40.9
97600001	40.2
97700001	43.3
97800001	40.6
97900001	41.4
98000001	39.6
98100001	40.6
98200001	41.9
98300001	43.8
98400001	47.4
98500001	45.9
98600001	46
98700001	50.5
98800001	48.5
98900001	44
99000001	50.8
99100001	54.7
99200001	52.2
99300001	44
99400001	44.9
99500001	42.3
99600001	51.7
99700001	49.4
99800001	51.9
99900001	47
100000001	50.1
100100001	54
100200001	53.1
100300001	52.1
100400001	43.2
100500001	43.4
100600001	47.6
100700001	49.8
100800001	43.4
100900001	44.1
101000001	54.7
101100001	46.4
101200001	44.8
101300001	43.8
101400001	47.4
101500001	47.7
101600001	46.6
101700001	47.1
101800001	46.7
101900001	45.9
102000001	53.8
102100001	46.4
102200001	45.8
102300001	45.7
102400001	52
102500001	48.1
102600001	56.5
102700001	48.1
102800001	47.4
102900001	42.9
103000001	51.9
103100001	48.8
103200001	50.9
103300001	45.1
103400001	48.8
103500001	42.8
103600001	57.9
103700001	57.9
103800001	53.9
103900001	51.2
104000001	50.1
104100001	55.4
104200001	59.5
104300001	56
104400001	56.8
104500001	53.9
104600001	55.7
104700001	61.1
104800001	55.4
104900001	57.7
105000001	58.3
105100001	58
105200001	57.6
105300001	49.1
105400001	53
105500001	42.9
105600001	39.8
105700001	41.2
105800001	41.8
105900001	41.3
106000001	40.6
106100001	42.1
106200001	40.9
