variableStep chrom=chr7 span=100000
1	43.9
100001	48.5
200001	54
300001	60.8
400001	0
500001	58.5
600001	53.3
700001	52.3
800001	52.3
900001	59.7
1000001	59.5
1100001	53.2
1200001	56.6
1300001	56
1400001	60.7
1500001	58.2
1600001	54.3
1700001	52.7
1800001	55.2
1900001	56.8
2000001	55.8
2100001	53.6
2200001	54.9
2300001	50.5
2400001	52.6
2500001	56.8
2600001	58
2700001	48.9
2800001	47.9
2900001	50.5
3000001	47
3100001	46.6
3200001	44.7
3300001	39.7
3400001	38
3500001	39.6
3600001	40
3700001	40.1
3800001	41.9
3900001	46.2
4000001	45.3
4100001	51.9
4200001	49.8
4300001	45.1
4400001	43.7
4500001	44.4
4600001	48
4700001	53.6
4800001	52.4
4900001	49.1
5000001	45.8
5100001	48.1
5200001	51.2
5300001	55.4
5400001	55
5500001	54.5
5600001	50.3
5700001	44.1
5800001	47.2
5900001	47.4
6000001	45.4
6100001	47.6
6200001	43.6
6300001	46.6
6400001	48.1
6500001	52.1
6600001	52.3
6700001	47.8
6800001	47.1
6900001	47.8
7000001	41.2
7100001	38.6
7200001	37.7
7300001	39.5
7400001	38.7
7500001	37.6
7600001	37.5
7700001	37.1
7800001	37.6
7900001	38.2
8000001	36.4
8100001	41.1
8200001	39.6
8300001	39.3
8400001	39.2
8500001	37.9
8600001	35.7
8700001	36.4
8800001	34.9
8900001	34.9
9000001	35.5
9100001	35.1
9200001	33.8
9300001	34.7
9400001	35.9
9500001	33.4
9600001	35.8
9700001	35.2
9800001	35.1
9900001	34.4
10000001	34.9
10100001	34.2
10200001	35.4
10300001	36.5
10400001	36.4
10500001	36.7
10600001	37.4
10700001	37.1
10800001	37.3
10900001	38.8
11000001	36
11100001	34
11200001	38
11300001	37
11400001	35.7
11500001	36.4
11600001	35.6
11700001	34.4
11800001	35.3
11900001	34.2
12000001	35.8
12100001	36.1
12200001	36.2
12300001	35.2
12400001	36.1
12500001	38.7
12600001	38.8
12700001	37.9
12800001	37.2
12900001	36.5
13000001	36.2
13100001	36.8
13200001	35.3
13300001	34.5
13400001	34.7
13500001	34.6
13600001	35.3
13700001	35.4
13800001	38.2
13900001	36.5
14000001	36.5
14100001	36
14200001	35.3
14300001	35.7
14400001	34.6
14500001	33.9
14600001	34.3
14700001	36.3
14800001	35.5
14900001	34.6
15000001	36.1
15100001	36
15200001	35.2
15300001	35.1
15400001	34.6
15500001	35.4
15600001	35
15700001	35.1
15800001	36.4
15900001	36.8
16000001	35.9
16100001	35.7
16200001	36
16300001	37.6
16400001	37.6
16500001	39.7
16600001	38.2
16700001	39.7
16800001	37.5
16900001	38.3
17000001	36.4
17100001	36.6
17200001	36.3
17300001	36.4
17400001	38.3
17500001	37.4
17600001	39.2
17700001	38
17800001	34.3
17900001	38.2
18000001	37.9
18100001	37.7
18200001	36.2
18300001	35.4
18400001	35.5
18500001	35.9
18600001	34.9
18700001	36.9
18800001	36.1
18900001	36.2
19000001	35.9
19100001	37.7
19200001	36.4
19300001	35.8
19400001	36.6
19500001	35
19600001	37.4
19700001	35.4
19800001	35.5
19900001	36.8
20000001	36.1
20100001	36.9
20200001	36.5
20300001	37.9
20400001	37.4
20500001	37.6
20600001	37.4
20700001	39.5
20800001	39
20900001	37.7
21000001	38
21100001	39.9
21200001	38.5
21300001	38.3
21400001	39.6
21500001	39.6
21600001	37.8
21700001	39.2
21800001	38.5
21900001	41.5
22000001	41.7
22100001	41.2
22200001	39.1
22300001	40.7
22400001	42
22500001	42.2
22600001	40.1
22700001	40.6
22800001	43.6
22900001	37.1
23000001	40.3
23100001	39.4
23200001	43.1
23300001	41.3
23400001	42.4
23500001	42.3
23600001	41.4
23700001	37.4
23800001	39.1
23900001	40.9
24000001	39.2
24100001	39.8
24200001	40.1
24300001	40.8
24400001	40.9
24500001	38.7
24600001	35.4
24700001	44.3
24800001	40.8
24900001	40.8
25000001	42
25100001	41.9
25200001	40.5
25300001	40.3
25400001	40.2
25500001	41.2
25600001	41.2
25700001	41.3
25800001	40.6
25900001	41.2
26000001	42.9
26100001	44.1
26200001	43.2
26300001	42.1
26400001	42.3
26500001	42.7
26600001	41
26700001	36.1
26800001	36.6
26900001	38.4
27000001	41.2
27100001	52.3
27200001	46.9
27300001	40.7
27400001	43
27500001	38.6
27600001	38.6
27700001	37.6
27800001	40.5
27900001	40.9
28000001	40.3
28100001	42
28200001	39.4
28300001	40.2
28400001	40.9
28500001	41.4
28600001	40.9
28700001	40.3
28800001	40.4
28900001	41.6
29000001	40.1
29100001	41.4
29200001	42.5
29300001	42.3
29400001	42.6
29500001	40.6
29600001	40.4
29700001	39.1
29800001	43.3
29900001	43
30000001	39.5
30100001	43.3
30200001	42.2
30300001	36.4
30400001	44.2
30500001	41.9
30600001	46
30700001	48.4
30800001	49.1
30900001	50.1
31000001	50.9
31100001	42.3
31200001	38.6
31300001	39.8
31400001	40.8
31500001	38.4
31600001	38.8
31700001	41.1
31800001	37.1
31900001	38.8
32000001	40.6
32100001	39.4
32200001	42.5
32300001	42.3
32400001	42.4
32500001	40.7
32600001	38.5
32700001	40.5
32800001	41.2
32900001	44.3
33000001	41
33100001	40.1
33200001	36.2
33300001	36.1
33400001	37.2
33500001	38.3
33600001	39.4
33700001	43.2
33800001	41.7
33900001	41.6
34000001	39.5
34100001	41.5
34200001	39.2
34300001	39.9
34400001	38
34500001	38.4
34600001	38.5
34700001	38.5
34800001	41.2
34900001	38
35000001	40.2
35100001	36.5
35200001	38.9
35300001	41
35400001	41.8
35500001	43.5
35600001	39
35700001	40.5
35800001	36.6
35900001	42.1
36000001	44.9
36100001	44.3
36200001	45.3
36300001	42.2
36400001	39.1
36500001	42.9
36600001	41.9
36700001	41
36800001	40.6
36900001	42.1
37000001	40.6
37100001	40.6
37200001	41.9
37300001	41.8
37400001	41.6
37500001	40.4
37600001	37.5
37700001	38.8
37800001	37.2
37900001	39.7
38000001	36.8
38100001	37.5
38200001	38.7
38300001	42.3
38400001	38
38500001	39.7
38600001	41
38700001	39
38800001	37.6
38900001	38.2
39000001	36.9
39100001	39
39200001	40.3
39300001	40.9
39400001	40.8
39500001	41.7
39600001	39.9
39700001	43.8
39800001	40.9
39900001	41.9
40000001	38.2
40100001	41.4
40200001	39.6
40300001	38.5
40400001	36.8
40500001	36.9
40600001	39.2
40700001	38.6
40800001	39.5
40900001	40.1
41000001	40.2
41100001	38.7
41200001	38.6
41300001	39.8
41400001	39.4
41500001	40.8
41600001	38
41700001	40.7
41800001	40.4
41900001	42.2
42000001	40.5
42100001	42.5
42200001	40.7
42300001	38.3
42400001	40.2
42500001	38.7
42600001	38.7
42700001	39.9
42800001	39.7
42900001	39.8
43000001	39.5
43100001	40.7
43200001	43
43300001	41.9
43400001	41.4
43500001	41.8
43600001	40
43700001	43
43800001	44.7
43900001	48.6
44000001	52.3
44100001	52.3
44200001	56.3
44300001	46.7
44400001	43.2
44500001	47.5
44600001	45.3
44700001	50.4
44800001	45.1
44900001	48.4
45000001	48.2
45100001	50.6
45200001	44.5
45300001	39.9
45400001	41
45500001	45.5
45600001	45.7
45700001	42.7
45800001	48.4
45900001	42.6
46000001	38.7
46100001	39.3
46200001	39.8
46300001	38.2
46400001	38.9
46500001	38.5
46600001	39.4
46700001	38.4
46800001	38.5
46900001	38.2
47000001	40.3
47100001	40.5
47200001	43.8
47300001	47.8
47400001	48.1
47500001	50
47600001	47.8
47700001	43.8
47800001	45
47900001	43.7
48000001	40.7
48100001	42.8
48200001	38.8
48300001	40.1
48400001	40
48500001	37
48600001	38.2
48700001	38.4
48800001	37.6
48900001	37.7
49000001	36.1
49100001	36.9
49200001	37.3
49300001	35
49400001	36.7
49500001	35.8
49600001	39.1
49700001	39.8
49800001	40
49900001	35.3
50000001	36.2
50100001	39.2
50200001	40.2
50300001	43.6
50400001	43.5
50500001	44
50600001	45.4
50700001	44.8
50800001	45.9
50900001	40.7
51000001	43.9
51100001	42.2
51200001	43
51300001	44.6
51400001	45
51500001	41.1
51600001	42.6
51700001	37.9
51800001	38.7
51900001	39.8
52000001	36.8
52100001	37.6
52200001	38
52300001	39.8
52400001	37.9
52500001	35.7
52600001	36.1
52700001	36.2
52800001	36.3
52900001	38
53000001	38.3
53100001	35.6
53200001	35.9
53300001	36.7
53400001	35.9
53500001	35.9
53600001	37.1
53700001	34.8
53800001	36.4
53900001	37.1
54000001	35.6
54100001	38.1
54200001	36.6
54300001	37.7
54400001	35.7
54500001	38.1
54600001	38.6
54700001	41
54800001	41.3
54900001	37.7
55000001	41.6
55100001	44.2
55200001	46.1
55300001	44.8
55400001	43.3
55500001	47
55600001	42.2
55700001	45.6
55800001	42.4
55900001	44.3
56000001	45.2
56100001	47.5
56200001	43.2
56300001	44.2
56400001	44.5
56500001	42.1
56600001	39.3
56700001	41
56800001	49.4
56900001	47.9
57000001	53.5
57100001	40.3
57200001	44.2
57300001	45.1
57400001	47.8
57500001	38.2
57600001	39.3
57700001	39.5
57800001	42.9
57900001	38.2
58000001	36.8
58100001	0
58200001	0
58300001	0
58400001	0
58500001	0
58600001	0
58700001	0
58800001	0
58900001	0
59000001	0
59100001	0
59200001	0
59300001	0
59400001	0
59500001	0
59600001	0
59700001	0
59800001	0
59900001	0
60000001	0
60100001	0
60200001	0
60300001	0
60400001	0
60500001	0
60600001	0
60700001	0
60800001	0
60900001	0
61000001	35.9
61100001	37.7
61200001	37.2
61300001	35.2
61400001	36.7
61500001	36.3
61600001	37
61700001	37.1
61800001	37
61900001	37.5
62000001	37.3
62100001	45.1
62200001	40.3
62300001	39.4
62400001	41
62500001	39.7
62600001	48.6
62700001	50
62800001	50.1
62900001	42
63000001	39.7
63100001	40.8
63200001	42.3
63300001	41.5
63400001	39.9
63500001	37.7
63600001	40.6
63700001	43.1
63800001	40.4
63900001	44.2
64000001	39.8
64100001	43.8
64200001	39.7
64300001	42.8
64400001	39.8
64500001	40.4
64600001	38.1
64700001	39.2
64800001	43.9
64900001	44.5
65000001	44.2
65100001	46.7
65200001	46.6
65300001	41.1
65400001	43.2
65500001	43.1
65600001	48.5
65700001	48.3
65800001	43.8
65900001	46.4
66000001	46.6
66100001	42.6
66200001	40.7
66300001	44.2
66400001	44.9
66500001	46.2
66600001	44.3
66700001	44.1
66800001	44.7
66900001	44.5
67000001	43.6
67100001	44.3
67200001	42.8
67300001	43.2
67400001	42
67500001	43
67600001	42.6
67700001	41.9
67800001	44.4
67900001	44.3
68000001	44.1
68100001	42.2
68200001	42.9
68300001	44.4
68400001	44.4
68500001	45.1
68600001	43.5
68700001	41.2
68800001	40.6
68900001	40.4
69000001	39.1
69100001	38.6
69200001	38
69300001	38.2
69400001	40.2
69500001	43.6
69600001	44
69700001	45.7
69800001	43.8
69900001	43.9
70000001	44.1
70100001	43.3
70200001	44.8
70300001	43.9
70400001	43.7
70500001	44.9
70600001	44.5
70700001	44.9
70800001	44.9
70900001	43.7
71000001	43.1
71100001	42.2
71200001	43
71300001	43.6
71400001	42.5
71500001	45.5
71600001	43.8
71700001	40.3
71800001	41.6
71900001	45.1
72000001	49.3
72100001	46.9
72200001	49.2
72300001	49
72400001	51.4
72500001	44.3
72600001	51.4
72700001	53.4
72800001	49.6
72900001	49.7
73000001	51.8
73100001	51.9
73200001	49.1
73300001	51.7
73400001	50.9
73500001	53.2
73600001	50.8
73700001	43.1
73800001	48.3
73900001	47.3
74000001	52
74100001	47
74200001	49.1
74300001	47.1
74400001	0
74500001	0
74600001	52
74700001	47.5
74800001	49.9
74900001	45.1
75000001	49.2
75100001	47.4
75200001	48.9
75300001	49
75400001	51.4
75500001	46.5
75600001	48.5
75700001	53
75800001	49.3
75900001	51.8
76000001	43.2
76100001	37.5
76200001	36.3
76300001	36.6
76400001	49.4
76500001	41.1
76600001	38.1
76700001	40.2
76800001	40.3
76900001	40.5
77000001	39
77100001	42.1
77200001	39.3
77300001	37.6
77400001	40.9
77500001	40.9
77600001	39.5
77700001	38.1
77800001	36.7
77900001	36.4
78000001	37.6
78100001	35.7
78200001	36.2
78300001	36.4
78400001	35.3
78500001	36
78600001	35.3
78700001	36.5
78800001	34.3
78900001	36.6
79000001	33.9
79100001	35.5
79200001	35
79300001	35
79400001	35.9
79500001	37.2
79600001	36.8
79700001	37
79800001	35.8
79900001	36.5
80000001	36.6
80100001	36.2
80200001	35.2
80300001	36.6
80400001	37.6
80500001	37.9
80600001	37.1
80700001	36
80800001	35.6
80900001	36.2
81000001	34.3
81100001	34.3
81200001	35.7
81300001	35.6
81400001	33.5
81500001	34.8
81600001	34.9
81700001	35.6
81800001	36.1
81900001	38.1
82000001	36.3
82100001	38.2
82200001	34.4
82300001	33.2
82400001	33.9
82500001	34.1
82600001	35.4
82700001	35
82800001	34.3
82900001	35.8
83000001	34.6
83100001	36.2
83200001	35.5
83300001	34.4
83400001	35
83500001	34.2
83600001	35
83700001	34
83800001	33.9
83900001	34.5
84000001	34.1
84100001	34.1
84200001	34.5
84300001	35.5
84400001	35.3
84500001	33.9
84600001	34.7
84700001	34.5
84800001	35.1
84900001	34
85000001	33.5
85100001	34.4
85200001	36.2
85300001	33.9
85400001	34.4
85500001	34.7
85600001	36.2
85700001	33.3
85800001	35
85900001	35.9
86000001	36.3
86100001	36.1
86200001	37.6
86300001	36.6
86400001	37.2
86500001	37.9
86600001	39
86700001	40.5
86800001	37.8
86900001	38.7
87000001	37.6
87100001	35.2
87200001	35.6
87300001	36.7
87400001	38.2
87500001	37.2
87600001	37.2
87700001	38.1
87800001	37.3
87900001	36.9
88000001	36.7
88100001	35.7
88200001	35.7
88300001	34.1
88400001	34.2
88500001	35.2
88600001	35.5
88700001	34.8
88800001	35.4
88900001	36
89000001	35.9
89100001	35.4
89200001	36
89300001	36.4
89400001	36
89500001	37.2
89600001	38.5
89700001	36.7
89800001	38.9
89900001	38.8
90000001	39.5
90100001	37.4
90200001	38.1
90300001	36.4
90400001	37.4
90500001	38.4
90600001	39.4
90700001	39.4
90800001	39.3
90900001	38.7
91000001	39.1
91100001	38.7
91200001	38.6
91300001	39.1
91400001	37.5
91500001	36.1
91600001	39.1
91700001	36.9
91800001	38.4
91900001	41.1
92000001	39.3
92100001	38.8
92200001	36.8
92300001	39.1
92400001	38.8
92500001	38.4
92600001	37.9
92700001	34.3
92800001	37.6
92900001	35.1
93000001	36.4
93100001	36.7
93200001	35.3
93300001	36
93400001	36.4
93500001	38.1
93600001	35.4
93700001	38.2
93800001	38.5
93900001	36.9
94000001	34.9
94100001	37.8
94200001	36.5
94300001	38.7
94400001	36.1
94500001	36.8
94600001	35.9
94700001	37.8
94800001	39.3
94900001	38.6
95000001	38.5
95100001	36.6
95200001	38.4
95300001	38.8
95400001	39.1
95500001	37.6
95600001	39.6
95700001	40.5
95800001	38.7
95900001	38.8
96000001	37.5
96100001	37.3
96200001	38.7
96300001	38.1
96400001	42.9
96500001	39.7
96600001	38.8
96700001	39.2
96800001	39.5
96900001	39.3
97000001	39.2
97100001	37.6
97200001	38.4
97300001	43.3
97400001	46.1
97500001	45.2
97600001	47.2
97700001	51.6
97800001	45.8
97900001	48.1
98000001	46.5
98100001	47
98200001	49.7
98300001	46.3
98400001	46.7
98500001	41.6
98600001	47.8
98700001	47.7
98800001	53.1
98900001	47.4
99000001	43.3
99100001	41.5
99200001	41.4
99300001	42.9
99400001	47.5
99500001	51.3
99600001	50.4
99700001	49.4
99800001	49.1
99900001	51
100000001	54.8
100100001	53.7
100200001	52.6
100300001	51.6
100400001	50.2
100500001	51.5
100600001	53.5
100700001	49.9
100800001	49
100900001	51
101000001	50.3
101100001	51.1
101200001	47.9
101300001	48
101400001	48.2
101500001	46.7
101600001	50.7
101700001	51.6
101800001	50.7
101900001	54.2
102000001	54
102100001	40.8
102200001	39.1
102300001	39.3
102400001	40.3
102500001	41.3
102600001	36.2
102700001	39.8
102800001	41
102900001	38.5
103000001	36.7
103100001	37.3
103200001	36.6
103300001	38
103400001	38.6
103500001	37.5
103600001	38.1
103700001	39.1
103800001	38.2
103900001	39.5
104000001	39.3
104100001	39.8
104200001	42.6
104300001	44
104400001	39.2
104500001	39.8
104600001	39.1
104700001	41.7
104800001	44.3
104900001	42.8
105000001	46.1
105100001	45.5
105200001	44.8
105300001	43
105400001	46.5
105500001	41.2
105600001	40.1
105700001	39.9
105800001	40.1
105900001	40.3
106000001	40.1
106100001	38.6
106200001	42
106300001	40.9
106400001	40.8
106500001	39
106600001	38.1
106700001	36.3
106800001	36.4
106900001	37.6
107000001	39.3
107100001	38.7
107200001	40.7
107300001	40.3
107400001	41.5
107500001	40.2
107600001	39.8
107700001	38.5
107800001	39.5
107900001	38
108000001	39.8
108100001	38.6
108200001	37.7
108300001	37
108400001	35.8
108500001	35.8
108600001	35.4
108700001	34.4
108800001	34.5
108900001	34
109000001	36.1
109100001	35.6
109200001	35.7
109300001	36.5
109400001	34
109500001	35.9
109600001	35.5
109700001	36.7
109800001	35.9
109900001	37.8
110000001	37.4
110100001	38.2
110200001	35.9
110300001	35.6
110400001	36.2
110500001	35
110600001	35.5
110700001	35.1
110800001	36.1
110900001	37.6
111000001	40.2
111100001	40.4
111200001	39.2
111300001	39.2
111400001	38.2
111500001	38.7
111600001	38.5
111700001	38.7
111800001	40.1
111900001	40.4
112000001	38.5
112100001	37.4
112200001	36.6
112300001	36.9
112400001	36.5
112500001	37.5
112600001	36.1
112700001	36.5
112800001	35.8
112900001	36.3
113000001	35.6
113100001	35.6
113200001	36.1
113300001	36.8
113400001	35.5
113500001	36.7
113600001	35.5
113700001	34.7
113800001	35.5
113900001	34
114000001	33.9
114100001	37.5
114200001	36.7
114300001	36.9
114400001	36.3
114500001	36.5
114600001	35.3
114700001	34.7
114800001	34.2
114900001	35.6
115000001	35.7
115100001	34.1
115200001	36
115300001	34.2
115400001	35.4
115500001	35.7
115600001	38
115700001	37.4
115800001	38.1
115900001	39
116000001	39.8
116100001	38.6
116200001	40.5
116300001	39.1
116400001	38.7
116500001	38.4
116600001	40.9
116700001	39.5
116800001	36.1
116900001	36
117000001	36
117100001	39.5
117200001	37.9
117300001	38.2
117400001	38.7
117500001	37.4
117600001	36
117700001	36.6
117800001	35.3
117900001	34.2
118000001	35.2
118100001	33.7
118200001	35
118300001	34
118400001	33.8
118500001	34.4
118600001	35.4
118700001	34.2
118800001	34.3
118900001	35.3
119000001	35
119100001	32.9
119200001	34.3
119300001	34.4
119400001	36.4
119500001	34.3
119600001	35.9
119700001	34.7
119800001	35
119900001	34.8
120000001	35.6
120100001	36.4
120200001	38
120300001	36.5
120400001	37.1
120500001	35.6
120600001	36.8
120700001	37.9
120800001	38.1
120900001	38.2
121000001	36.3
121100001	36.2
121200001	36.8
121300001	36.3
121400001	35.2
121500001	37.2
121600001	38.3
121700001	39.2
121800001	36.2
121900001	34.7
122000001	36.2
122100001	37.2
122200001	38.1
122300001	37
122400001	37.3
122500001	35.8
122600001	36.8
122700001	36.1
122800001	37.3
122900001	37.3
123000001	37.8
123100001	36.3
123200001	38.1
123300001	37.4
123400001	38.7
123500001	36.6
123600001	36.3
123700001	35.3
123800001	35.9
123900001	35.9
124000001	36
124100001	37.9
124200001	35.2
124300001	36.3
124400001	35.8
124500001	35.5
124600001	36.3
124700001	35.8
124800001	35.1
124900001	33.9
125000001	34.4
125100001	34.9
125200001	35.2
125300001	35.9
125400001	34.5
125500001	33.8
125600001	34.6
125700001	36.5
125800001	35.1
125900001	35.7
126000001	37.2
126100001	36.6
126200001	37.2
126300001	37.7
126400001	37.3
126500001	39.4
126600001	40.5
126700001	38.1
126800001	38.7
126900001	39.8
127000001	45.5
127100001	40.1
127200001	39.5
127300001	41.2
127400001	46.5
127500001	49.8
127600001	48.3
127700001	45.4
127800001	48.5
127900001	45.4
128000001	43.9
128100001	43.4
128200001	53
128300001	51.2
128400001	40.6
128500001	44.9
128600001	44.4
128700001	39.4
128800001	42.3
128900001	46.2
129000001	41.9
129100001	43.8
129200001	47.8
129300001	43.1
129400001	45.8
129500001	42.8
129600001	41
129700001	46.4
129800001	41.9
129900001	40.3
130000001	40.6
130100001	39.6
130200001	42.8
130300001	41.7
130400001	42.3
130500001	41.9
130600001	39.9
130700001	35.4
130800001	45.4
130900001	49.3
131000001	44.3
131100001	44.2
131200001	45.4
131300001	41.2
131400001	48.1
131500001	48.3
131600001	45.5
131700001	47.1
131800001	47.1
131900001	44.5
132000001	45.1
132100001	40.4
132200001	38.8
132300001	38.7
132400001	42.3
132500001	40.9
132600001	37.6
132700001	37.9
132800001	36.9
132900001	37.7
133000001	37.9
133100001	38.7
133200001	39.7
133300001	39.8
133400001	40.8
133500001	39.6
133600001	41
133700001	44.7
133800001	42.4
133900001	41
134000001	41.1
134100001	39.7
134200001	40.3
134300001	36.7
134400001	38.5
134500001	46.6
134600001	45
134700001	36.3
134800001	41.2
134900001	39.4
135000001	45.3
135100001	44.3
135200001	39.5
135300001	39.1
135400001	39.3
135500001	38.3
135600001	37.5
135700001	36.3
135800001	37.2
135900001	36.4
136000001	36.4
136100001	36.5
136200001	37.5
136300001	35.7
136400001	36.2
136500001	36.9
136600001	38.6
136700001	38.5
136800001	37.4
136900001	38.9
137000001	40
137100001	40.2
137200001	42.8
137300001	41.5
137400001	40.1
137500001	41.5
137600001	42
137700001	43.1
137800001	39.2
137900001	41.6
138000001	45.5
138100001	43.8
138200001	44.4
138300001	43.9
138400001	42.2
138500001	39.6
138600001	42
138700001	42.4
138800001	48.6
138900001	46.5
139000001	44.6
139100001	44.1
139200001	42.7
139300001	47.3
139400001	40.7
139500001	44.7
139600001	45.6
139700001	46.9
139800001	47.8
139900001	47.2
140000001	43.5
140100001	37.5
140200001	39.4
140300001	40.9
140400001	42.2
140500001	44.3
140600001	42.7
140700001	43.7
140800001	44
140900001	39.4
141000001	41.6
141100001	39.8
141200001	39.1
141300001	37.8
141400001	40.4
141500001	40
141600001	41.5
141700001	42.6
141800001	44.8
141900001	41.5
142000001	39.2
142100001	45.2
142200001	45.3
142300001	44.1
142400001	41
142500001	39.5
142600001	41.4
142700001	48.1
142800001	43.2
142900001	39.6
143000001	40.9
143100001	39.9
143200001	37.9
143300001	37.9
143400001	36.5
143500001	40.7
143600001	44
143700001	43.2
143800001	37.4
143900001	37.2
144000001	36.5
144100001	38.1
144200001	38.4
144300001	36.6
144400001	37.4
144500001	36.9
144600001	36.3
144700001	36.5
144800001	35.6
144900001	35.6
145000001	35.9
145100001	35.6
145200001	35.9
145300001	36.1
145400001	35.3
145500001	36.7
145600001	36.2
145700001	35.2
145800001	36
145900001	35.4
146000001	35.3
146100001	36.1
146200001	36.5
146300001	35.6
146400001	36.5
146500001	36.8
146600001	35.7
146700001	36.8
146800001	38.6
146900001	37.6
147000001	36.6
147100001	38.1
147200001	39
147300001	39.4
147400001	41.1
147500001	42.1
147600001	43.2
147700001	43.6
147800001	42.2
147900001	43.1
148000001	41
148100001	40.6
148200001	44.3
148300001	48.5
148400001	46.6
148500001	48
148600001	45.2
148700001	44.9
148800001	43.1
148900001	45.3
149000001	48.9
149100001	56.7
149200001	44.2
149300001	46
149400001	42.4
149500001	39.7
149600001	47
149700001	49.1
149800001	40.2
149900001	41.2
150000001	40.9
150100001	45.9
150200001	48.8
150300001	57.7
150400001	54.9
150500001	53.6
150600001	45.9
150700001	52.6
150800001	43
150900001	44.4
151000001	51.4
151100001	52
151200001	46.6
151300001	42
151400001	41.2
151500001	36.8
151600001	38.1
151700001	43.9
151800001	47.2
151900001	44.3
152000001	45.4
152100001	44.4
152200001	45.8
152300001	44.5
152400001	41.7
152500001	41.1
152600001	40.9
152700001	43.1
152800001	41.3
152900001	39.6
153000001	39.8
153100001	39.4
153200001	43.4
153300001	44.9
153400001	44.7
153500001	42.2
153600001	43.9
153700001	41.6
153800001	39.2
153900001	0
154000001	44.1
154100001	45.8
154200001	46.4
154300001	46.4
154400001	43.3
154500001	45.1
154600001	50.2
154700001	47.2
154800001	55
154900001	50.4
155000001	50.7
155100001	40.2
155200001	46.4
155300001	50.2
155400001	48.3
155500001	48.6
155600001	47.5
155700001	41.9
155800001	44
155900001	45
156000001	44.5
156100001	41.2
156200001	37.8
156300001	40.9
156400001	49.1
156500001	47.6
156600001	42.8
156700001	48.1
156800001	47.9
156900001	51.4
157000001	52.2
157100001	52.3
157200001	54.2
157300001	52.7
157400001	50.2
157500001	51.2
157600001	47.7
157700001	48
157800001	53.7
157900001	51.2
158000001	51.1
158100001	42.7
158200001	42.9
158300001	45
158400001	49.2
158500001	49.8
158600001	46.5
158700001	40
