variableStep chrom=chr2 span=100000
1	43.1
100001	41.4
200001	42.4
300001	43.5
400001	45.7
500001	44.9
600001	44.8
700001	44.4
800001	46.7
900001	43.8
1000001	43.2
1100001	41.6
1200001	44.7
1300001	44
1400001	48
1500001	51.7
1600001	50
1700001	49.9
1800001	48.4
1900001	45.1
2000001	43
2100001	42.5
2200001	42.4
2300001	38.9
2400001	40.8
2500001	46.1
2600001	49.2
2700001	50.7
2800001	47.7
2900001	40.9
3000001	46.5
3100001	49.5
3200001	48.5
3300001	46.6
3400001	48.3
3500001	46.8
3600001	50.6
3700001	44.8
3800001	42.6
3900001	44.1
4000001	41.8
4100001	40
4200001	37.9
4300001	37.2
4400001	37.9
4500001	37.9
4600001	37.4
4700001	37.5
4800001	37.8
4900001	40.1
5000001	0
5100001	37.8
5200001	37
5300001	38.9
5400001	40.2
5500001	42.4
5600001	40.3
5700001	42.9
5800001	41.3
5900001	41.2
6000001	41.4
6100001	38.5
6200001	40
6300001	39.2
6400001	38.5
6500001	40.3
6600001	37.8
6700001	40.1
6800001	43.3
6900001	42.9
7000001	45
7100001	42.5
7200001	40.1
7300001	40.7
7400001	41.7
7500001	38.1
7600001	39.5
7700001	40.9
7800001	40.3
7900001	40.8
8000001	43.2
8100001	41.9
8200001	41.2
8300001	44.6
8400001	44.6
8500001	48.2
8600001	49.8
8700001	45.7
8800001	38.7
8900001	40.8
9000001	39.8
9100001	44.7
9200001	46.9
9300001	46
9400001	46.1
9500001	42.4
9600001	42.8
9700001	47.5
9800001	50.3
9900001	40
10000001	48.1
10100001	49.4
10200001	52.4
10300001	50.3
10400001	53.4
10500001	49.9
10600001	43.2
10700001	44.5
10800001	48.4
10900001	49
11000001	47.1
11100001	46.1
11200001	40.5
11300001	37
11400001	45.9
11500001	44.3
11600001	48.8
11700001	46.6
11800001	46.7
11900001	44.9
12000001	41.2
12100001	42.1
12200001	40.9
12300001	39.7
12400001	39.2
12500001	38.6
12600001	40.6
12700001	43.3
12800001	40.6
12900001	39.3
13000001	37.1
13100001	36
13200001	35.9
13300001	35.6
13400001	35
13500001	35.3
13600001	35.3
13700001	36.5
13800001	34.7
13900001	35
14000001	35.4
14100001	35
14200001	35.6
14300001	37.7
14400001	37.8
14500001	38.1
14600001	40.3
14700001	38.5
14800001	39.6
14900001	40.3
15000001	40
15100001	42.5
15200001	40.2
15300001	39.4
15400001	37
15500001	37.5
15600001	40.5
15700001	47.5
15800001	48.8
15900001	43.8
16000001	46.8
16100001	46.5
16200001	46.5
16300001	42.4
16400001	40.9
16500001	40.7
16600001	42.6
16700001	41.4
16800001	41.1
16900001	38.2
17000001	37.4
17100001	37.5
17200001	37.9
17300001	39.9
17400001	36.7
17500001	35.7
17600001	42.4
17700001	37
17800001	40.3
17900001	42.4
18000001	40.2
18100001	40.3
18200001	39.6
18300001	37.3
18400001	38.6
18500001	39.9
18600001	38.8
18700001	38
18800001	38
18900001	38.4
19000001	39.1
19100001	39.5
19200001	38.9
19300001	40.3
19400001	41.4
19500001	38.7
19600001	40.4
19700001	45.2
19800001	45.1
19900001	43.8
20000001	38.9
20100001	46.5
20200001	51.8
20300001	37.7
20400001	45
20500001	48
20600001	51.5
20700001	45.5
20800001	38.3
20900001	41.8
21000001	44.3
21100001	39.9
21200001	36.5
21300001	41.5
21400001	41.4
21500001	37.7
21600001	37.8
21700001	38.7
21800001	37.4
21900001	36.9
22000001	38
22100001	34.1
22200001	37.1
22300001	36
22400001	37.6
22500001	37.4
22600001	37.5
22700001	37.4
22800001	37.7
22900001	39.4
23000001	41
23100001	42.6
23200001	42.7
23300001	42.7
23400001	47
23500001	48
23600001	51.2
23700001	52.5
23800001	36.5
23900001	39.2
24000001	44.8
24100001	45
24200001	43.4
24300001	38.2
24400001	42.5
24500001	41.1
24600001	37.8
24700001	35.7
24800001	41.6
24900001	51.2
25000001	43.8
25100001	47.2
25200001	49.5
25300001	52.6
25400001	49.6
25500001	40.9
25600001	40.3
25700001	43.9
25800001	39.4
25900001	43.3
26000001	47.7
26100001	41.8
26200001	45.7
26300001	42.8
26400001	41.6
26500001	51.2
26600001	50
26700001	50.3
26800001	49.3
26900001	44.8
27000001	46.4
27100001	52
27200001	48.2
27300001	50.7
27400001	47.4
27500001	46.6
27600001	42.7
27700001	42.3
27800001	44
27900001	38.8
28000001	36.7
28100001	37.8
28200001	39.8
28300001	42.2
28400001	51.4
28500001	46.5
28600001	47.8
28700001	46.7
28800001	40.4
28900001	41.3
29000001	46.5
29100001	45.7
29200001	39.6
29300001	47.6
29400001	44.9
29500001	41.5
29600001	43.3
29700001	41
29800001	43.2
29900001	42.6
30000001	41.5
30100001	43.3
30200001	43.5
30300001	47.2
30400001	44.7
30500001	39.4
30600001	36.9
30700001	43.9
30800001	45.6
30900001	42.4
31000001	48.2
31100001	44
31200001	45.1
31300001	46.2
31400001	42.7
31500001	40
31600001	38.9
31700001	39.2
31800001	39.7
31900001	36.8
32000001	39.9
32100001	41.9
32200001	40
32300001	42
32400001	41.5
32500001	36.6
32600001	37.3
32700001	40.5
32800001	38.8
32900001	43
33000001	42.5
33100001	40
33200001	40.3
33300001	39.4
33400001	40.2
33500001	40.4
33600001	40.4
33700001	40
33800001	40.8
33900001	40.6
34000001	38.3
34100001	37.9
34200001	38.4
34300001	37
34400001	36.5
34500001	38.3
34600001	37.3
34700001	37.3
34800001	36.8
34900001	35.3
35000001	35.2
35100001	34.4
35200001	34.7
35300001	34.5
35400001	36.3
35500001	35.9
35600001	36.1
35700001	34.5
35800001	37.4
35900001	37.2
36000001	36.3
36100001	38.1
36200001	38.8
36300001	38.1
36400001	39.8
36500001	39.8
36600001	40.7
36700001	39.7
36800001	43.4
36900001	37.5
37000001	39.8
37100001	38.1
37200001	41.1
37300001	37.6
37400001	41
37500001	38.6
37600001	39.4
37700001	41.7
37800001	41.6
37900001	42.9
38000001	38.8
38100001	41.8
38200001	41.6
38300001	40.7
38400001	42.6
38500001	45.5
38600001	40.2
38700001	44.4
38800001	45
38900001	40
39000001	39.6
39100001	37.8
39200001	42.2
39300001	37.2
39400001	37.2
39500001	40.8
39600001	41.1
39700001	40.8
39800001	38.7
39900001	38.4
40000001	39.3
40100001	38.6
40200001	38.8
40300001	38.4
40400001	37
40500001	37.5
40600001	35.2
40700001	35.3
40800001	34.2
40900001	35
41000001	33.9
41100001	35.3
41200001	35.3
41300001	35.8
41400001	37
41500001	37.3
41600001	37.2
41700001	38.5
41800001	40.7
41900001	42.5
42000001	46.6
42100001	48.1
42200001	40.7
42300001	37.7
42400001	43.3
42500001	42.7
42600001	45.5
42700001	40.1
42800001	46.1
42900001	46.9
43000001	49.8
43100001	50.6
43200001	52.2
43300001	46.7
43400001	40.3
43500001	37.8
43600001	39.1
43700001	39.1
43800001	38.6
43900001	43.5
44000001	38.3
44100001	44.6
44200001	40.7
44300001	40.6
44400001	37.1
44500001	36.3
44600001	38.5
44700001	38.2
44800001	42.5
44900001	43.2
45000001	51.2
45100001	44.2
45200001	43.1
45300001	45.4
45400001	40.3
45500001	36.1
45600001	37.2
45700001	44.1
45800001	45.4
45900001	45
46000001	43.5
46100001	43
46200001	45
46300001	44.5
46400001	45.4
46500001	43.3
46600001	41.3
46700001	40.8
46800001	40.4
46900001	47.4
47000001	49.3
47100001	51.3
47200001	42.1
47300001	46
47400001	45.8
47500001	43
47600001	47.6
47700001	45.4
47800001	44.2
47900001	39.4
48000001	39
48100001	40.6
48200001	40.4
48300001	40.5
48400001	37.8
48500001	40.6
48600001	44.6
48700001	37.7
48800001	40.7
48900001	41.7
49000001	40.9
49100001	38.3
49200001	38.7
49300001	38.5
49400001	37.1
49500001	35.7
49600001	37
49700001	36.7
49800001	37
49900001	36.6
50000001	36
50100001	35.7
50200001	34.8
50300001	35
50400001	37.1
50500001	36.8
50600001	36.1
50700001	35.5
50800001	36
50900001	35.7
51000001	34.5
51100001	36.2
51200001	36.1
51300001	35.6
51400001	35.5
51500001	35.8
51600001	34.8
51700001	33.6
51800001	35.2
51900001	34.8
52000001	36.2
52100001	35.3
52200001	33.6
52300001	35.6
52400001	36.3
52500001	36.6
52600001	37
52700001	37.1
52800001	36
52900001	36.1
53000001	36.7
53100001	35.7
53200001	36.4
53300001	37.6
53400001	36.5
53500001	40.8
53600001	39.7
53700001	39
53800001	38.6
53900001	39.4
54000001	41.3
54100001	41.3
54200001	38.8
54300001	38.9
54400001	39.8
54500001	41.5
54600001	43
54700001	42.9
54800001	39.9
54900001	39.9
55000001	40.3
55100001	40.3
55200001	41.7
55300001	39.9
55400001	36.5
55500001	40.7
55600001	38.9
55700001	41.1
55800001	39.7
55900001	38.2
56000001	37.8
56100001	39.5
56200001	41.1
56300001	38.7
56400001	36.7
56500001	37.6
56600001	35.8
56700001	36.7
56800001	36
56900001	35.1
57000001	35.6
57100001	36.1
57200001	36.1
57300001	35.8
57400001	34.6
57500001	35.2
57600001	36
57700001	35.3
57800001	35.1
57900001	35.8
58000001	35
58100001	35.8
58200001	34.8
58300001	37.2
58400001	37
58500001	37.4
58600001	37.4
58700001	35.9
58800001	37.3
58900001	38.7
59000001	37.6
59100001	39.2
59200001	38.7
59300001	37.6
59400001	35.7
59500001	37.2
59600001	38.3
59700001	36.8
59800001	38.8
59900001	40.5
60000001	39.8
60100001	41.4
60200001	40.8
60300001	42.4
60400001	44.1
60500001	45.1
60600001	42.5
60700001	44.2
60800001	42.8
60900001	42.1
61000001	39.2
61100001	40.2
61200001	42
61300001	36.8
61400001	38.5
61500001	43
61600001	43.4
61700001	43
61800001	42.6
61900001	42.3
62000001	40.5
62100001	40.4
62200001	44.2
62300001	44.7
62400001	43.8
62500001	43.6
62600001	39.8
62700001	39.7
62800001	37.1
62900001	36.7
63000001	35.1
63100001	40.1
63200001	36.7
63300001	36.9
63400001	37.6
63500001	36.8
63600001	38.1
63700001	39.6
63800001	38.5
63900001	37.6
64000001	37.4
64100001	40.1
64200001	38.9
64300001	42.4
64400001	44.8
64500001	43
64600001	40.2
64700001	41.7
64800001	41.9
64900001	46.2
65000001	44.7
65100001	44.7
65200001	43.4
65300001	42.6
65400001	43.3
65500001	44.3
65600001	44.7
65700001	41.9
65800001	40.7
65900001	40.8
66000001	40.9
66100001	40.7
66200001	39.3
66300001	40.1
66400001	38.6
66500001	40.1
66600001	39.3
66700001	38.4
66800001	37.5
66900001	38.9
67000001	37.5
67100001	37
67200001	36.4
67300001	38.1
67400001	37.1
67500001	38.5
67600001	38.6
67700001	40
67800001	40.3
67900001	42.6
68000001	40.6
68100001	38.7
68200001	39
68300001	38.4
68400001	40.9
68500001	37.7
68600001	37.1
68700001	41.1
68800001	42.6
68900001	41.2
69000001	40.1
69100001	40
69200001	43.7
69300001	42.5
69400001	40.1
69500001	42.4
69600001	41.9
69700001	41.8
69800001	43
69900001	39.5
70000001	46.2
70100001	44.8
70200001	45.8
70300001	43.4
70400001	43.7
70500001	43.7
70600001	41.7
70700001	45.3
70800001	44.3
70900001	46
71000001	48.9
71100001	45.2
71200001	43.1
71300001	40.7
71400001	38
71500001	46
71600001	52.9
71700001	47.4
71800001	45.9
71900001	44.9
72000001	44.1
72100001	45.1
72200001	46.7
72300001	37.2
72400001	36.4
72500001	36.7
72600001	35.5
72700001	37.6
72800001	37
72900001	44.1
73000001	51.6
73100001	50
73200001	46.4
73300001	48.7
73400001	40.2
73500001	38.3
73600001	38.9
73700001	43.5
73800001	42.9
73900001	42.8
74000001	46.5
74100001	45.6
74200001	44.7
74300001	46.5
74400001	46
74500001	52.2
74600001	45.3
74700001	42.2
74800001	43.1
74900001	45.9
75000001	41.8
75100001	40.6
75200001	40.6
75300001	38.7
75400001	38.1
75500001	40.2
75600001	42.1
75700001	38.5
75800001	39.2
75900001	37.7
76000001	36.6
76100001	35.2
76200001	35.8
76300001	36.9
76400001	36.9
76500001	35.5
76600001	36
76700001	36.4
76800001	36.8
76900001	34.5
77000001	34.9
77100001	34.9
77200001	35.7
77300001	34.2
77400001	34.4
77500001	34.5
77600001	36.4
77700001	33.5
77800001	36.2
77900001	35
78000001	35
78100001	36.3
78200001	34.2
78300001	34.2
78400001	33.8
78500001	34.5
78600001	34.7
78700001	35.7
78800001	36.8
78900001	36.6
79000001	39
79100001	39.8
79200001	39.8
79300001	39
79400001	38.1
79500001	37.8
79600001	36.2
79700001	37.5
79800001	37.5
79900001	38.4
80000001	38.9
80100001	40.2
80200001	40.3
80300001	40.6
80400001	39.3
80500001	39.1
80600001	38
80700001	37.7
80800001	36.7
80900001	37
81000001	35.1
81100001	35.7
81200001	37.4
81300001	33.6
81400001	35.5
81500001	35.8
81600001	35.6
81700001	36.4
81800001	35.5
81900001	35.9
82000001	35.8
82100001	35.9
82200001	34.8
82300001	35.2
82400001	34.9
82500001	34.5
82600001	34.5
82700001	34.8
82800001	35
82900001	35.2
83000001	36.2
83100001	36.3
83200001	35.8
83300001	36.2
83400001	34.6
83500001	34.5
83600001	35.6
83700001	34.3
83800001	36.8
83900001	37.2
84000001	36.7
84100001	38.1
84200001	39
84300001	41
84400001	39.1
84500001	39.6
84600001	36.7
84700001	39
84800001	39.4
84900001	46
85000001	44.6
85100001	42
85200001	46.1
85300001	47.6
85400001	48.5
85500001	48.2
85600001	48.6
85700001	47.1
85800001	51.1
85900001	44.6
86000001	45.5
86100001	46
86200001	41.6
86300001	46
86400001	42.6
86500001	39.5
86600001	39.3
86700001	40.2
86800001	42.4
86900001	43.8
87000001	40
87100001	39.3
87200001	39.6
87300001	44.5
87400001	47.7
87500001	47.3
87600001	43.9
87700001	45.2
87800001	39.3
87900001	35.8
88000001	39.8
88100001	42.9
88200001	44.4
88300001	43.2
88400001	42.8
88500001	44.9
88600001	40.5
88700001	42.3
88800001	40.3
88900001	39.2
89000001	40.7
89100001	40.5
89200001	39.3
89300001	41.6
89400001	0
89500001	41.8
89600001	40.2
89700001	40.3
89800001	40.4
89900001	44.6
90000001	0
90100001	0
90200001	0
90300001	0
90400001	0
90500001	0
90600001	0
90700001	0
90800001	0
90900001	36.6
91000001	42.3
91100001	46.6
91200001	42.1
91300001	44.5
91400001	38.3
91500001	41.4
91600001	38
91700001	0
91800001	0
91900001	0
92000001	0
92100001	0
92200001	0
92300001	0
92400001	0
92500001	0
92600001	0
92700001	0
92800001	0
92900001	0
93000001	0
93100001	0
93200001	0
93300001	0
93400001	0
93500001	0
93600001	0
93700001	0
93800001	0
93900001	0
94000001	0
94100001	0
94200001	0
94300001	0
94400001	0
94500001	0
94600001	0
94700001	38.8
94800001	39.8
94900001	42.3
95000001	50.3
95100001	43.7
95200001	43.8
95300001	54.5
95400001	46.1
95500001	38.2
95600001	40.7
95700001	45.9
95800001	42.5
95900001	35.9
96000001	46.5
96100001	53.1
96200001	46.8
96300001	46.7
96400001	45.3
96500001	49.6
96600001	45
96700001	49.1
96800001	52.1
96900001	53
97000001	42.6
97100001	39.6
97200001	37
97300001	41.6
97400001	41
97500001	39
97600001	47.5
97700001	45.3
97800001	38.9
97900001	39.2
98000001	41
98100001	44
98200001	41.3
98300001	44.3
98400001	45.6
98500001	45.7
98600001	39.8
98700001	45
98800001	45.5
98900001	41.4
99000001	36.2
99100001	40.5
99200001	41.6
99300001	39.7
99400001	39.9
99500001	44.6
99600001	43.5
99700001	39.8
99800001	41.1
99900001	40.7
100000001	41.2
100100001	43.1
100200001	44.1
100300001	43.5
100400001	41.3
100500001	45.2
100600001	44.8
100700001	43.8
100800001	45.2
100900001	46.3
101000001	44.2
101100001	44.9
101200001	42.7
101300001	44.7
101400001	44.3
101500001	42
101600001	44.1
101700001	41.7
101800001	39.6
101900001	44.4
102000001	42.3
102100001	41.3
102200001	41.7
102300001	39.3
102400001	40.3
102500001	38.4
102600001	40.6
102700001	39.1
102800001	40.2
102900001	38.6
103000001	35.7
103100001	39
103200001	36.7
103300001	35.9
103400001	36.1
103500001	35.1
103600001	35.3
103700001	37
103800001	35.8
103900001	34.8
104000001	35.3
104100001	36.1
104200001	37.1
104300001	39.8
104400001	38.7
104500001	40.3
104600001	40.2
104700001	42.8
104800001	45.3
104900001	40
105000001	38.7
105100001	44.1
105200001	45.1
105300001	43.5
105400001	42.4
105500001	44.5
105600001	42.2
105700001	44.9
105800001	43.6
105900001	43.8
106000001	44.9
106100001	44
106200001	42.5
106300001	41
106400001	43.3
106500001	43.5
106600001	39.3
106700001	40.4
106800001	41.6
106900001	38.9
107000001	38.3
107100001	39
107200001	38.7
107300001	37.7
107400001	37.6
107500001	38.5
107600001	37.2
107700001	39
107800001	40.1
107900001	36.8
108000001	38.8
108100001	37.4
108200001	41.6
108300001	40.9
108400001	39.5
108500001	41.4
108600001	42
108700001	39.1
108800001	39.5
108900001	48.9
109000001	45.1
109100001	47.9
109200001	47.6
109300001	49.3
109400001	49.3
109500001	0
109600001	45.6
109700001	44.7
109800001	43.4
109900001	40.3
110000001	43.5
110100001	48.1
110200001	41.7
110300001	41.2
110400001	0
110500001	48.2
110600001	41.6
110700001	40.8
110800001	43.5
110900001	0
111000001	41.5
111100001	40.4
111200001	44
111300001	42.8
111400001	42
111500001	43.2
111600001	43.8
111700001	45.7
111800001	43.9
111900001	44.9
112000001	44.2
112100001	45
112200001	41.1
112300001	42
112400001	43.3
112500001	40.4
112600001	45
112700001	38.1
112800001	39.5
112900001	43.4
113000001	43.9
113100001	46.4
113200001	42.5
113300001	43.4
113400001	41.1
113500001	43.7
113600001	48.7
113700001	48.5
113800001	43.1
113900001	39.4
114000001	44.5
114100001	42.7
114200001	40.8
114300001	40.5
114400001	40.1
114500001	40.5
114600001	39.4
114700001	38.7
114800001	38
114900001	37.5
115000001	38.5
115100001	37.6
115200001	38.5
115300001	36.8
115400001	36.7
115500001	37.1
115600001	37.3
115700001	36
115800001	36.3
115900001	35.4
116000001	35.4
116100001	34.9
116200001	34.9
116300001	36.2
116400001	37.1
116500001	37.1
116600001	37.5
116700001	35.3
116800001	35.6
116900001	37
117000001	36.4
117100001	36.2
117200001	35.9
117300001	35.4
117400001	37
117500001	37.2
117600001	38.1
117700001	36.7
117800001	37.2
117900001	38.8
118000001	39.6
118100001	41.2
118200001	39.8
118300001	42.2
118400001	42.5
118500001	39.7
118600001	41.5
118700001	42.6
118800001	39.2
118900001	40.4
119000001	42.9
119100001	42.1
119200001	44.3
119300001	45.9
119400001	44.4
119500001	43.1
119600001	50
119700001	45.4
119800001	42.8
119900001	47.8
120000001	41.7
120100001	45.7
120200001	40
120300001	37.1
120400001	38.3
120500001	38.1
120600001	41.9
120700001	48.1
120800001	52.4
120900001	51.3
121000001	51.5
121100001	48.6
121200001	51.8
121300001	51.2
121400001	51
121500001	49.7
121600001	48.4
121700001	47.4
121800001	42.4
121900001	39.7
122000001	41.9
122100001	43.7
122200001	44.4
122300001	45.5
122400001	43.9
122500001	42.7
122600001	44.3
122700001	40.2
122800001	39.4
122900001	37.5
123000001	37.4
123100001	38.2
123200001	37.5
123300001	36.9
123400001	35.1
123500001	34.7
123600001	35.8
123700001	34.3
123800001	35.7
123900001	36.3
124000001	35.8
124100001	37.6
124200001	35.3
124300001	37
124400001	36.5
124500001	38.5
124600001	38.7
124700001	39.5
124800001	38.8
124900001	38.7
125000001	39.8
125100001	39.3
125200001	38.7
125300001	38.3
125400001	38.5
125500001	35.6
125600001	35.4
125700001	36.3
125800001	36.4
125900001	36.5
126000001	36.1
126100001	38.3
126200001	37.5
126300001	36.1
126400001	36.5
126500001	37.2
126600001	38.5
126700001	38.2
126800001	37.9
126900001	40.3
127000001	38.4
127100001	45.8
127200001	45.8
127300001	46.4
127400001	44.5
127500001	54.7
127600001	46.1
127700001	42.9
127800001	42.9
127900001	42
128000001	49.5
128100001	52.3
128200001	41.4
128300001	46.5
128400001	42.7
128500001	43.7
128600001	42.5
128700001	53.2
128800001	49.6
128900001	49.2
129000001	48.5
129100001	44.7
129200001	46
129300001	40
129400001	42.6
129500001	40.2
129600001	39.5
129700001	41.5
129800001	41.3
129900001	42.1
130000001	40.7
130100001	43
130200001	47.5
130300001	45.9
130400001	41.5
130500001	42.1
130600001	50.7
130700001	45.6
130800001	45
130900001	43.7
131000001	49.1
131100001	42
131200001	48.2
131300001	49.4
131400001	42.9
131500001	48.4
131600001	43
131700001	41.5
131800001	42.4
131900001	48.9
132000001	41.9
132100001	41.5
132200001	43.1
132300001	38.8
132400001	35.8
132500001	37.1
132600001	38.6
132700001	43.4
132800001	41.3
132900001	41.6
133000001	43.7
133100001	42.7
133200001	40.4
133300001	38.8
133400001	39.8
133500001	38.3
133600001	37.6
133700001	38.9
133800001	40.2
133900001	39.9
134000001	40.6
134100001	39.1
134200001	40.7
134300001	42
134400001	41.4
134500001	43.9
134600001	43.9
134700001	41.3
134800001	41.2
134900001	46.4
135000001	43.2
135100001	43
135200001	42.4
135300001	39.7
135400001	39.8
135500001	39.3
135600001	39.6
135700001	39.4
135800001	38.5
135900001	37.9
136000001	38
136100001	38.3
136200001	43.5
136300001	40.7
136400001	39.7
136500001	42.8
136600001	43.1
136700001	43.5
136800001	42
136900001	41.1
137000001	40.1
137100001	39.6
137200001	38.7
137300001	38.4
137400001	38.4
137500001	37.5
137600001	37.4
137700001	37.7
137800001	38.1
137900001	37.2
138000001	36.5
138100001	37.5
138200001	37.4
138300001	37.5
138400001	37.7
138500001	38.9
138600001	37.3
138700001	37.2
138800001	36.3
138900001	38.5
139000001	37.2
139100001	38.8
139200001	38.8
139300001	38.3
139400001	37.2
139500001	34.4
139600001	35.7
139700001	36.3
139800001	36.7
139900001	34.9
140000001	36
140100001	37
140200001	35.5
140300001	35.7
140400001	36.3
140500001	35.8
140600001	36.2
140700001	33.3
140800001	34.5
140900001	34.3
141000001	34.3
141100001	34.4
141200001	34.6
141300001	34.6
141400001	34.6
141500001	35.4
141600001	35.7
141700001	34.8
141800001	35
141900001	35.6
142000001	35.6
142100001	35.9
142200001	35.6
142300001	33.8
142400001	34.4
142500001	34.4
142600001	34.7
142700001	35.8
142800001	35.9
142900001	36.3
143000001	36.5
143100001	35.4
143200001	36
143300001	37.9
143400001	37
143500001	36.6
143600001	36.6
143700001	35.7
143800001	35
143900001	36.5
144000001	36.6
144100001	37.9
144200001	39
144300001	39
144400001	37.6
144500001	37.4
144600001	35.4
144700001	37.1
144800001	39.1
144900001	39.1
145000001	37.8
145100001	37.1
145200001	36.1
145300001	36.4
145400001	37.2
145500001	36.8
145600001	35.5
145700001	36
145800001	35.6
145900001	35.5
146000001	35.5
146100001	34.5
146200001	36.5
146300001	36.3
146400001	34.3
146500001	35.1
146600001	34.6
146700001	34.9
146800001	35.9
146900001	35.1
147000001	35.4
147100001	35.6
147200001	36.4
147300001	36.2
147400001	37
147500001	37.7
147600001	37.6
147700001	37.6
147800001	36.8
147900001	39.7
148000001	39.4
148100001	39.6
148200001	37.9
148300001	36.2
148400001	36
148500001	34.4
148600001	36.8
148700001	37.5
148800001	36.7
148900001	36.6
149000001	44.2
149100001	38.7
149200001	37.5
149300001	42.2
149400001	0
149500001	43.1
149600001	40
149700001	39.9
149800001	40
149900001	39.9
150000001	40.1
150100001	37
150200001	38.2
150300001	37.2
150400001	37.5
150500001	36.8
150600001	37.9
150700001	38.3
150800001	37.3
150900001	38.6
151000001	38.3
151100001	38.9
151200001	38.2
151300001	37.5
151400001	39.4
151500001	38.3
151600001	38.5
151700001	39
151800001	40.9
151900001	40.6
152000001	37.9
152100001	39
152200001	38.5
152300001	39.1
152400001	39.8
152500001	42.2
152600001	41.9
152700001	39.9
152800001	40.2
152900001	40.8
153000001	39.8
153100001	40.8
153200001	37.5
153300001	38.7
153400001	38.5
153500001	37.5
153600001	37.1
153700001	37.3
153800001	37.9
153900001	36.7
154000001	38.6
154100001	36.5
154200001	36.5
154300001	36.7
154400001	35.5
154500001	35.6
154600001	34.8
154700001	35
154800001	35.5
154900001	34.9
155000001	36.2
155100001	35.8
155200001	35.8
155300001	34.7
155400001	35.7
155500001	33.6
155600001	34.4
155700001	34
155800001	34.7
155900001	34.7
156000001	33.2
156100001	34.4
156200001	33.6
156300001	35.2
156400001	35.7
156500001	35.6
156600001	36.5
156700001	36
156800001	38.8
156900001	40
157000001	39.5
157100001	36.5
157200001	37.4
157300001	36
157400001	35.2
157500001	36.3
157600001	36.7
157700001	36.4
157800001	38.5
157900001	38
158000001	37.6
158100001	37.4
158200001	37.7
158300001	39.7
158400001	41.4
158500001	40.8
158600001	39.4
158700001	38.3
158800001	38.4
158900001	37.3
159000001	38.7
159100001	36.7
159200001	43.2
159300001	42.4
159400001	43.3
159500001	42.4
159600001	42.4
159700001	44.8
159800001	38.6
159900001	36.2
160000001	35.5
160100001	37.1
160200001	38.1
160300001	38.3
160400001	38.9
160500001	37.9
160600001	41.1
160700001	40.7
160800001	39.7
160900001	39.1
161000001	39.3
161100001	38.4
161200001	37.9
161300001	37.9
161400001	38.4
161500001	39.7
161600001	38.4
161700001	35.8
161800001	37.9
161900001	37.1
162000001	37.4
162100001	36.5
162200001	35
162300001	35.4
162400001	35.3
162500001	37.1
162600001	40
162700001	36.3
162800001	37.2
162900001	34.3
163000001	36.2
163100001	35.6
163200001	34.4
163300001	34.3
163400001	36.1
163500001	35.7
163600001	35.9
163700001	35.1
163800001	35.5
163900001	35.5
164000001	37.2
164100001	36.5
164200001	36.3
164300001	36.9
164400001	34.9
164500001	36.5
164600001	36.7
164700001	35.8
164800001	35.9
164900001	35.6
165000001	37.2
165100001	37.7
165200001	36.1
165300001	36.3
165400001	36.7
165500001	37.3
165600001	36
165700001	35.9
165800001	36
165900001	36
166000001	35.8
166100001	36.3
166200001	38.6
166300001	37.1
166400001	36.3
166500001	35.9
166600001	35.6
166700001	36.1
166800001	34.1
166900001	35.1
167000001	35.2
167100001	36.4
167200001	36.7
167300001	35.5
167400001	35.9
167500001	35.5
167600001	36.4
167700001	36.4
167800001	36.3
167900001	36.7
168000001	36.2
168100001	37.1
168200001	37.6
168300001	39
168400001	39.5
168500001	39.5
168600001	40
168700001	40.3
168800001	40.4
168900001	39
169000001	40
169100001	38.6
169200001	39.3
169300001	40.9
169400001	39.2
169500001	36.9
169600001	39.9
169700001	39.6
169800001	39.2
169900001	40.4
170000001	38
170100001	39.1
170200001	39.7
170300001	42.3
170400001	38.2
170500001	35.6
170600001	37.9
170700001	40.6
170800001	39.2
170900001	40.6
171000001	41.3
171100001	40.4
171200001	42.8
171300001	42.9
171400001	42.2
171500001	40.4
171600001	36.8
171700001	39.7
171800001	41.7
171900001	39.2
172000001	39.7
172100001	41.8
172200001	37.5
172300001	38.8
172400001	41.1
172500001	40.5
172600001	43.8
172700001	42.3
172800001	43.5
172900001	43
173000001	42.1
173100001	40.7
173200001	41.2
173300001	40.6
173400001	40.5
173500001	40.4
173600001	40.1
173700001	37.4
173800001	42.1
173900001	42.2
174000001	41.2
174100001	40.7
174200001	40.1
174300001	41
174400001	40.9
174500001	41.8
174600001	39.2
174700001	36.4
174800001	40.8
174900001	40.6
175000001	40.2
175100001	42
175200001	43.6
175300001	42.8
175400001	36.4
175500001	38.3
175600001	37.3
175700001	37.6
175800001	38.5
175900001	39.4
176000001	39.4
176100001	39.1
176200001	39
176300001	41
176400001	39.4
176500001	35.8
176600001	47.1
176700001	46.3
176800001	37.2
176900001	36.6
177000001	40.3
177100001	40.3
177200001	38.6
177300001	40.4
177400001	38.3
177500001	39.8
177600001	39.4
177700001	39.9
177800001	41.3
177900001	39.2
178000001	35.4
178100001	40.5
178200001	39.8
178300001	39.4
178400001	38.6
178500001	38.9
178600001	38.8
178700001	40
178800001	39.1
178900001	39
179000001	39.2
179100001	39.9
179200001	35.9
179300001	37.3
179400001	37.9
179500001	37.7
179600001	38.9
179700001	36.7
179800001	38.6
179900001	37.5
180000001	36.5
180100001	36.6
180200001	37.3
180300001	36.9
180400001	38.1
180500001	36.7
180600001	36.7
180700001	35.6
180800001	36.7
180900001	35.7
181000001	36.5
181100001	36.1
181200001	36.9
181300001	35.8
181400001	36.2
181500001	35.4
181600001	35.8
181700001	36.1
181800001	35.6
181900001	36.7
182000001	36.4
182100001	36.2
182200001	39.5
182300001	38.8
182400001	36
182500001	36.6
182600001	36.6
182700001	37
182800001	35.8
182900001	37.2
183000001	36
183100001	37.8
183200001	37.9
183300001	37.1
183400001	38.2
183500001	35.1
183600001	40.2
183700001	37.4
183800001	37.8
183900001	37.1
184000001	37.6
184100001	36.9
184200001	34.8
184300001	36.4
184400001	37
184500001	35.4
184600001	34.8
184700001	34.4
184800001	33.3
184900001	33.5
185000001	33.4
185100001	34.6
185200001	34.4
185300001	33.4
185400001	33.7
185500001	34.8
185600001	33.9
185700001	34.2
185800001	34.3
185900001	35.9
186000001	34.2
186100001	33.7
186200001	34.2
186300001	34.5
186400001	35.8
186500001	34.6
186600001	34.4
186700001	35.9
186800001	36.4
186900001	36
187000001	37.9
187100001	37.7
187200001	36
187300001	38.2
187400001	35.5
187500001	40.3
187600001	35.1
187700001	37
187800001	34.5
187900001	33.4
188000001	34.2
188100001	36.1
188200001	35.8
188300001	34.8
188400001	36
188500001	36.7
188600001	36.8
188700001	36.1
188800001	35.8
188900001	36.3
189000001	34.9
189100001	34.6
189200001	34.5
189300001	34.3
189400001	36.6
189500001	35
189600001	34.3
189700001	35.7
189800001	36.3
189900001	35.5
190000001	38.7
190100001	37.6
190200001	38.5
190300001	37.1
190400001	36.3
190500001	37.6
190600001	37.5
190700001	39
190800001	38.7
190900001	39.9
191000001	39.8
191100001	39.7
191200001	39.5
191300001	39.8
191400001	37.6
191500001	39.5
191600001	37.3
191700001	39.2
191800001	40.7
191900001	38.9
192000001	40.4
192100001	40.4
192200001	38.4
192300001	38.9
192400001	39.1
192500001	36.3
192600001	35.7
192700001	36.1
192800001	35.1
192900001	34.3
193000001	37.1
193100001	34.5
193200001	34
193300001	33.7
193400001	35.6
193500001	33.9
193600001	33
193700001	33.7
193800001	33.9
193900001	33
194000001	35.1
194100001	34.7
194200001	33.8
194300001	33.2
194400001	35.1
194500001	33.1
194600001	33.8
194700001	35.7
194800001	33.7
194900001	33.8
195000001	33.3
195100001	34.2
195200001	33.7
195300001	33.8
195400001	34.2
195500001	35.6
195600001	35.7
195700001	35
195800001	36.5
195900001	37.5
196000001	38.9
196100001	40.9
196200001	37.7
196300001	37.5
196400001	36.3
196500001	37.2
196600001	38.8
196700001	38.4
196800001	39.6
196900001	39
197000001	39.1
197100001	39.6
197200001	37.5
197300001	38.7
197400001	36.3
197500001	39
197600001	39.4
197700001	40.7
197800001	41.3
197900001	41.7
198000001	43.2
198100001	41.6
198200001	38.9
198300001	38.2
198400001	38
198500001	37.9
198600001	36.9
198700001	38.6
198800001	39
198900001	36.4
199000001	35
199100001	35.8
199200001	36.3
199300001	35.3
199400001	35.3
199500001	36.1
199600001	35.9
199700001	38.9
199800001	38.5
199900001	37.6
200000001	41.9
200100001	39.6
200200001	38
200300001	40.6
200400001	39
200500001	38.7
200600001	39.6
200700001	40.5
200800001	40.2
200900001	39.6
201000001	40.7
201100001	38.6
201200001	41.7
201300001	42.8
201400001	42.6
201500001	38.7
201600001	42.3
201700001	43.4
201800001	42.6
201900001	38.8
202000001	39.1
202100001	38
202200001	39.9
202300001	39.2
202400001	42.1
202500001	46
202600001	44.5
202700001	43.3
202800001	43
202900001	43.5
203000001	41.2
203100001	40.9
203200001	40.3
203300001	39
203400001	40.4
203500001	38.7
203600001	38.3
203700001	37.1
203800001	42.7
203900001	39.4
204000001	39.1
204100001	42.6
204200001	41.2
204300001	41.6
204400001	40.5
204500001	40.3
204600001	39.4
204700001	40.7
204800001	41.7
204900001	38.9
205000001	39.6
205100001	39.2
205200001	36.3
205300001	36.8
205400001	36.5
205500001	37.6
205600001	35.6
205700001	37.8
205800001	37.7
205900001	37.8
206000001	38.6
206100001	40.7
206200001	44.3
206300001	45
206400001	44
206500001	43.1
206600001	41.7
206700001	42.6
206800001	41.1
206900001	41
207000001	39.5
207100001	37.5
207200001	38.3
207300001	40.2
207400001	39.3
207500001	39.9
207600001	40.7
207700001	40.2
207800001	41.8
207900001	40.1
208000001	40.6
208100001	39.9
208200001	43.5
208300001	44.6
208400001	41.8
208500001	40.8
208600001	42.1
208700001	43
208800001	39.6
208900001	38.4
209000001	37.4
209100001	37.7
209200001	36.3
209300001	36.4
209400001	38.3
209500001	36
209600001	36
209700001	36.5
209800001	37.5
209900001	35.8
210000001	36
210100001	36.1
210200001	35.4
210300001	38.4
210400001	37.1
210500001	38
210600001	36.9
210700001	36.5
210800001	37.1
210900001	38.5
211000001	38.4
211100001	34.8
211200001	36.8
211300001	36.3
211400001	36.5
211500001	35.3
211600001	34.8
211700001	34.9
211800001	36.9
211900001	36.3
212000001	36.3
212100001	35.1
212200001	34.5
212300001	35.5
212400001	34.7
212500001	34.1
212600001	35
212700001	33.9
212800001	33.8
212900001	33.1
213000001	34.7
213100001	36.1
213200001	37.4
213300001	37.1
213400001	38
213500001	36.4
213600001	34.5
213700001	36.2
213800001	35.5
213900001	36.9
214000001	37
214100001	35.2
214200001	37.5
214300001	35.1
214400001	35.9
214500001	35.1
214600001	35.8
214700001	35.4
214800001	35.2
214900001	35.9
215000001	37.1
215100001	38.1
215200001	37.9
215300001	36.9
215400001	39
215500001	36.7
215600001	38
215700001	39.7
215800001	40.6
215900001	39.6
216000001	39
216100001	38.6
216200001	38.5
216300001	40.2
216400001	41.3
216500001	42.5
216600001	41.8
216700001	40.6
216800001	44.3
216900001	44
217000001	43
217100001	45.9
217200001	48.8
217300001	45.2
217400001	44.8
217500001	42
217600001	43.4
217700001	39.5
217800001	40.2
217900001	41.4
218000001	40.9
218100001	42.4
218200001	43.7
218300001	47
218400001	52.4
218500001	53.1
218600001	46
218700001	45
218800001	49.6
218900001	52.3
219000001	42.3
219100001	42
219200001	46.8
219300001	44.9
219400001	50.2
219500001	51.1
219600001	46.7
219700001	48.3
219800001	50.6
219900001	48.1
220000001	57
220100001	53.3
220200001	46.3
220300001	43
220400001	43.2
220500001	40.8
220600001	41.8
220700001	41
220800001	38.6
220900001	37.8
221000001	39
221100001	38.8
221200001	38.3
221300001	37.2
221400001	38.2
221500001	38.4
221600001	39.5
221700001	37.7
221800001	37.3
221900001	39.8
222000001	39.8
222100001	39.7
222200001	37.7
222300001	39
222400001	38.1
222500001	39.3
222600001	39.7
222700001	38.3
222800001	42.7
222900001	38.3
223000001	41.8
223100001	39.3
223200001	40.9
223300001	42
223400001	40.8
223500001	40.7
223600001	41.2
223700001	39
223800001	38.7
223900001	36.6
224000001	38.5
224100001	39.7
224200001	40.5
224300001	42.1
224400001	43.1
224500001	42.2
224600001	43
224700001	41.6
224800001	39.6
224900001	41.9
225000001	38.9
225100001	39.7
225200001	41.4
225300001	40.1
225400001	39.1
225500001	39.1
225600001	38.4
225700001	36
225800001	38
225900001	35.8
226000001	37.9
226100001	38.6
226200001	37.3
226300001	37.7
226400001	35.6
226500001	35.7
226600001	36.8
226700001	36.9
226800001	37.1
226900001	38.8
227000001	37.5
227100001	39.1
227200001	41.1
227300001	40.5
227400001	38.7
227500001	41.6
227600001	40.1
227700001	40.3
227800001	40.5
227900001	40.7
228000001	40.2
228100001	39.7
228200001	41.8
228300001	42.8
228400001	40.7
228500001	39.4
228600001	38.2
228700001	37.4
228800001	37.7
228900001	37.7
229000001	36.4
229100001	37.8
229200001	37.6
229300001	38
229400001	37.4
229500001	38.2
229600001	39
229700001	39.2
229800001	39.4
229900001	40.9
230000001	40.4
230100001	41.6
230200001	41.8
230300001	39.3
230400001	39.1
230500001	43.4
230600001	41.7
230700001	42.8
230800001	41.9
230900001	39.7
231000001	39.3
231100001	42.2
231200001	46.6
231300001	40.9
231400001	48.9
231500001	48.3
231600001	41.1
231700001	42.6
231800001	44.8
231900001	50.5
232000001	46.6
232100001	50.7
232200001	53.3
232300001	43.9
232400001	47.8
232500001	42.1
232600001	39.4
232700001	40.4
232800001	46.3
232900001	53.2
233000001	55.8
233100001	48.4
233200001	46.4
233300001	38.2
233400001	47.8
233500001	46.9
233600001	49.1
233700001	48.8
233800001	45.8
233900001	46.6
234000001	45.9
234100001	38.8
234200001	40.4
234300001	46
234400001	43.1
234500001	43.9
234600001	40.6
234700001	42.8
234800001	43
234900001	44.3
235000001	46
235100001	44.7
235200001	44.1
235300001	43.9
235400001	43.6
235500001	49.2
235600001	45.7
235700001	45
235800001	43.2
235900001	45.4
236000001	46.7
236100001	48.5
236200001	48.4
236300001	46
236400001	45.5
236500001	46.7
236600001	47.9
236700001	49.2
236800001	44.7
236900001	44.6
237000001	41.1
237100001	47.6
237200001	47.3
237300001	46
237400001	44.3
237500001	44.6
237600001	42
237700001	43.9
237800001	43.1
237900001	44.8
238000001	49.2
238100001	51.2
238200001	47.1
238300001	42.6
238400001	48
238500001	45.8
238600001	49.4
238700001	52
238800001	52
238900001	45.4
239000001	47.6
239100001	47.4
239200001	44.9
239300001	45
239400001	46.7
239500001	48.3
239600001	54.1
239700001	51.7
239800001	50.3
239900001	49.2
240000001	49.1
240100001	52.2
240200001	46.9
240300001	52.4
240400001	47.3
240500001	48.5
240600001	43.6
240700001	51.2
240800001	49.8
240900001	53.1
241000001	54.9
241100001	52.8
241200001	54.1
241300001	58.3
241400001	55.2
241500001	57.5
241600001	49.9
241700001	52
241800001	48.2
241900001	42.4
242000001	49.8
242100001	51.9
242200001	51.3
242300001	55
242400001	56.3
242500001	50.3
242600001	47.3
242700001	38.6
242800001	0
