variableStep chrom=chr21 span=100000
1	0
100001	0
200001	0
300001	0
400001	0
500001	0
600001	0
700001	0
800001	0
900001	0
1000001	0
1100001	0
1200001	0
1300001	0
1400001	0
1500001	0
1600001	0
1700001	0
1800001	0
1900001	0
2000001	0
2100001	0
2200001	0
2300001	0
2400001	0
2500001	0
2600001	0
2700001	0
2800001	0
2900001	0
3000001	0
3100001	0
3200001	0
3300001	0
3400001	0
3500001	0
3600001	0
3700001	0
3800001	0
3900001	0
4000001	0
4100001	0
4200001	0
4300001	0
4400001	0
4500001	0
4600001	0
4700001	0
4800001	0
4900001	0
5000001	0
5100001	0
5200001	0
5300001	0
5400001	0
5500001	0
5600001	0
5700001	0
5800001	0
5900001	0
6000001	0
6100001	0
6200001	0
6300001	0
6400001	0
6500001	0
6600001	0
6700001	0
6800001	0
6900001	0
7000001	0
7100001	0
7200001	0
7300001	0
7400001	0
7500001	0
7600001	0
7700001	0
7800001	0
7900001	0
8000001	0
8100001	0
8200001	0
8300001	0
8400001	0
8500001	0
8600001	0
8700001	0
8800001	0
8900001	0
9000001	0
9100001	0
9200001	0
9300001	0
9400001	0
9500001	0
9600001	0
9700001	37.2
9800001	41.5
9900001	39
10000001	37.3
10100001	44
10200001	0
10300001	0
10400001	0
10500001	0
10600001	0
10700001	0
10800001	0
10900001	0
11000001	0
11100001	0
11200001	0
11300001	0
11400001	0
11500001	0
11600001	0
11700001	0
11800001	0
11900001	0
12000001	0
12100001	0
12200001	0
12300001	0
12400001	0
12500001	0
12600001	0
12700001	0
12800001	0
12900001	0
13000001	0
13100001	0
13200001	37.6
13300001	37.2
13400001	37.7
13500001	35.7
13600001	38.6
13700001	37.9
13800001	36.7
13900001	41.2
14000001	41.8
14100001	44.7
14200001	39.5
14300001	46.7
14400001	36.1
14500001	36.3
14600001	35.9
14700001	36.9
14800001	36.2
14900001	36.9
15000001	36.7
15100001	37.7
15200001	37.6
15300001	36.9
15400001	38.8
15500001	39
15600001	37.5
15700001	37.7
15800001	37.7
15900001	36.9
16000001	36.9
16100001	35.1
16200001	36.9
16300001	35.4
16400001	36.6
16500001	35
16600001	35.3
16700001	34.2
16800001	35.2
16900001	35.7
17000001	35.9
17100001	35.8
17200001	35
17300001	36.9
17400001	38.3
17500001	37.9
17600001	39.8
17700001	41.5
17800001	39.9
17900001	41.2
18000001	40.1
18100001	39.1
18200001	38.4
18300001	37.1
18400001	36.2
18500001	36.2
18600001	34.5
18700001	35.3
18800001	35.3
18900001	34.2
19000001	36.8
19100001	35.6
19200001	35.2
19300001	35.8
19400001	35.7
19500001	34
19600001	33.4
19700001	36.1
19800001	35.2
19900001	34.7
20000001	34.2
20100001	34.7
20200001	34.4
20300001	35.9
20400001	34.8
20500001	34.4
20600001	34.2
20700001	36.2
20800001	35
20900001	36.1
21000001	36.1
21100001	35.7
21200001	35.7
21300001	35.3
21400001	34.3
21500001	34.2
21600001	34.1
21700001	33.2
21800001	34.5
21900001	35
22000001	35.1
22100001	35.6
22200001	35.4
22300001	35.2
22400001	35
22500001	34.3
22600001	34.8
22700001	35.1
22800001	35.4
22900001	34.8
23000001	35
23100001	35.6
23200001	34.4
23300001	34.3
23400001	33.7
23500001	34
23600001	34.7
23700001	34.4
23800001	33.6
23900001	35.1
24000001	36.5
24100001	38.5
24200001	37.4
24300001	35.5
24400001	33.7
24500001	34.3
24600001	34.4
24700001	34.8
24800001	35.5
24900001	35.2
25000001	34.6
25100001	35.7
25200001	36.7
25300001	36.5
25400001	36.7
25500001	35.2
25600001	37.2
25700001	37.8
25800001	38.1
25900001	40.2
26000001	38.9
26100001	41.6
26200001	39.9
26300001	39.2
26400001	40.4
26500001	38.9
26600001	38.6
26700001	38.4
26800001	37.3
26900001	36.9
27000001	38.8
27100001	38.5
27200001	37.8
27300001	37.2
27400001	36.1
27500001	35.5
27600001	35.9
27700001	36.6
27800001	36.1
27900001	35.3
28000001	36.6
28100001	36.4
28200001	36.1
28300001	36.5
28400001	36.5
28500001	36.4
28600001	36.2
28700001	37.5
28800001	37.5
28900001	38.4
29000001	39.7
29100001	39.3
29200001	37.9
29300001	41.1
29400001	40
29500001	39.7
29600001	40.2
29700001	40.3
29800001	38.7
29900001	38.9
30000001	38.5
30100001	37.6
30200001	35.8
30300001	37.1
30400001	36.9
30500001	36.9
30600001	37.1
30700001	36.5
30800001	35.5
30900001	37
31000001	36
31100001	38.1
31200001	39.8
31300001	41.2
31400001	42.4
31500001	42.3
31600001	43.8
31700001	45.5
31800001	46.3
31900001	41.9
32000001	42.9
32100001	43.8
32200001	46
32300001	44.8
32400001	42.1
32500001	43
32600001	46.3
32700001	46.6
32800001	45.7
32900001	39.3
33000001	39.9
33100001	42.4
33200001	43
33300001	48.2
33400001	45.2
33500001	45
33600001	43.7
33700001	44.9
33800001	40.4
33900001	41.3
34000001	39.1
34100001	46.8
34200001	43.9
34300001	41.9
34400001	43.5
34500001	42.6
34600001	45.3
34700001	43.8
34800001	44.3
34900001	44.9
35000001	44.1
35100001	44.6
35200001	42.4
35300001	42.2
35400001	40.5
35500001	40.3
35600001	40.6
35700001	40.1
35800001	40.7
35900001	40.6
36000001	41
36100001	42.7
36200001	42.6
36300001	44.6
36400001	47
36500001	46.7
36600001	43.7
36700001	48
36800001	45.8
36900001	47.2
37000001	47
37100001	43.1
37200001	45.7
37300001	42.2
37400001	39
37500001	45
37600001	40.3
37700001	37.3
37800001	44.9
37900001	43.6
38000001	44.3
38100001	43.3
38200001	41.8
38300001	41.3
38400001	40.4
38500001	41.2
38600001	43.5
38700001	42.2
38800001	41.1
38900001	42.9
39000001	43.9
39100001	42.4
39200001	47.3
39300001	46.3
39400001	42.7
39500001	37.8
39600001	45.2
39700001	40.7
39800001	43.1
39900001	44.2
40000001	43.1
40100001	43
40200001	44.3
40300001	42.8
40400001	43.4
40500001	41.1
40600001	38.3
40700001	39.1
40800001	39.9
40900001	41.4
41000001	40.9
41100001	42.1
41200001	41
41300001	42.7
41400001	46.7
41500001	44.4
41600001	47.1
41700001	47.6
41800001	46.8
41900001	49.3
42000001	50.2
42100001	50.7
42200001	46.7
42300001	51.1
42400001	49.3
42500001	51.5
42600001	49.3
42700001	47.6
42800001	50.1
42900001	51.6
43000001	49.9
43100001	49.3
43200001	47.8
43300001	50.5
43400001	50.9
43500001	55.8
43600001	57.2
43700001	50.6
43800001	42.8
43900001	52.1
44000001	54.4
44100001	51.5
44200001	49
44300001	51.7
44400001	56.2
44500001	58.8
44600001	53.3
44700001	53.3
44800001	49
44900001	49
45000001	50.9
45100001	55.4
45200001	56.2
45300001	47.4
45400001	44.7
45500001	54.7
45600001	57
45700001	59.2
45800001	50.5
45900001	41.1
46000001	47.2
46100001	54.1
46200001	54
46300001	55.3
46400001	51
46500001	50.8
46600001	51.5
46700001	44.4
46800001	44.2
