variableStep chrom=chr16 span=100000
1	55.7
100001	52
200001	54.4
300001	56.4
400001	52.3
500001	62.1
600001	63.6
700001	62
800001	57.8
900001	57.7
1000001	63.3
1100001	63.7
1200001	59.7
1300001	59.5
1400001	59.3
1500001	54.3
1600001	52.2
1700001	57.8
1800001	48.5
1900001	59.6
2000001	60.9
2100001	61.7
2200001	56.3
2300001	44.7
2400001	55
2500001	54.4
2600001	53.9
2700001	53.7
2800001	52.8
2900001	56.9
3000001	55.6
3100001	52.7
3200001	46.9
3300001	44.2
3400001	48.7
3500001	50
3600001	48.9
3700001	47
3800001	44.6
3900001	49.1
4000001	45.2
4100001	49.4
4200001	52.6
4300001	58.8
4400001	49.5
4500001	51.5
4600001	56.1
4700001	52.1
4800001	49.3
4900001	51.1
5000001	51.1
5100001	47.1
5200001	45.1
5300001	45.4
5400001	46.5
5500001	44.6
5600001	44
5700001	43.7
5800001	44.7
5900001	43.9
6000001	42.2
6100001	40.9
6200001	41
6300001	41.4
6400001	41.3
6500001	41.6
6600001	41.1
6700001	39.1
6800001	41.4
6900001	42.9
7000001	40.8
7100001	40.5
7200001	41.2
7300001	42.2
7400001	42.6
7500001	42
7600001	41.2
7700001	41.1
7800001	39.5
7900001	40.2
8000001	39.9
8100001	42.1
8200001	41.4
8300001	42.1
8400001	42
8500001	45.6
8600001	47.6
8700001	47.3
8800001	49.5
8900001	46.9
9000001	47.2
9100001	46.5
9200001	44.7
9300001	43.7
9400001	41.8
9500001	42.8
9600001	41.6
9700001	41.8
9800001	40.7
9900001	41.3
10000001	43.1
10100001	44.2
10200001	46
10300001	43.7
10400001	39.9
10500001	47.2
10600001	48.1
10700001	45.5
10800001	47.8
10900001	48.8
11000001	47.4
11100001	50.1
11200001	51.3
11300001	50.4
11400001	50.6
11500001	48.9
11600001	50.7
11700001	43.2
11800001	44.2
11900001	46.6
12000001	46.5
12100001	47.1
12200001	46.5
12300001	46.9
12400001	46.9
12500001	48.8
12600001	45.1
12700001	44.5
12800001	43.5
12900001	43.2
13000001	43.9
13100001	42.8
13200001	41.5
13300001	42.1
13400001	41.9
13500001	41.7
13600001	40.2
13700001	41.8
13800001	42.3
13900001	41.4
14000001	43.1
14100001	37.7
14200001	41.5
14300001	50.1
14400001	44.1
14500001	41.5
14600001	45.9
14700001	47.6
14800001	44.9
14900001	50.5
15000001	44.4
15100001	49.6
15200001	44.3
15300001	45.4
15400001	44
15500001	47.1
15600001	45.9
15700001	48.8
15800001	45.9
15900001	46.8
16000001	48.3
16100001	50
16200001	46.1
16300001	55
16400001	45.3
16500001	43.3
16600001	43.5
16700001	41.5
16800001	43.1
16900001	42
17000001	40.9
17100001	45.4
17200001	46.1
17300001	46
17400001	45.3
17500001	43.9
17600001	41.8
17700001	41.6
17800001	41.7
17900001	41.9
18000001	42
18100001	41.9
18200001	44.8
18300001	54.3
18400001	46.6
18500001	43.3
18600001	45.2
18700001	40.3
18800001	44.2
18900001	45.9
19000001	46.4
19100001	45.4
19200001	44.3
19300001	44.4
19400001	42.5
19500001	43.9
19600001	46.5
19700001	44.8
19800001	45.7
19900001	43.4
20000001	42.8
20100001	42.6
20200001	45.2
20300001	42.8
20400001	42
20500001	42.6
20600001	40.6
20700001	40.4
20800001	44.9
20900001	43.1
21000001	43.8
21100001	44
21200001	43.4
21300001	43.8
21400001	48.5
21500001	43.4
21600001	45
21700001	44.3
21800001	40.7
21900001	41
22000001	46.7
22100001	48.4
22200001	46
22300001	42.4
22400001	44.8
22500001	43.2
22600001	42.2
22700001	42.6
22800001	43.5
22900001	43
23000001	41.6
23100001	45.4
23200001	48.1
23300001	46.5
23400001	47.7
23500001	44.7
23600001	46.3
23700001	43.7
23800001	43.3
23900001	44.7
24000001	43.3
24100001	42.8
24200001	45.1
24300001	44
24400001	43.1
24500001	43.3
24600001	41.4
24700001	44.6
24800001	45.2
24900001	45.1
25000001	45.5
25100001	45.2
25200001	41.4
25300001	40.5
25400001	41.6
25500001	40.4
25600001	43.2
25700001	39.8
25800001	43.5
25900001	42.3
26000001	41.3
26100001	39.2
26200001	41.6
26300001	38.3
26400001	41.6
26500001	42.6
26600001	43.4
26700001	43.7
26800001	42.9
26900001	46.1
27000001	46.2
27100001	47.9
27200001	47.9
27300001	47.7
27400001	47.7
27500001	47.1
27600001	49.4
27700001	49.5
27800001	47.6
27900001	48.6
28000001	45.1
28100001	47.4
28200001	51.3
28300001	48
28400001	50
28500001	49.5
28600001	48.8
28700001	50.8
28800001	51.9
28900001	49.1
29000001	49.5
29100001	51.1
29200001	50.6
29300001	46.2
29400001	42.6
29500001	50.2
29600001	48.3
29700001	53.5
29800001	49
29900001	54.2
30000001	51
30100001	48.2
30200001	47.1
30300001	49.7
30400001	51.5
30500001	50.4
30600001	50.8
30700001	48.9
30800001	54.1
30900001	53.2
31000001	53.6
31100001	48.9
31200001	45.9
31300001	50.9
31400001	46.2
31500001	38.5
31600001	41.8
31700001	41.5
31800001	39.6
31900001	44.3
32000001	39.2
32100001	41.7
32200001	44
32300001	39.3
32400001	36.6
32500001	41.8
32600001	41.8
32700001	42.5
32800001	47.9
32900001	38
33000001	41.4
33100001	42.7
33200001	45.8
33300001	43.7
33400001	39.1
33500001	40.8
33600001	49.2
33700001	41.4
33800001	41.9
33900001	37.8
34000001	41.2
34100001	41.6
34200001	44
34300001	41.4
34400001	40.1
34500001	40.4
34600001	41.9
34700001	40
34800001	43.6
34900001	37.3
35000001	37.1
35100001	36.8
35200001	0
35300001	0
35400001	0
35500001	0
35600001	0
35700001	0
35800001	0
35900001	0
36000001	0
36100001	0
36200001	0
36300001	0
36400001	0
36500001	0
36600001	0
36700001	0
36800001	0
36900001	0
37000001	0
37100001	0
37200001	0
37300001	0
37400001	0
37500001	0
37600001	0
37700001	0
37800001	0
37900001	0
38000001	0
38100001	0
38200001	0
38300001	0
38400001	0
38500001	0
38600001	0
38700001	0
38800001	0
38900001	0
39000001	0
39100001	0
39200001	0
39300001	0
39400001	0
39500001	0
39600001	0
39700001	0
39800001	0
39900001	0
40000001	0
40100001	0
40200001	0
40300001	0
40400001	0
40500001	0
40600001	0
40700001	0
40800001	0
40900001	0
41000001	0
41100001	0
41200001	0
41300001	0
41400001	0
41500001	0
41600001	0
41700001	0
41800001	0
41900001	0
42000001	0
42100001	0
42200001	0
42300001	0
42400001	0
42500001	0
42600001	0
42700001	0
42800001	0
42900001	0
43000001	0
43100001	0
43200001	0
43300001	0
43400001	0
43500001	0
43600001	0
43700001	0
43800001	0
43900001	0
44000001	0
44100001	0
44200001	0
44300001	0
44400001	0
44500001	0
44600001	0
44700001	0
44800001	0
44900001	36.2
45000001	37.5
45100001	38.4
45200001	42.9
45300001	45.1
45400001	45.6
45500001	46.2
45600001	45
45700001	38.9
45800001	36.7
45900001	37
46000001	38.1
46100001	38.3
46200001	38.5
46300001	40.2
46400001	42.1
46500001	42
46600001	45.2
46700001	47.2
46800001	40.2
46900001	42.8
47000001	45.2
47100001	43.8
47200001	42.6
47300001	40
47400001	44.5
47500001	45.1
47600001	43.2
47700001	41.8
47800001	43.8
47900001	43.9
48000001	49.5
48100001	49.8
48200001	50.7
48300001	50.6
48400001	51.4
48500001	45.2
48600001	42.9
48700001	43.5
48800001	49.9
48900001	44.3
49000001	46.7
49100001	48.9
49200001	50.7
49300001	41
49400001	44.7
49500001	46.4
49600001	44.4
49700001	45.1
49800001	42.8
49900001	42
50000001	40.4
50100001	41.3
50200001	40.4
50300001	39.4
50400001	39.7
50500001	41.1
50600001	38.5
50700001	38.7
50800001	38.5
50900001	38.9
51000001	38
51100001	41
51200001	40.2
51300001	41.5
51400001	39.6
51500001	40.1
51600001	44.8
51700001	39.3
51800001	35.8
51900001	39.9
52000001	40.9
52100001	44.4
52200001	37.3
52300001	38.2
52400001	39
52500001	40.3
52600001	41.1
52700001	45.4
52800001	46.9
52900001	45.6
53000001	44.5
53100001	42.8
53200001	41.5
53300001	41
53400001	40.6
53500001	45.9
53600001	46.4
53700001	45.2
53800001	41.9
53900001	42.8
54000001	46.4
54100001	35.8
54200001	45.6
54300001	45.8
54400001	45.4
54500001	40.7
54600001	42.9
54700001	39
54800001	47.2
54900001	48.7
55000001	40.3
55100001	45.7
55200001	49
55300001	42
55400001	48.9
55500001	48.1
55600001	50.9
55700001	47.3
55800001	46.9
55900001	46.7
56000001	49.5
56100001	49.1
56200001	54.1
56300001	53.2
56400001	47.4
56500001	51.1
56600001	52
56700001	43.6
56800001	43.3
56900001	42.5
57000001	49.8
57100001	42
57200001	47.6
57300001	43.2
57400001	40.1
57500001	39.5
57600001	37.5
57700001	38.4
57800001	37.8
57900001	38.9
58000001	35.4
58100001	37.5
58200001	37.2
58300001	35.9
58400001	37.5
58500001	36.3
58600001	36.6
58700001	38
58800001	37.5
58900001	38.1
59000001	35.4
59100001	36.8
59200001	35.9
59300001	36.1
59400001	34.9
59500001	36.5
59600001	35.9
59700001	35.9
59800001	36.1
59900001	35.9
60000001	35.8
60100001	36.6
60200001	35.5
60300001	35.6
60400001	36.8
60500001	37.8
60600001	38.4
60700001	36.2
60800001	37
60900001	36.6
61000001	37.1
61100001	36.8
61200001	37.5
61300001	35.8
61400001	36.2
61500001	38.1
61600001	36
61700001	37
61800001	35.6
61900001	35.7
62000001	34.7
62100001	35.3
62200001	37.5
62300001	36.4
62400001	36.6
62500001	35.9
62600001	36.2
62700001	36.3
62800001	36.9
62900001	37.5
63000001	36.4
63100001	36.4
63200001	37.3
63300001	37.7
63400001	38.5
63500001	38
63600001	40.2
63700001	39.3
63800001	40.1
63900001	38.7
64000001	40.3
64100001	40.5
64200001	43
64300001	43.1
64400001	43
64500001	43.4
64600001	43.3
64700001	44.8
64800001	46.9
64900001	49.8
65000001	48.8
65100001	47.8
65200001	46.3
65300001	42.5
65400001	48.2
65500001	52.7
65600001	43.2
65700001	54.6
65800001	53.3
65900001	45.6
66000001	52.4
66100001	49.8
66200001	50.5
66300001	49.4
66400001	52.2
66500001	54.5
66600001	46.2
66700001	41.5
66800001	49.4
66900001	51
67000001	48.3
67100001	45.9
67200001	48.5
67300001	47.7
67400001	43.7
67500001	42.1
67600001	46.4
67700001	45.6
67800001	41.9
67900001	47.1
68000001	42.8
68100001	41.5
68200001	38.3
68300001	45.9
68400001	44.8
68500001	49.6
68600001	43.3
68700001	50.2
68800001	45.2
68900001	48.5
69000001	51.3
69100001	45.7
69200001	53
69300001	52
69400001	43.1
69500001	43.3
69600001	39.7
69700001	39
69800001	39.7
69900001	46
70000001	45.4
70100001	43.6
70200001	43
70300001	41.1
70400001	45.8
70500001	43.5
70600001	46.5
70700001	43.8
70800001	39.4
70900001	37.1
71000001	35.7
71100001	38.6
71200001	37.8
71300001	40.2
71400001	45.7
71500001	46.5
71600001	47.4
71700001	44
71800001	42.6
71900001	43.7
72000001	43
72100001	41.5
72200001	38.7
72300001	41.9
72400001	41.2
72500001	39.3
72600001	40.1
72700001	37.7
72800001	42
72900001	48.3
73000001	46.6
73100001	41.6
73200001	44.6
73300001	47.6
73400001	44
73500001	45.2
73600001	45.4
73700001	46.5
73800001	54
73900001	41.5
74000001	46
74100001	46.6
74200001	43.6
74300001	40.1
74400001	38
74500001	37.6
74600001	35.9
74700001	36.1
74800001	36.6
74900001	37.6
75000001	36
75100001	36.8
75200001	35.4
75300001	36.3
75400001	37.2
75500001	37.1
75600001	38.7
75700001	40.7
75800001	41.6
75900001	39.5
76000001	40.9
76100001	41.5
76200001	41.4
76300001	42.9
76400001	43.9
76500001	44.3
76600001	43.8
76700001	41.4
76800001	42.2
76900001	41.7
77000001	41.7
77100001	42.8
77200001	43.6
77300001	43.2
77400001	41.6
77500001	43.9
77600001	43.4
77700001	42.7
77800001	43.9
77900001	44.5
78000001	43.8
78100001	42.7
78200001	41.9
78300001	41.4
78400001	41.8
78500001	40.6
78600001	41.2
78700001	40.4
78800001	41
78900001	41.9
79000001	41.2
79100001	42.2
79200001	43.3
79300001	40.5
79400001	39.9
79500001	42.5
79600001	43.8
79700001	49.9
79800001	46.8
79900001	43.1
80000001	50.6
80100001	49.8
80200001	52.6
80300001	48.3
80400001	47.4
80500001	43.3
80600001	42.6
80700001	40.1
80800001	41.9
80900001	42.1
81000001	41.8
81100001	42.6
81200001	43.7
81300001	41.4
81400001	41
81500001	41.6
81600001	40.6
81700001	42.2
81800001	41.8
81900001	41.5
82000001	42.9
82100001	43.1
82200001	44
82300001	43.7
82400001	44.9
82500001	54.2
82600001	48.9
82700001	49.3
82800001	49.6
82900001	48.6
83000001	48.7
83100001	50.1
83200001	48.3
83300001	45
83400001	50.7
83500001	50.8
83600001	51.1
83700001	54.4
83800001	56
83900001	56.4
84000001	56.8
84100001	56.1
84200001	56.3
84300001	51.8
84400001	48.5
84500001	49.9
84600001	50.3
84700001	46.3
84800001	47.3
84900001	49.1
85000001	49.7
85100001	50.5
85200001	47.9
85300001	48
85400001	48.9
85500001	50.4
85600001	47.2
85700001	48.5
85800001	48
85900001	50.8
86000001	48.9
86100001	51.7
86200001	56.6
86300001	51.2
86400001	55
86500001	50
86600001	53.6
86700001	52.6
86800001	52
86900001	57.7
87000001	63.1
87100001	55.8
87200001	57.9
87300001	60.8
87400001	61.1
87500001	59.8
87600001	57.3
87700001	57.7
87800001	53.2
87900001	50.9
88000001	49.1
88100001	56.2
88200001	55.4
88300001	52.9
88400001	54.1
88500001	55
88600001	50.2
88700001	43.6
