variableStep chrom=chr10 span=100000
1	40.4
100001	43.2
200001	37.6
300001	47.8
400001	46.2
500001	49.3
600001	50.2
700001	46.9
800001	47.2
900001	44.6
1000001	46
1100001	46
1200001	49.3
1300001	48
1400001	47.1
1500001	47.8
1600001	47.9
1700001	45.3
1800001	41.3
1900001	39.8
2000001	39.5
2100001	40.3
2200001	39.2
2300001	39.7
2400001	39.2
2500001	40.4
2600001	38.7
2700001	40.7
2800001	41.1
2900001	44.7
3000001	44.9
3100001	49.4
3200001	46.1
3300001	45
3400001	44.5
3500001	43.5
3600001	41.4
3700001	42.8
3800001	42.9
3900001	43.2
4000001	41.3
4100001	40.1
4200001	40.2
4300001	38.7
4400001	36.6
4500001	37.8
4600001	37.4
4700001	37.3
4800001	40.8
4900001	39.4
5000001	40.9
5100001	38.4
5200001	39.3
5300001	42.4
5400001	40.3
5500001	51.3
5600001	51.4
5700001	44.5
5800001	40.7
5900001	47.3
6000001	45.7
6100001	43.9
6200001	50.8
6300001	46.3
6400001	42.8
6500001	43
6600001	42.4
6700001	41
6800001	42.8
6900001	39.8
7000001	41
7100001	41.7
7200001	43.8
7300001	42.3
7400001	44.3
7500001	42.9
7600001	45.6
7700001	42.9
7800001	41.7
7900001	39.8
8000001	39.4
8100001	48.5
8200001	42
8300001	40.9
8400001	40.7
8500001	41.2
8600001	39
8700001	37.7
8800001	36.7
8900001	36
9000001	35.8
9100001	35.3
9200001	36.9
9300001	36.8
9400001	37.6
9500001	35.1
9600001	35.6
9700001	35.6
9800001	35.7
9900001	36.8
10000001	37.2
10100001	37.7
10200001	36.8
10300001	37.5
10400001	38.7
10500001	37.9
10600001	40.8
10700001	40.2
10800001	40.8
10900001	40.1
11000001	41.3
11100001	41.1
11200001	42.3
11300001	44.8
11400001	47.4
11500001	42.2
11600001	38
11700001	45.8
11800001	47.3
11900001	48.7
12000001	39.9
12100001	45.2
12200001	43.4
12300001	45.7
12400001	46.1
12500001	46.6
12600001	46
12700001	42.7
12800001	46.4
12900001	46.3
13000001	43.6
13100001	43.3
13200001	42.7
13300001	46.3
13400001	46.3
13500001	43.5
13600001	40.9
13700001	45.5
13800001	45.2
13900001	45.3
14000001	44.1
14100001	42.8
14200001	43.1
14300001	41.8
14400001	43.1
14500001	41.8
14600001	43.9
14700001	42.7
14800001	42.7
14900001	40.2
15000001	44.7
15100001	44
15200001	44.6
15300001	45.2
15400001	43.5
15500001	42.4
15600001	40.4
15700001	39.3
15800001	39.4
15900001	37.4
16000001	37
16100001	37.2
16200001	38.9
16300001	38.9
16400001	41.8
16500001	41
16600001	42.9
16700001	39.9
16800001	41.7
16900001	39.6
17000001	41.2
17100001	37.7
17200001	37.7
17300001	41.3
17400001	40.1
17500001	41.7
17600001	41.3
17700001	38.4
17800001	41.5
17900001	38.8
18000001	42.6
18100001	40.1
18200001	39.7
18300001	39.2
18400001	39.6
18500001	40.3
18600001	40
18700001	41.1
18800001	40.4
18900001	40.5
19000001	39.4
19100001	36.9
19200001	37.2
19300001	37.6
19400001	36.3
19500001	35.4
19600001	34.3
19700001	35.6
19800001	35.7
19900001	36.9
20000001	37.9
20100001	38
20200001	38.2
20300001	37.2
20400001	36.9
20500001	35.9
20600001	39.4
20700001	38
20800001	38.5
20900001	38.6
21000001	38.9
21100001	37.1
21200001	38.6
21300001	39.9
21400001	40.2
21500001	43.1
21600001	44.4
21700001	44.1
21800001	44.8
21900001	39
22000001	40.4
22100001	38.9
22200001	36.1
22300001	37.6
22400001	40.8
22500001	38.8
22600001	39.7
22700001	39.6
22800001	43
22900001	41.5
23000001	40.6
23100001	40.1
23200001	38.7
23300001	40.3
23400001	41.1
23500001	41.7
23600001	42
23700001	41.8
23800001	40.5
23900001	39.2
24000001	39.2
24100001	38.2
24200001	39.1
24300001	38.3
24400001	40.1
24500001	43.4
24600001	41.8
24700001	41.7
24800001	44
24900001	38.2
25000001	41.5
25100001	41.8
25200001	41.8
25300001	39.2
25400001	41.1
25500001	38.1
25600001	35.6
25700001	36.6
25800001	37.7
25900001	38.1
26000001	41.6
26100001	38.7
26200001	38.5
26300001	37.4
26400001	37.5
26500001	42.6
26600001	40.8
26700001	40.6
26800001	41.7
26900001	40.6
27000001	40.4
27100001	40
27200001	41.3
27300001	38.3
27400001	39.9
27500001	42.1
27600001	39.1
27700001	39.5
27800001	38.1
27900001	40.2
28000001	40
28100001	39.3
28200001	37.5
28300001	37.8
28400001	38
28500001	38.4
28600001	41.5
28700001	42.6
28800001	41.2
28900001	41
29000001	43.5
29100001	43.2
29200001	41.1
29300001	41.6
29400001	42.9
29500001	42.2
29600001	42.4
29700001	42.5
29800001	43.6
29900001	43.5
30000001	43.6
30100001	43.8
30200001	44.2
30300001	45
30400001	43.6
30500001	41.3
30600001	42.1
30700001	43.5
30800001	43.5
30900001	43.4
31000001	46
31100001	45.9
31200001	37.7
31300001	39.7
31400001	42.7
31500001	39.5
31600001	37.6
31700001	35.7
31800001	36.6
31900001	43.3
32000001	44.6
32100001	36.9
32200001	40.9
32300001	40.4
32400001	44.1
32500001	43.5
32600001	39.2
32700001	38.2
32800001	37.9
32900001	36.6
33000001	38
33100001	37.1
33200001	38.2
33300001	42.2
33400001	43.2
33500001	41.2
33600001	41.4
33700001	40
33800001	41.1
33900001	41.3
34000001	41.1
34100001	42.2
34200001	40.6
34300001	43.3
34400001	41.8
34500001	40.5
34600001	38.1
34700001	36.9
34800001	39.2
34900001	41.1
35000001	42
35100001	45
35200001	45.3
35300001	41.3
35400001	41.7
35500001	41.8
35600001	43
35700001	43.7
35800001	42.9
35900001	45.1
36000001	41
36100001	40.7
36200001	41.4
36300001	39.9
36400001	36.7
36500001	37.1
36600001	37.9
36700001	38.6
36800001	38.7
36900001	38.5
37000001	40.3
37100001	38.8
37200001	38.3
37300001	38.4
37400001	37
37500001	35.3
37600001	38.4
37700001	40.6
37800001	40.5
37900001	40
38000001	44.1
38100001	39.5
38200001	41.3
38300001	41
38400001	40.4
38500001	38.6
38600001	39.7
38700001	42.3
38800001	39.4
38900001	39.2
39000001	40.1
39100001	38
39200001	0
39300001	0
39400001	0
39500001	0
39600001	0
39700001	0
39800001	0
39900001	0
40000001	0
40100001	0
40200001	0
40300001	0
40400001	0
40500001	0
40600001	0
40700001	0
40800001	0
40900001	0
41000001	0
41100001	0
41200001	0
41300001	0
41400001	0
41500001	0
41600001	40.7
41700001	36.6
41800001	37.7
41900001	38.7
42000001	40.4
42100001	38
42200001	40.7
42300001	41.3
42400001	40
42500001	43.4
42600001	44.6
42700001	46.5
42800001	51.2
42900001	47.1
43000001	53
43100001	49.9
43200001	47.5
43300001	41.9
43400001	43
43500001	43.9
43600001	44.3
43700001	44.6
43800001	43.9
43900001	39.9
44000001	43.3
44100001	46.4
44200001	45.2
44300001	41.1
44400001	39.1
44500001	39.7
44600001	45.2
44700001	49.4
44800001	40.9
44900001	39.6
45000001	40
45100001	42.3
45200001	45.9
45300001	39.3
45400001	39.6
45500001	42.5
45600001	42.6
45700001	37
45800001	0
45900001	45.1
46000001	40
46100001	41.6
46200001	38.3
46300001	43
46400001	46.7
46500001	47.2
46600001	43.7
46700001	37.5
46800001	38.7
46900001	0
47000001	42.2
47100001	47.5
47200001	51.2
47300001	0
47400001	42.8
47500001	37.2
47600001	0
47700001	39.4
47800001	45.6
47900001	47.9
48000001	49.1
48100001	45.5
48200001	44.6
48300001	44
48400001	40.6
48500001	42.1
48600001	38
48700001	0
48800001	47.6
48900001	38
49000001	43.6
49100001	43.6
49200001	37.2
49300001	47.7
49400001	46.9
49500001	44.7
49600001	44.9
49700001	43.5
49800001	47.7
49900001	45.2
50000001	44.2
50100001	45.9
50200001	47.9
50300001	40.2
50400001	45.6
50500001	45.3
50600001	45.2
50700001	37.4
50800001	43.7
50900001	39.3
51000001	39.3
51100001	44.2
51200001	42.3
51300001	38.2
51400001	44.1
51500001	42.8
51600001	38
51700001	39.2
51800001	38
51900001	39.6
52000001	42.1
52100001	41.4
52200001	37.5
52300001	37.3
52400001	37.1
52500001	36.6
52600001	36.1
52700001	37
52800001	37.3
52900001	35.6
53000001	36
53100001	37.9
53200001	35.6
53300001	36.5
53400001	37.2
53500001	35.4
53600001	36.6
53700001	37.3
53800001	37.6
53900001	35.8
54000001	35.8
54100001	38.8
54200001	39
54300001	39
54400001	35.6
54500001	36.5
54600001	35.2
54700001	35.4
54800001	35.7
54900001	35.7
55000001	36
55100001	35
55200001	34.5
55300001	35.5
55400001	36.9
55500001	36
55600001	34.8
55700001	35.1
55800001	34.2
55900001	34.1
56000001	34.7
56100001	33.8
56200001	34.4
56300001	34.9
56400001	34.5
56500001	34.5
56600001	35.2
56700001	34.3
56800001	33.8
56900001	32.7
57000001	35
57100001	33.8
57200001	34.5
57300001	35.5
57400001	34
57500001	35.5
57600001	33.9
57700001	34.2
57800001	35.3
57900001	35.3
58000001	35.9
58100001	34.6
58200001	34.2
58300001	35.8
58400001	35.8
58500001	35.3
58600001	34.9
58700001	34.9
58800001	34.4
58900001	35.2
59000001	35.3
59100001	35.5
59200001	37.8
59300001	35.9
59400001	38.2
59500001	38.8
59600001	38.7
59700001	37.4
59800001	38.6
59900001	37.1
60000001	38.4
60100001	38.6
60200001	39.4
60300001	38.9
60400001	39.5
60500001	36.3
60600001	36.1
60700001	40.4
60800001	36.1
60900001	38.9
61000001	40.2
61100001	41
61200001	40.5
61300001	40.6
61400001	38.8
61500001	38.2
61600001	38.5
61700001	38.3
61800001	38.1
61900001	36.6
62000001	36.9
62100001	38.3
62200001	39.3
62300001	39.5
62400001	39
62500001	37.5
62600001	37.6
62700001	36.5
62800001	37.1
62900001	36.8
63000001	36.5
63100001	35.4
63200001	40.5
63300001	40
63400001	40
63500001	40.5
63600001	35.7
63700001	37.8
63800001	39.5
63900001	39.1
64000001	41.9
64100001	41
64200001	42.2
64300001	41.8
64400001	39.5
64500001	42.8
64600001	37.1
64700001	39.8
64800001	37.5
64900001	38.1
65000001	39.9
65100001	40.8
65200001	39.8
65300001	39.7
65400001	41.5
65500001	39
65600001	37.3
65700001	36.3
65800001	36.8
65900001	36.4
66000001	35.4
66100001	35.2
66200001	36
66300001	35
66400001	34.5
66500001	35
66600001	34.8
66700001	35.1
66800001	36
66900001	35.4
67000001	35.1
67100001	33.7
67200001	36.2
67300001	37
67400001	35.2
67500001	35.5
67600001	35.7
67700001	35.7
67800001	36.1
67900001	34.9
68000001	36.2
68100001	36.2
68200001	36.1
68300001	36.9
68400001	35.6
68500001	34.7
68600001	36.6
68700001	36.7
68800001	36.7
68900001	37.4
69000001	37.4
69100001	39.5
69200001	41.9
69300001	40.3
69400001	37.8
69500001	39.6
69600001	42.1
69700001	42.4
69800001	41.9
69900001	45.2
70000001	42.4
70100001	41.5
70200001	45.3
70300001	41.7
70400001	44.2
70500001	41.9
70600001	44.9
70700001	47.4
70800001	49.2
70900001	47.7
71000001	48
71100001	48.4
71200001	50.4
71300001	51.8
71400001	40.2
71500001	46.8
71600001	43.9
71700001	48.7
71800001	48.5
71900001	52.2
72000001	45.9
72100001	52.6
72200001	43.4
72300001	51
72400001	49.8
72500001	46
72600001	51.1
72700001	52.6
72800001	49.5
72900001	51.2
73000001	52.3
73100001	54.5
73200001	51.1
73300001	47.6
73400001	51
73500001	43.5
73600001	45.1
73700001	51.7
73800001	41.6
73900001	38.3
74000001	41.4
74100001	40.2
74200001	38.1
74300001	40.9
74400001	38.8
74500001	40.2
74600001	40.1
74700001	40.2
74800001	40.3
74900001	41.7
75000001	45.3
75100001	44.2
75200001	51.3
75300001	48.3
75400001	41.5
75500001	41.6
75600001	38.6
75700001	37.1
75800001	35.7
75900001	36.4
76000001	37.8
76100001	41.6
76200001	43.4
76300001	40.4
76400001	43.1
76500001	45.5
76600001	46.9
76700001	44.5
76800001	48.3
76900001	42
77000001	41.1
77100001	41.3
77200001	40.8
77300001	42.8
77400001	44
77500001	41.5
77600001	41
77700001	39.5
77800001	39.6
77900001	37.1
78000001	37.7
78100001	38.4
78200001	39.1
78300001	41.5
78400001	41.2
78500001	42.6
78600001	42.5
78700001	44.2
78800001	46.6
78900001	46.4
79000001	46.8
79100001	43.1
79200001	50.2
79300001	48.5
79400001	45.9
79500001	44.4
79600001	48.9
79700001	47.5
79800001	48.5
79900001	44.8
80000001	45.4
80100001	47
80200001	47.7
80300001	49.1
80400001	51.6
80500001	55.2
80600001	54.8
80700001	52.2
80800001	51.5
80900001	45.5
81000001	39.1
81100001	41.8
81200001	43.2
81300001	41.4
81400001	40.8
81500001	39.4
81600001	42.9
81700001	42.3
81800001	43.7
81900001	47.9
82000001	43.6
82100001	45
82200001	50.2
82300001	44
82400001	44
82500001	39.5
82600001	38.5
82700001	37.3
82800001	36.9
82900001	34.6
83000001	35
83100001	34.4
83200001	36.4
83300001	36.1
83400001	36.9
83500001	37.3
83600001	39.4
83700001	37
83800001	37.6
83900001	36.4
84000001	38.3
84100001	37.2
84200001	37.9
84300001	36.2
84400001	38.5
84500001	37.2
84600001	37.2
84700001	37.1
84800001	37.6
84900001	37.3
85000001	36.5
85100001	35.3
85200001	36.5
85300001	37.4
85400001	37.4
85500001	38.8
85600001	41
85700001	42.8
85800001	41.5
85900001	47.4
86000001	43.2
86100001	37.5
86200001	39.1
86300001	42.6
86400001	41
86500001	40.1
86600001	39.4
86700001	38.6
86800001	38.3
86900001	40.2
87000001	37.3
87100001	39.3
87200001	38.4
87300001	41.2
87400001	40.2
87500001	39.1
87600001	42.4
87700001	44
87800001	47.7
87900001	50.6
88000001	49.6
88100001	46.3
88200001	42.2
88300001	44.9
88400001	52.5
88500001	40.2
88600001	42
88700001	46.8
88800001	41.8
88900001	42.6
89000001	38
89100001	42.7
89200001	38.5
89300001	40.1
89400001	40.6
89500001	36.3
89600001	37.1
89700001	38.3
89800001	40.9
89900001	40
90000001	38.4
90100001	36.9
90200001	36.3
90300001	36.2
90400001	36.5
90500001	37.3
90600001	38.9
90700001	39.1
90800001	37
90900001	39
91000001	41.6
91100001	41.1
91200001	40.3
91300001	39.7
91400001	37.5
91500001	38.5
91600001	38.7
91700001	37.5
91800001	38.6
91900001	37.5
92000001	37.5
92100001	37.1
92200001	37
92300001	37.5
92400001	37.9
92500001	40.5
92600001	39.7
92700001	41.4
92800001	40.4
92900001	40.1
93000001	40
93100001	38.5
93200001	37.8
93300001	42.6
93400001	39.9
93500001	38.2
93600001	39.5
93700001	37.8
93800001	41.2
93900001	40.4
94000001	41.2
94100001	44.8
94200001	40.1
94300001	41.5
94400001	44.1
94500001	42
94600001	36.2
94700001	37.6
94800001	45.7
94900001	42.7
95000001	44.9
95100001	43.5
95200001	42.8
95300001	44.8
95400001	38.3
95500001	42
95600001	40.7
95700001	40.8
95800001	41.6
95900001	41.1
96000001	40.3
96100001	40.5
96200001	38.6
96300001	39.4
96400001	39
96500001	39.3
96600001	37.4
96700001	38
96800001	37.8
96900001	41.2
97000001	43.9
97100001	44.5
97200001	44.1
97300001	44
97400001	40.6
97500001	41.1
97600001	39.3
97700001	38.5
97800001	38.1
97900001	40.6
98000001	42
98100001	45.8
98200001	42.9
98300001	42.3
98400001	44.5
98500001	42.3
98600001	39.1
98700001	45.6
98800001	50.1
98900001	47.1
99000001	46.6
99100001	49.5
99200001	48.4
99300001	47.7
99400001	47.1
99500001	50.5
99600001	50.2
99700001	45.9
99800001	43.6
99900001	38.1
100000001	48.3
100100001	48.3
100200001	41.3
100300001	40.1
100400001	37.4
100500001	37.2
100600001	37.5
100700001	37.8
100800001	37.4
100900001	39.2
101000001	41.1
101100001	43.1
101200001	44.4
101300001	43.5
101400001	40.5
101500001	43.4
101600001	43.9
101700001	44
101800001	43.7
101900001	39.4
102000001	45.8
102100001	43.8
102200001	44.7
102300001	46.8
102400001	51.6
102500001	48.8
102600001	44.4
102700001	52
102800001	52
102900001	49.5
103000001	48.9
103100001	39.1
103200001	38.6
103300001	49.8
103400001	43.4
103500001	49.7
103600001	41.4
103700001	42.5
103800001	50.4
103900001	47.1
104000001	42.1
104100001	52.4
104200001	48.8
104300001	49.4
104400001	48
104500001	47.4
104600001	43
104700001	41.7
104800001	41.9
104900001	43.2
105000001	44.5
105100001	46
105200001	49.9
105300001	53.3
105400001	53
105500001	49.2
105600001	43.3
105700001	40.2
105800001	40.8
105900001	40.3
106000001	45.8
106100001	40.1
106200001	43.7
106300001	43.2
106400001	41.7
106500001	42.7
106600001	41.2
106700001	39.5
106800001	40.3
106900001	39.5
107000001	39.2
107100001	37.7
107200001	37.6
107300001	37.9
107400001	38.9
107500001	38.6
107600001	36.9
107700001	37.7
107800001	36
107900001	36.4
108000001	37.5
108100001	36.8
108200001	37.3
108300001	40.8
108400001	40
108500001	40.2
108600001	40.4
108700001	40.4
108800001	38.7
108900001	38.8
109000001	36.6
109100001	36.9
109200001	38.7
109300001	36.5
109400001	36.4
109500001	36.6
109600001	37.3
109700001	37.8
109800001	37.1
109900001	36.6
110000001	36.3
110100001	37.9
110200001	37.4
110300001	37.4
110400001	37.4
110500001	37
110600001	36.7
110700001	38.7
110800001	38.5
110900001	38.5
111000001	38.8
111100001	38.5
111200001	39.4
111300001	39.4
111400001	40.1
111500001	40.6
111600001	44.1
111700001	40.4
111800001	38.6
111900001	44
112000001	39.9
112100001	48.3
112200001	46
112300001	40.5
112400001	42.9
112500001	46
112600001	37.9
112700001	35.5
112800001	45.1
112900001	39.9
113000001	40.4
113100001	39.8
113200001	40.4
113300001	40
113400001	38
113500001	39.3
113600001	40.2
113700001	41.1
113800001	43.7
113900001	41.4
114000001	43.5
114100001	43
114200001	36.5
114300001	37.9
114400001	39.9
114500001	45.2
114600001	44.3
114700001	45.3
114800001	43.8
114900001	43.2
115000001	43.9
115100001	44.2
115200001	43.9
115300001	45.3
115400001	42.6
115500001	39.9
115600001	38
115700001	43.4
115800001	41.1
115900001	40.3
116000001	49.4
116100001	45
116200001	42.9
116300001	42.6
116400001	40.9
116500001	40.8
116600001	40.5
116700001	39.7
116800001	38.4
116900001	33.8
117000001	35.7
117100001	34
117200001	34.4
117300001	34.5
117400001	34.7
117500001	36.8
117600001	38.5
117700001	42.7
117800001	44.3
117900001	43.2
118000001	40.1
118100001	36.6
118200001	40.5
118300001	42.6
118400001	48.6
118500001	46.5
118600001	39.6
118700001	38.8
118800001	42.5
118900001	48
119000001	39.4
119100001	43.4
119200001	48.2
119300001	45.8
119400001	45.5
119500001	43.2
119600001	42
119700001	37.6
119800001	38.2
119900001	39.2
120000001	40.1
120100001	38.8
120200001	41.7
120300001	44.7
120400001	40.8
120500001	46.8
120600001	43.5
120700001	46.7
120800001	44.9
120900001	46.8
121000001	51.1
121100001	51.6
121200001	49.5
121300001	43.2
121400001	46.7
121500001	40.2
121600001	41.5
121700001	42.1
121800001	41.8
121900001	40.7
122000001	40.3
122100001	42.1
122200001	42.9
122300001	42.3
122400001	39.7
122500001	42.4
122600001	41.2
122700001	42.7
122800001	43.1
122900001	42
123000001	41.5
123100001	43.7
123200001	45.2
123300001	47.1
123400001	44.5
123500001	38.1
123600001	41
123700001	45.5
123800001	48.6
123900001	49.5
124000001	45.8
124100001	39.6
124200001	47.9
124300001	49.5
124400001	43.8
124500001	42.9
124600001	39
124700001	40.7
124800001	47.1
124900001	42.3
125000001	43.3
125100001	46.2
125200001	45.7
125300001	46.3
125400001	47.5
125500001	43.6
125600001	47.5
125700001	48.3
125800001	50.3
125900001	49.1
126000001	48.8
126100001	49.1
126200001	55.6
126300001	53
126400001	44.6
126500001	45.4
126600001	44.6
126700001	49.2
126800001	48.4
126900001	43
127000001	40.9
127100001	42.1
127200001	43.5
127300001	42.9
127400001	43.6
127500001	41.8
127600001	41.6
127700001	43.5
127800001	43.7
127900001	43.3
128000001	42
128100001	42.8
128200001	42.7
128300001	44.5
128400001	40.9
128500001	45.7
128600001	45.1
128700001	44.9
128800001	44.2
128900001	42.6
129000001	45.9
129100001	45.8
129200001	42.1
129300001	38.4
129400001	42.1
129500001	45.9
129600001	46.1
129700001	48.9
129800001	43.8
129900001	46
130000001	42.9
130100001	47.8
130200001	44.2
130300001	42
130400001	44.4
130500001	43.5
130600001	46.4
130700001	44.3
130800001	42.2
130900001	40.3
131000001	43.9
131100001	44.8
131200001	46.5
131300001	44.7
131400001	47.7
131500001	47.2
131600001	48.5
131700001	46.8
131800001	46.6
131900001	45.9
132000001	47.2
132100001	47
132200001	44.3
132300001	45.1
132400001	50.3
132500001	45.8
132600001	45.8
132700001	49.6
132800001	49.7
132900001	47.6
133000001	47.6
133100001	46.6
133200001	46.4
133300001	50.1
133400001	50.3
133500001	49.7
133600001	48.8
133700001	50.9
133800001	57.9
133900001	54.6
134000001	56.3
134100001	55.7
134200001	52.8
134300001	53.9
134400001	58.2
134500001	55.6
134600001	55.8
134700001	59.9
134800001	57.9
134900001	58.6
135000001	53.5
135100001	47.1
135200001	44.7
