variableStep chrom=chr10 span=100000
1	41.2
100001	43.3
200001	37
300001	47.1
400001	46.8
500001	48.8
600001	50.3
700001	47.5
800001	47.3
900001	43.5
1000001	46.7
1100001	45.3
1200001	50.2
1300001	47.1
1400001	47.4
1500001	47.9
1600001	47.8
1700001	46.1
1800001	41.4
1900001	40
2000001	39.7
2100001	40
2200001	39.6
2300001	39.4
2400001	39.8
2500001	40
2600001	38.9
2700001	40
2800001	41
2900001	44.7
3000001	44.1
3100001	50.2
3200001	45.8
3300001	45.5
3400001	44.4
3500001	43.6
3600001	40.8
3700001	43
3800001	43.3
3900001	43.2
4000001	41.1
4100001	40.4
4200001	40
4300001	39.4
4400001	36.4
4500001	37.9
4600001	37.1
4700001	37.2
4800001	40.9
4900001	39.4
5000001	40.6
5100001	38.5
5200001	39.3
5300001	42.1
5400001	40
5500001	50.5
5600001	51
5700001	40.6
5800001	44.1
5900001	46.8
6000001	44.7
6100001	46.4
6200001	50.4
6300001	43.8
6400001	43.1
6500001	42.5
6600001	42
6700001	42
6800001	40.5
6900001	40.8
7000001	41.1
7100001	41.9
7200001	43.5
7300001	43
7400001	44.2
7500001	44.4
7600001	43.7
7700001	43.3
7800001	41.1
7900001	39
8000001	44.4
8100001	45.2
8200001	41.3
8300001	40.3
8400001	41.6
8500001	40.1
8600001	38.6
8700001	37.3
8800001	35.7
8900001	35.9
9000001	35.7
9100001	36
9200001	36.5
9300001	37.5
9400001	36.3
9500001	35.9
9600001	35.2
9700001	35.2
9800001	37
9900001	37
10000001	37.1
10100001	37.4
10200001	35.9
10300001	38.3
10400001	38.9
10500001	39.7
10600001	40.3
10700001	39.6
10800001	40.9
10900001	41
11000001	40.9
11100001	40.9
11200001	43.8
11300001	45.2
11400001	48.2
11500001	38.3
11600001	39.9
11700001	47.3
11800001	46.9
11900001	46.7
12000001	41.2
12100001	45.5
12200001	43.6
12300001	46.8
12400001	45.6
12500001	46.6
12600001	45
12700001	43.2
12800001	47.6
12900001	44.2
13000001	43.4
13100001	42.8
13200001	44.6
13300001	46.6
13400001	45.3
13500001	42.9
13600001	41.2
13700001	46.6
13800001	45.3
13900001	43.9
14000001	44.1
14100001	43.1
14200001	42.6
14300001	41.6
14400001	42.4
14500001	43
14600001	43.4
14700001	43.1
14800001	41.9
14900001	41.8
15000001	44.5
15100001	43.7
15200001	45.3
15300001	44.8
15400001	42.9
15500001	42.2
15600001	39.6
15700001	40.1
15800001	36.6
15900001	37.7
16000001	37.6
16100001	37.3
16200001	38.8
16300001	40.2
16400001	42.5
16500001	41.2
16600001	41.7
16700001	39.9
16800001	42.1
16900001	38.8
17000001	40.8
17100001	37.7
17200001	39.5
17300001	39.8
17400001	41.6
17500001	41.1
17600001	41.3
17700001	38.8
17800001	40.3
17900001	39.2
18000001	41.5
18100001	39.1
18200001	40.1
18300001	39.7
18400001	39.4
18500001	40.6
18600001	40
18700001	41.7
18800001	40.3
18900001	39.6
19000001	38.7
19100001	36.7
19200001	37.9
19300001	36.5
19400001	36.4
19500001	35
19600001	34.2
19700001	36.1
19800001	36.3
19900001	37.5
20000001	36.6
20100001	38.7
20200001	38.5
20300001	36.8
20400001	35.9
20500001	37.9
20600001	38.9
20700001	37.6
20800001	38.7
20900001	38.9
21000001	38.5
21100001	37
21200001	39
21300001	40.9
21400001	41
21500001	43.6
21600001	44.3
21700001	45
21800001	41.9
21900001	38.4
22000001	40.6
22100001	38.8
22200001	35.7
22300001	39
22400001	39.9
22500001	39.4
22600001	39
22700001	41.9
22800001	42.7
22900001	40.6
23000001	39.8
23100001	40.7
23200001	38.4
23300001	40.7
23400001	43.7
23500001	39.4
23600001	42.2
23700001	41.7
23800001	40.1
23900001	39.1
24000001	38.2
24100001	38.3
24200001	39.8
24300001	38.8
24400001	41.2
24500001	42.6
24600001	41.7
24700001	42.2
24800001	41.8
24900001	39.2
25000001	42.7
25100001	41.8
25200001	40
25300001	40.4
25400001	40.6
25500001	36.5
25600001	35.9
25700001	37.2
25800001	37.3
25900001	40.6
26000001	40
26100001	39.3
26200001	37.4
26300001	37.4
26400001	38.4
26500001	43.3
26600001	40.3
26700001	41.1
26800001	41.3
26900001	41.1
27000001	39.4
27100001	40.8
27200001	41.2
27300001	38.4
27400001	40.1
27500001	41.4
27600001	39
27700001	39.3
27800001	37.9
27900001	40.5
28000001	39.7
28100001	38.9
28200001	38.2
28300001	37.7
28400001	37.4
28500001	40
28600001	42.2
28700001	42.6
28800001	38.6
28900001	44.2
29000001	43.2
29100001	42.3
29200001	41.5
29300001	42.2
29400001	42.1
29500001	41.7
29600001	43.5
29700001	43.2
29800001	43.3
29900001	43.3
30000001	43.3
30100001	43.9
30200001	44.6
30300001	44.5
30400001	43.6
30500001	40.4
30600001	43.3
30700001	43.4
30800001	44.1
30900001	43.6
31000001	47.3
31100001	41.2
31200001	38.2
31300001	41.4
31400001	42.7
31500001	37.5
31600001	36.4
31700001	35.8
31800001	40.7
31900001	43.1
32000001	42.7
32100001	36.4
32200001	42.5
32300001	40.5
32400001	44.7
32500001	41.3
32600001	39.7
32700001	37.9
32800001	37.3
32900001	37.6
33000001	37.6
33100001	36.3
33200001	39.7
33300001	42.7
33400001	43
33500001	40.9
33600001	41.3
33700001	40.4
33800001	40.5
33900001	41.2
34000001	42.4
34100001	41.2
34200001	40.7
34300001	44.7
34400001	40.5
34500001	39.7
34600001	36.9
34700001	38.4
34800001	39.3
34900001	41.8
35000001	42.9
35100001	45
35200001	45.9
35300001	40.7
35400001	39.7
35500001	43.6
35600001	43.4
35700001	42.9
35800001	44.5
35900001	43.2
36000001	41.2
36100001	41.1
36200001	40.2
36300001	39
36400001	37.1
36500001	36.6
36600001	38.9
36700001	38.8
36800001	38.1
36900001	39
37000001	39.9
37100001	39.2
37200001	37.9
37300001	38.2
37400001	35.9
37500001	38.2
37600001	37.5
37700001	41.1
37800001	39.1
37900001	42.8
38000001	41.8
38100001	40
38200001	42.3
38300001	40.4
38400001	39.3
38500001	39.2
38600001	39.7
38700001	42
38800001	40.9
38900001	37.9
39000001	40.2
39100001	38.2
39200001	0
39300001	0
39400001	0
39500001	0
39600001	0
39700001	0
39800001	0
39900001	0
40000001	0
40100001	0
40200001	0
40300001	0
40400001	0
40500001	0
40600001	0
40700001	0
40800001	0
40900001	0
41000001	0
41100001	0
41200001	0
41300001	0
41400001	0
41500001	0
41600001	0
41700001	0
41800001	0
41900001	0
42000001	0
42100001	0
42200001	0
42300001	39
42400001	36.8
42500001	37.5
42600001	39.1
42700001	40
42800001	38.7
42900001	40.6
43000001	40.8
43100001	40.3
43200001	43.1
43300001	46.1
43400001	48.1
43500001	51.2
43600001	46.2
43700001	52.5
43800001	49.6
43900001	46.5
44000001	42.4
44100001	44.5
44200001	42.3
44300001	44.4
44400001	44.3
44500001	43.1
44600001	41.3
44700001	42.4
44800001	48.1
44900001	42.8
45000001	42.1
45100001	38.2
45200001	40.8
45300001	46
45400001	49.5
45500001	39.2
45600001	39.1
45700001	41.2
45800001	42.2
45900001	45.1
46000001	39.9
46100001	39.6
46200001	42.7
46300001	41.4
46400001	40.6
46500001	43
46600001	40.8
46700001	42.9
46800001	37.5
46900001	45.2
47000001	46.3
47100001	46.6
47200001	41.7
47300001	37.9
47400001	38.6
47500001	39.7
47600001	49.1
47700001	48.5
47800001	0
47900001	42
48000001	36.6
48100001	39.8
48200001	47.6
48300001	47.6
48400001	49.1
48500001	44.5
48600001	45.9
48700001	40.4
48800001	42
48900001	42.7
49000001	37.4
49100001	0
49200001	41.6
49300001	41.5
49400001	43.4
49500001	39
49600001	44
49700001	48
49800001	44
49900001	45.4
50000001	43.9
50100001	47.2
50200001	44.8
50300001	46.3
50400001	43.4
50500001	47.8
50600001	43.1
50700001	41.2
50800001	48.5
50900001	46.4
51000001	38
51100001	39.3
51200001	41.5
51300001	38.8
51400001	43.5
51500001	43.9
51600001	38.5
51700001	42.8
51800001	42.6
51900001	39
52000001	39.4
52100001	38.9
52200001	38.7
52300001	41.1
52400001	43.4
52500001	38
52600001	36.3
52700001	37.8
52800001	36.8
52900001	35.7
53000001	36.9
53100001	37.8
53200001	35.5
53300001	36
53400001	37.3
53500001	36.2
53600001	35.9
53700001	37.5
53800001	35.9
53900001	36.5
54000001	36.1
54100001	38
54200001	36.5
54300001	35.6
54400001	37.1
54500001	39.5
54600001	38.4
54700001	38
54800001	36.2
54900001	34.9
55000001	35.4
55100001	35.9
55200001	36.1
55300001	35.1
55400001	35.7
55500001	34.9
55600001	34.9
55700001	36.1
55800001	36.4
55900001	35.6
56000001	35.1
56100001	34
56200001	34.4
56300001	34.2
56400001	33.9
56500001	34.2
56600001	35.1
56700001	34.9
56800001	34.7
56900001	33.9
57000001	35.4
57100001	33.7
57200001	33.3
57300001	34.5
57400001	34.3
57500001	33.9
57600001	35.2
57700001	34
57800001	35.1
57900001	34.5
58000001	33.9
58100001	35.1
58200001	35.7
58300001	35.6
58400001	35.2
58500001	34.4
58600001	34.6
58700001	36.7
58800001	35.1
58900001	34.8
59000001	34.4
59100001	35
59200001	35.1
59300001	34.9
59400001	36
59500001	37.1
59600001	36.3
59700001	36.9
59800001	39
59900001	38.2
60000001	39.2
60100001	37.6
60200001	37.9
60300001	38
60400001	38.7
60500001	37.7
60600001	39.6
60700001	39.9
60800001	38
60900001	34.9
61000001	39.7
61100001	37.3
61200001	38.2
61300001	40.4
61400001	39.9
61500001	40.9
61600001	40.7
61700001	39.7
61800001	37.7
61900001	38.4
62000001	38.4
62100001	38.3
62200001	37.1
62300001	36.4
62400001	37.9
62500001	38.3
62600001	40.5
62700001	38.7
62800001	38.3
62900001	37
63000001	37.3
63100001	36.1
63200001	37.1
63300001	37.2
63400001	35.2
63500001	38.8
63600001	41.1
63700001	39.6
63800001	40.3
63900001	37.1
64000001	36.9
64100001	39
64200001	39.1
64300001	41.2
64400001	41.5
64500001	42.2
64600001	41.4
64700001	40.5
64800001	42.5
64900001	38.2
65000001	39.2
65100001	37.9
65200001	38.2
65300001	38.8
65400001	40.8
65500001	39.7
65600001	40.7
65700001	40.7
65800001	40
65900001	37.3
66000001	36.7
66100001	36.2
66200001	36.8
66300001	35.7
66400001	35.3
66500001	36.3
66600001	34.9
66700001	34.5
66800001	35.3
66900001	34
67000001	35.2
67100001	35.9
67200001	35.4
67300001	35.3
67400001	34
67500001	35.8
67600001	36.5
67700001	35.9
67800001	35.7
67900001	34.8
68000001	36.4
68100001	35.8
68200001	35.2
68300001	35.7
68400001	36.5
68500001	36
68600001	36.8
68700001	35.7
68800001	35
68900001	36.2
69000001	37
69100001	36.6
69200001	37.2
69300001	37.5
69400001	38.1
69500001	40.8
69600001	42.2
69700001	38.1
69800001	38.2
69900001	41.8
70000001	42.8
70100001	41.7
70200001	43.7
70300001	44.2
70400001	41.5
70500001	43.8
70600001	42.8
70700001	42.1
70800001	44.7
70900001	42.7
71000001	47.1
71100001	48.8
71200001	48.4
71300001	46.1
71400001	49.8
71500001	49.7
71600001	52.1
71700001	42.6
71800001	46.6
71900001	42.8
72000001	48.6
72100001	47
72200001	51.7
72300001	48.1
72400001	51
72500001	46.8
72600001	47.7
72700001	49.6
72800001	47.9
72900001	48.7
73000001	53.4
73100001	49.1
73200001	51.6
73300001	51.5
73400001	54.7
73500001	52.6
73600001	47.8
73700001	49.7
73800001	47.3
73900001	41.9
74000001	51.6
74100001	44.4
74200001	38.5
74300001	40.8
74400001	41.2
74500001	38.1
74600001	40.2
74700001	39.9
74800001	39.5
74900001	39.8
75000001	40
75100001	41.3
75200001	40.7
75300001	42.5
75400001	45.3
75500001	50.1
75600001	49.7
75700001	43.7
75800001	40.9
75900001	40.3
76000001	36.5
76100001	36.6
76200001	35.8
76300001	37
76400001	39.7
76500001	45
76600001	40.8
76700001	40.7
76800001	47
76900001	45.1
77000001	44.9
77100001	49.4
77200001	43
77300001	40.6
77400001	41.1
77500001	41.5
77600001	42.1
77700001	43.6
77800001	42.9
77900001	41
78000001	39.8
78100001	39.1
78200001	37
78300001	38.3
78400001	38.8
78500001	38.8
78600001	39.5
78700001	42.4
78800001	41.9
78900001	42.1
79000001	44
79100001	45.7
79200001	46.9
79300001	47.2
79400001	43.9
79500001	47.6
79600001	49.5
79700001	45.2
79800001	45.7
79900001	47.9
80000001	47.5
80100001	48
80200001	45.6
80300001	46.5
80400001	45
80500001	47.8
80600001	48.3
80700001	51.4
80800001	54.1
80900001	55.1
81000001	54.8
81100001	51
81200001	46.7
81300001	42.8
81400001	39.7
81500001	37.8
81600001	43.4
81700001	43.1
81800001	43.2
81900001	48.3
82000001	44.1
82100001	44.1
82200001	50
82300001	45
82400001	43.9
82500001	39.8
82600001	38.4
82700001	37.9
82800001	36.8
82900001	34.7
83000001	35.2
83100001	33.9
83200001	36.4
83300001	35.9
83400001	37.5
83500001	37
83600001	39
83700001	37.3
83800001	37.4
83900001	36.7
84000001	38.1
84100001	37.2
84200001	38
84300001	36.3
84400001	38.3
84500001	37.3
84600001	37.3
84700001	37.3
84800001	37.4
84900001	37.2
85000001	36.2
85100001	35.8
85200001	36.2
85300001	37.7
85400001	37
85500001	38.9
85600001	40.8
85700001	42.7
85800001	41.8
85900001	46.1
86000001	43.8
86100001	38
86200001	37.9
86300001	43.8
86400001	41.2
86500001	39.4
86600001	39.5
86700001	38.8
86800001	37.7
86900001	40.5
87000001	38
87100001	38.5
87200001	38.8
87300001	40.5
87400001	40.8
87500001	39.5
87600001	42.1
87700001	43.3
87800001	47.4
87900001	50.2
88000001	49.4
88100001	47.8
88200001	41.7
88300001	44.6
88400001	52.9
88500001	40.5
88600001	40.8
88700001	47.8
88800001	42
88900001	43.1
89000001	37.7
89100001	42.9
89200001	38.6
89300001	39.9
89400001	40.5
89500001	36.6
89600001	37.2
89700001	37.7
89800001	41.4
89900001	39.6
90000001	38.8
90100001	36.5
90200001	36.8
90300001	36
90400001	36.4
90500001	37.5
90600001	38.6
90700001	39.3
90800001	36.9
90900001	38.9
91000001	41.4
91100001	41.2
91200001	40.2
91300001	39.4
91400001	38.1
91500001	38.3
91600001	39
91700001	37.5
91800001	38.5
91900001	37.6
92000001	37.3
92100001	37.4
92200001	36.4
92300001	38
92400001	37.4
92500001	40.5
92600001	39.8
92700001	41.4
92800001	40.6
92900001	40.3
93000001	39.6
93100001	38.7
93200001	37.5
93300001	42.8
93400001	39.9
93500001	38.6
93600001	39.4
93700001	37.4
93800001	41.5
93900001	40.1
94000001	41.2
94100001	44.5
94200001	40.6
94300001	41.8
94400001	43.2
94500001	42
94600001	37
94700001	37.3
94800001	45.3
94900001	42.9
95000001	44.8
95100001	43.4
95200001	42.8
95300001	45.3
95400001	38
95500001	41.8
95600001	41.2
95700001	40.9
95800001	41.4
95900001	41.3
96000001	40.7
96100001	40.3
96200001	38
96300001	39.7
96400001	39.2
96500001	39.4
96600001	37.4
96700001	38
96800001	37.7
96900001	40.3
97000001	44.3
97100001	44.6
97200001	43.6
97300001	44.5
97400001	41.1
97500001	40.6
97600001	39.8
97700001	37.9
97800001	38.5
97900001	40.5
98000001	42
98100001	45.1
98200001	43.9
98300001	41.5
98400001	44.4
98500001	42.9
98600001	39.2
98700001	44.4
98800001	50.6
98900001	47.6
99000001	45.8
99100001	49.7
99200001	48
99300001	48.2
99400001	47.3
99500001	50
99600001	50.7
99700001	45.8
99800001	44.5
99900001	37.6
100000001	47.8
100100001	48.4
100200001	41.8
100300001	40.2
100400001	37.8
100500001	37
100600001	37.6
100700001	37.6
100800001	37.7
100900001	38.9
101000001	40.7
101100001	43.4
101200001	43.8
101300001	44.3
101400001	40.7
101500001	42.4
101600001	44.5
101700001	43.4
101800001	43.9
101900001	39.5
102000001	44.9
102100001	44.6
102200001	44.4
102300001	46.6
102400001	50.6
102500001	50.7
102600001	44.3
102700001	50.9
102800001	51.8
102900001	49.9
103000001	49.2
103100001	40
103200001	38.2
103300001	49
103400001	43.7
103500001	48.8
103600001	42.9
103700001	42.1
103800001	49.6
103900001	47.4
104000001	42.6
104100001	52.1
104200001	48.9
104300001	48.2
104400001	49.3
104500001	47.4
104600001	43.4
104700001	41.6
104800001	42.4
104900001	42.4
105000001	44.6
105100001	44.9
105200001	50.1
105300001	53.5
105400001	52.8
105500001	49.6
105600001	44.5
105700001	38.8
105800001	42.3
105900001	39.8
106000001	45.9
106100001	40.3
106200001	43.2
106300001	42.6
106400001	42.8
106500001	42.4
106600001	41.5
106700001	39.7
106800001	40.1
106900001	39.6
107000001	38.9
107100001	38.3
107200001	37.1
107300001	38.1
107400001	39
107500001	38.3
107600001	37.4
107700001	37.8
107800001	35.8
107900001	36.4
108000001	37.4
108100001	36.8
108200001	37.1
108300001	40.8
108400001	39.8
108500001	40.1
108600001	40.3
108700001	40.7
108800001	38.6
108900001	39.1
109000001	36.8
109100001	37
109200001	38
109300001	36.7
109400001	36.8
109500001	36.3
109600001	37.1
109700001	37.6
109800001	37.5
109900001	36.4
110000001	36.5
110100001	37.5
110200001	37.9
110300001	37.3
110400001	37.2
110500001	37.4
110600001	36.7
110700001	37.5
110800001	39.1
110900001	38.5
111000001	38.9
111100001	38.4
111200001	39
111300001	39.6
111400001	40.3
111500001	40.1
111600001	44.1
111700001	41
111800001	38
111900001	45
112000001	39
112100001	48
112200001	46.7
112300001	40.3
112400001	42.8
112500001	45.3
112600001	39.3
112700001	35.2
112800001	44.6
112900001	40.4
113000001	40.4
113100001	39.4
113200001	40.8
113300001	39.8
113400001	38.6
113500001	39.1
113600001	39.7
113700001	41.1
113800001	43.4
113900001	41.4
114000001	43.1
114100001	43.7
114200001	36.9
114300001	38
114400001	39.5
114500001	44.5
114600001	44.7
114700001	45.4
114800001	43.8
114900001	42.9
115000001	44.3
115100001	44
115200001	43.8
115300001	45.9
115400001	42.3
115500001	40.7
115600001	37.1
115700001	43.1
115800001	42.2
115900001	39.4
116000001	49.2
116100001	45.9
116200001	42.3
116300001	43.1
116400001	40.9
116500001	41.1
116600001	40.3
116700001	39.6
116800001	38.9
116900001	34.1
117000001	35.4
117100001	34.2
117200001	34.4
117300001	34.5
117400001	34.7
117500001	36.7
117600001	38.3
117700001	42.2
117800001	44.6
117900001	43.1
118000001	40.6
118100001	36.4
118200001	40.2
118300001	42.6
118400001	47.2
118500001	47.7
118600001	40.2
118700001	38.9
118800001	41.6
118900001	47.5
119000001	40.3
119100001	42.6
119200001	47.6
119300001	47.4
119400001	44.5
119500001	43.9
119600001	41.7
119700001	38
119800001	38.1
119900001	38.7
120000001	40.4
120100001	38.5
120200001	41.5
120300001	44.9
120400001	40.9
120500001	46.2
120600001	43.6
120700001	46.7
120800001	44.7
120900001	47.2
121000001	50.2
121100001	51.2
121200001	50.4
121300001	43.5
121400001	46.8
121500001	40.8
121600001	41.4
121700001	41.9
121800001	41.7
121900001	40.9
122000001	40.2
122100001	42.1
122200001	42.9
122300001	42
122400001	40
122500001	42.1
122600001	40.6
122700001	43.7
122800001	42.9
122900001	42
123000001	41.6
123100001	43.5
123200001	45.3
123300001	46.5
123400001	45.7
123500001	38.1
123600001	40.6
123700001	45
123800001	48.1
123900001	49.6
124000001	46.1
124100001	40.3
124200001	47.5
124300001	48.7
124400001	44.8
124500001	42.9
124600001	39.7
124700001	40.5
124800001	45.3
124900001	43.6
125000001	43.1
125100001	45.6
125200001	46.9
125300001	45.4
125400001	47.2
125500001	44.6
125600001	46.7
125700001	48.4
125800001	49.8
125900001	49.6
126000001	48.7
126100001	48.8
126200001	54.7
126300001	54.2
126400001	45.1
126500001	45.1
126600001	44
126700001	49.6
126800001	48.6
126900001	44
127000001	40.1
127100001	42.1
127200001	43.9
127300001	42.6
127400001	43.8
127500001	41.9
127600001	41.4
127700001	43.8
127800001	43.4
127900001	43.3
128000001	42.2
128100001	42.5
128200001	43
128300001	44.2
128400001	41.7
128500001	44.4
128600001	0
128700001	44.4
128800001	45.2
128900001	44.2
129000001	42.3
129100001	45.8
129200001	46.5
129300001	41.7
129400001	38.7
129500001	41.8
129600001	45
129700001	46.5
129800001	49.1
129900001	43.5
130000001	46
130100001	43.6
130200001	47.6
130300001	44.2
130400001	42
130500001	44.2
130600001	43.9
130700001	46.5
130800001	43.6
130900001	42.9
131000001	40.6
131100001	43.1
131200001	44.7
131300001	46.7
131400001	43.8
131500001	48
131600001	47.4
131700001	48.5
131800001	46.7
131900001	46.4
132000001	46.6
132100001	47
132200001	47.2
132300001	44.2
132400001	44.4
132500001	50.3
132600001	46.2
132700001	46
132800001	49.2
132900001	49.6
133000001	48.7
133100001	46.2
133200001	47.9
133300001	47.3
133400001	47.2
133500001	50.7
133600001	50.2
133700001	49.1
133800001	48.7
133900001	54.5
134000001	58.3
134100001	51.6
134200001	59.4
134300001	53.4
134400001	52.2
134500001	57
134600001	56.2
134700001	55.4
134800001	58.6
134900001	57.6
135000001	61.1
135100001	56.3
135200001	50.6
135300001	44.9
135400001	49.5
