variableStep chrom=chr1 span=100000
1	42.5
100001	43.6
200001	39.1
300001	40.2
400001	45.4
500001	44.7
600001	41.9
700001	44.1
800001	56.6
900001	62.1
1000001	60.3
1100001	61.4
1200001	63.5
1300001	56.2
1400001	57.7
1500001	56.4
1600001	54.5
1700001	47.2
1800001	55.3
1900001	56.3
2000001	56.2
2100001	58
2200001	59.6
2300001	59.9
2400001	63.5
2500001	56.9
2600001	59.6
2700001	57.2
2800001	57.4
2900001	54.6
3000001	58.3
3100001	56.8
3200001	57
3300001	58.3
3400001	61.9
3500001	57.1
3600001	58.7
3700001	50.1
3800001	52.6
3900001	0
4000001	49.7
4100001	50.5
4200001	47.2
4300001	46.3
4400001	47.7
4500001	47.8
4600001	48
4700001	52.8
4800001	47.6
4900001	44.7
5000001	44.5
5100001	41
5200001	43.1
5300001	47
5400001	48.1
5500001	49.1
5600001	43.9
5700001	49.6
5800001	51.3
5900001	51.8
6000001	52.3
6100001	55.8
6200001	54.5
6300001	56.5
6400001	53.5
6500001	57.1
6600001	53.4
6700001	46.6
6800001	43.5
6900001	44.4
7000001	48
7100001	48.5
7200001	45.4
7300001	43.8
7400001	49.8
7500001	54
7600001	52.3
7700001	52.1
7800001	41.1
7900001	44.7
8000001	44.9
8100001	43.7
8200001	47.7
8300001	47.8
8400001	47.3
8500001	42.3
8600001	39.6
8700001	40.6
8800001	42.2
8900001	48.3
9000001	49.5
9100001	48
9200001	50.2
9300001	53
9400001	52.6
9500001	49.4
9600001	50.9
9700001	51.3
9800001	47.3
9900001	49.8
10000001	47
10100001	43.7
10200001	44.8
10300001	40.9
10400001	46.2
10500001	46.2
10600001	46.2
10700001	58.3
10800001	53.4
10900001	51.6
11000001	49
11100001	48.4
11200001	43.7
11300001	49.5
11400001	49.5
11500001	52.8
11600001	50.2
11700001	53.8
11800001	51.8
11900001	51.3
12000001	52.3
12100001	50.5
12200001	52.5
12300001	41.7
12400001	41.2
12500001	44.9
12600001	51.6
12700001	44.3
12800001	44.8
12900001	45.5
13000001	45.6
13100001	45.8
13200001	0
13300001	46.1
13400001	46.2
13500001	47
13600001	46.1
13700001	47.4
13800001	47.6
13900001	45
14000001	40.8
14100001	45.4
14200001	44.2
14300001	42.2
14400001	43.1
14500001	41.1
14600001	42.2
14700001	43.2
14800001	43.4
14900001	45.7
15000001	47.2
15100001	48.4
15200001	50.4
15300001	51.9
15400001	49.5
15500001	46.4
15600001	48
15700001	51
15800001	46
15900001	44.9
16000001	53.5
16100001	47.7
16200001	45.5
16300001	55.5
16400001	54.4
16500001	50.9
16600001	44.8
16700001	49
16800001	47.4
16900001	47.6
17000001	50.2
17100001	45.3
17200001	51.6
17300001	50.4
17400001	49.9
17500001	51
17600001	49
17700001	50.9
17800001	50.8
17900001	54.9
18000001	51.9
18100001	48.2
18200001	48.4
18300001	48.3
18400001	50.4
18500001	49
18600001	49.8
18700001	47.7
18800001	47.4
18900001	50.5
19000001	50.5
19100001	50.9
19200001	53.3
19300001	48.9
19400001	44.7
19500001	45.6
19600001	51.5
19700001	47.7
19800001	46
19900001	48
20000001	49.6
20100001	44.8
20200001	44.9
20300001	42.2
20400001	49.7
20500001	46
20600001	50.3
20700001	48.4
20800001	49
20900001	49
21000001	49.2
21100001	41.7
21200001	37.8
21300001	38.9
21400001	40.1
21500001	49.6
21600001	51.3
21700001	45.8
21800001	49.9
21900001	56.3
22000001	41.5
22100001	52.7
22200001	53.6
22300001	47.9
22400001	49.2
22500001	51.7
22600001	48.6
22700001	45.2
22800001	48.1
22900001	53
23000001	51
23100001	51.8
23200001	49.6
23300001	41.6
23400001	43
23500001	47.6
23600001	41.1
23700001	49
23800001	50
23900001	48.4
24000001	46.6
24100001	47.7
24200001	45.4
24300001	46.4
24400001	50.7
24500001	46.9
24600001	48.6
24700001	43.7
24800001	44.9
24900001	44
25000001	47.1
25100001	43.3
25200001	52.3
25300001	52.1
25400001	46.4
25500001	46.8
25600001	45.4
25700001	44.2
25800001	49
25900001	47.5
26000001	49.6
26100001	49.8
26200001	47.4
26300001	50.2
26400001	47
26500001	47.9
26600001	53.1
26700001	46.5
26800001	50.2
26900001	45.4
27000001	45.5
27100001	50.3
27200001	49.1
27300001	51.3
27400001	50.2
27500001	45.1
27600001	51.7
27700001	47.3
27800001	52.4
27900001	52.7
28000001	44.2
28100001	45
28200001	48.4
28300001	39.5
28400001	45
28500001	46.4
28600001	46.2
28700001	42.2
28800001	47.6
28900001	47.9
29000001	44.7
29100001	49.5
29200001	44.7
29300001	39.6
29400001	46
29500001	49.2
29600001	50.7
29700001	48
29800001	48.4
29900001	0
30000001	46.1
30100001	49
30200001	46.7
30300001	48
30400001	46.8
30500001	50.2
30600001	45.7
30700001	48.4
30800001	49
30900001	47.5
31000001	44
31100001	51.8
31200001	52.3
31300001	51.2
31400001	40.3
31500001	44.8
31600001	49.6
31700001	44.3
31800001	46.8
31900001	44.6
32000001	48.4
32100001	54
32200001	52.7
32300001	43.1
32400001	46.2
32500001	46.3
32600001	48
32700001	48.8
32800001	49.3
32900001	45.3
33000001	43.9
33100001	47.5
33200001	48.5
33300001	48.6
33400001	46.5
33500001	46.8
33600001	46.4
33700001	50.3
33800001	44.4
33900001	44.9
34000001	44.9
34100001	44.6
34200001	45.1
34300001	45.3
34400001	46.4
34500001	44.2
34600001	46.9
34700001	41.7
34800001	43.6
34900001	43.3
35000001	43.5
35100001	45.2
35200001	48.1
35300001	48.9
35400001	40.8
35500001	42.4
35600001	43.3
35700001	40.7
35800001	38.5
35900001	41.7
36000001	46.1
36100001	46.3
36200001	42.7
36300001	44
36400001	38.3
36500001	48.2
36600001	50
36700001	46.3
36800001	50.1
36900001	48.6
37000001	48.6
37100001	48.1
37200001	49.2
37300001	48
37400001	50.8
37500001	49.4
37600001	41.6
37700001	49.2
37800001	47.2
37900001	48.1
38000001	46.3
38100001	50.2
38200001	47
38300001	45.4
38400001	48.7
38500001	51.1
38600001	47
38700001	45.4
38800001	41.7
38900001	43.7
39000001	45.4
39100001	44
39200001	46
39300001	43.3
39400001	45.6
39500001	46.3
39600001	42.8
39700001	41
39800001	42.1
39900001	47.5
40000001	47.8
40100001	48
40200001	49.8
40300001	45.4
40400001	46.3
40500001	42.8
40600001	40.3
40700001	44.8
40800001	42.4
40900001	41.9
41000001	43.4
41100001	46
41200001	50.3
41300001	48.3
41400001	46.7
41500001	39.9
41600001	38.2
41700001	45.5
41800001	52.7
41900001	53.5
42000001	47.8
42100001	49.6
42200001	46.9
42300001	44
42400001	41
42500001	40.3
42600001	43.4
42700001	38.1
42800001	43.3
42900001	40.1
43000001	39.5
43100001	42.4
43200001	46.8
43300001	44.3
43400001	49
43500001	44.6
43600001	43.4
43700001	49.2
43800001	48.5
43900001	47.1
44000001	54.8
44100001	46.2
44200001	41.5
44300001	47.6
44400001	54.8
44500001	44.4
44600001	43.3
44700001	48.5
44800001	44.5
44900001	43.8
45000001	49.6
45100001	49.1
45200001	51.2
45300001	44.2
45400001	44.1
45500001	41.4
45600001	39.8
45700001	44.7
45800001	43.2
45900001	44.4
46000001	45.9
46100001	41.6
46200001	43.4
46300001	39.3
46400001	42.5
46500001	41
46600001	47.9
46700001	47.5
46800001	49.1
46900001	53.3
47000001	49
47100001	41.4
47200001	43.3
47300001	40.3
47400001	42.3
47500001	38.7
47600001	48.1
47700001	42.3
47800001	45.1
47900001	48
48000001	47.4
48100001	47.7
48200001	50.3
48300001	47.9
48400001	45.9
48500001	44
48600001	42.4
48700001	39.5
48800001	36.5
48900001	40.8
49000001	43.6
49100001	45.2
49200001	42.4
49300001	39.6
49400001	39.9
49500001	38.9
49600001	38.2
49700001	37.8
49800001	37.6
49900001	36.7
50000001	38.9
50100001	35.7
50200001	36.5
50300001	37.7
50400001	37
50500001	39
50600001	41.8
50700001	45
50800001	44.8
50900001	38.7
51000001	37.6
51100001	39
51200001	37.7
51300001	37.6
51400001	39.5
51500001	39.3
51600001	41.5
51700001	46.6
51800001	40.4
51900001	38.4
52000001	42.8
52100001	39.6
52200001	37.7
52300001	42.3
52400001	44.6
52500001	42.4
52600001	41.9
52700001	39.8
52800001	44.5
52900001	37.9
53000001	44.3
53100001	45.4
53200001	41.3
53300001	44.8
53400001	40
53500001	51.1
53600001	44.7
53700001	51.3
53800001	47.3
53900001	51.5
54000001	49.7
54100001	49.9
54200001	41.6
54300001	43.5
54400001	45
54500001	43.7
54600001	49.9
54700001	51.5
54800001	49.7
54900001	49.1
55000001	50.9
55100001	46.9
55200001	49.4
55300001	46.1
55400001	48.5
55500001	43.5
55600001	38
55700001	43.6
55800001	42.5
55900001	41.6
56000001	41.5
56100001	40.1
56200001	39.9
56300001	38.9
56400001	39.2
56500001	39.2
56600001	38.9
56700001	40.4
56800001	41.7
56900001	43.8
57000001	40.8
57100001	36.7
57200001	39.9
57300001	41.9
57400001	42.2
57500001	41.5
57600001	40.5
57700001	41.3
57800001	40.5
57900001	39.1
58000001	41.5
58100001	39.5
58200001	39.6
58300001	40.7
58400001	41
58500001	42.4
58600001	41.2
58700001	41.7
58800001	42.2
58900001	39.5
59000001	42.5
59100001	38.8
59200001	43.4
59300001	43.1
59400001	43.4
59500001	41.5
59600001	42.1
59700001	39.8
59800001	40
59900001	40.4
60000001	40.3
60100001	41.2
60200001	38.7
60300001	37.2
60400001	40.2
60500001	37.7
60600001	37
60700001	37.3
60800001	38.1
60900001	37.2
61000001	37.7
61100001	39.5
61200001	39.7
61300001	40.3
61400001	42.7
61500001	39.9
61600001	38.9
61700001	38.3
61800001	39.5
61900001	41.3
62000001	40.8
62100001	40.9
62200001	40.9
62300001	39.2
62400001	39.4
62500001	41.5
62600001	45.5
62700001	46.9
62800001	43.9
62900001	37.3
63000001	34.8
63100001	39.6
63200001	38.3
63300001	37.9
63400001	42.1
63500001	39.7
63600001	38.5
63700001	42.1
63800001	39.5
63900001	36.6
64000001	39
64100001	43.7
64200001	42.2
64300001	40.9
64400001	40.6
64500001	40.8
64600001	40.4
64700001	40.6
64800001	41.2
64900001	41.1
65000001	39.3
65100001	40.7
65200001	37.5
65300001	43.3
65400001	41.8
65500001	43.2
65600001	42.8
65700001	40.5
65800001	39.7
65900001	38.8
66000001	36.7
66100001	38.9
66200001	36.8
66300001	36.6
66400001	36.8
66500001	36.3
66600001	38.2
66700001	39.3
66800001	39.9
66900001	38.4
67000001	38.1
67100001	37.7
67200001	36.3
67300001	37.2
67400001	36.9
67500001	38.8
67600001	40.2
67700001	39.8
67800001	41.5
67900001	43.2
68000001	44
68100001	41.3
68200001	41.5
68300001	39.5
68400001	39.7
68500001	40.5
68600001	41.1
68700001	41
68800001	39
68900001	36.8
69000001	36.3
69100001	36.6
69200001	37.9
69300001	38.5
69400001	37.5
69500001	38.3
69600001	36
69700001	37.1
69800001	37.3
69900001	36
70000001	35.4
70100001	35.1
70200001	35
70300001	36.4
70400001	35.1
70500001	35.6
70600001	36
70700001	37.1
70800001	40.6
70900001	39
71000001	38.1
71100001	36.9
71200001	38.4
71300001	37.8
71400001	37.4
71500001	37.6
71600001	38.1
71700001	35.8
71800001	36.3
71900001	36.2
72000001	36
72100001	35.3
72200001	35.9
72300001	35.4
72400001	34.2
72500001	33.5
72600001	33.5
72700001	34.9
72800001	35.1
72900001	35.2
73000001	34.2
73100001	35.9
73200001	35.2
73300001	35
73400001	35
73500001	35.5
73600001	36.4
73700001	33.6
73800001	34.4
73900001	34.6
74000001	36
74100001	35.5
74200001	35.2
74300001	35.7
74400001	36
74500001	34.5
74600001	33.5
74700001	35.5
74800001	36.9
74900001	37.8
75000001	36.9
75100001	38
75200001	36.8
75300001	37
75400001	37.1
75500001	37.5
75600001	37.7
75700001	36.7
75800001	38.2
75900001	36.9
76000001	37.4
76100001	38.8
76200001	39.7
76300001	35.9
76400001	38.4
76500001	40.7
76600001	40.1
76700001	38.8
76800001	37.3
76900001	37.9
77000001	37.8
77100001	38.2
77200001	38.5
77300001	38.9
77400001	40.1
77500001	37.7
77600001	36.5
77700001	37.9
77800001	38
77900001	41.3
78000001	38.1
78100001	39.1
78200001	40.2
78300001	39.6
78400001	36.9
78500001	39.9
78600001	39
78700001	38.6
78800001	37.1
78900001	37.8
79000001	35.8
79100001	37.1
79200001	35.8
79300001	36.5
79400001	34.9
79500001	35.2
79600001	35.6
79700001	35.2
79800001	35.9
79900001	36.6
80000001	35.1
80100001	36.2
80200001	34.2
80300001	37
80400001	35.3
80500001	35.2
80600001	35.9
80700001	35
80800001	34.8
80900001	34.7
81000001	34.3
81100001	35.2
81200001	34.9
81300001	34.7
81400001	36.6
81500001	35.4
81600001	36.2
81700001	37.2
81800001	37.3
81900001	38.2
82000001	38.2
82100001	38.5
82200001	36.3
82300001	34.3
82400001	35.1
82500001	37.8
82600001	37.2
82700001	37.2
82800001	36.9
82900001	36.3
83000001	36.1
83100001	34.6
83200001	36
83300001	36.4
83400001	37.4
83500001	36.8
83600001	36.8
83700001	36
83800001	36.8
83900001	37.2
84000001	38.9
84100001	40
84200001	38.8
84300001	35.9
84400001	37.2
84500001	36.9
84600001	33.8
84700001	38.7
84800001	39.8
84900001	38.2
85000001	39.8
85100001	38.7
85200001	41.6
85300001	41.7
85400001	40.2
85500001	39.5
85600001	38.2
85700001	42.4
85800001	37.8
85900001	39.7
86000001	41.9
86100001	37.3
86200001	37.2
86300001	36.1
86400001	36.1
86500001	35.8
86600001	38.8
86700001	37
86800001	37.8
86900001	39.5
87000001	38.6
87100001	36.5
87200001	41.1
87300001	39
87400001	37.5
87500001	38.4
87600001	42.7
87700001	41.5
87800001	39.7
87900001	39.7
88000001	38.7
88100001	39.1
88200001	37.8
88300001	36.5
88400001	38.3
88500001	37.4
88600001	38
88700001	36.9
88800001	37.1
88900001	37.4
89000001	38.3
89100001	37.3
89200001	36.3
89300001	40.6
89400001	39
89500001	38.8
89600001	38
89700001	39.2
89800001	39.9
89900001	39.5
90000001	39.8
90100001	38.4
90200001	42.7
90300001	39.9
90400001	39.6
90500001	38.3
90600001	39.8
90700001	39.2
90800001	37.9
90900001	36.7
91000001	38.1
91100001	40
91200001	40.3
91300001	39.5
91400001	37
91500001	41.5
91600001	42
91700001	38
91800001	37.2
91900001	38.9
92000001	42.8
92100001	41.8
92200001	42.7
92300001	43
92400001	40.7
92500001	39.2
92600001	37.9
92700001	37.9
92800001	40.2
92900001	41.9
93000001	37.6
93100001	37.4
93200001	41.1
93300001	39.3
93400001	41.1
93500001	39
93600001	36.9
93700001	38.5
93800001	39.3
93900001	38.6
94000001	43.1
94100001	45.1
94200001	43.9
94300001	40.2
94400001	43.6
94500001	46
94600001	37.1
94700001	41.2
94800001	40.7
94900001	37.1
95000001	43.7
95100001	42.8
95200001	41.2
95300001	43.8
95400001	41.1
95500001	41.4
95600001	38.7
95700001	37.7
95800001	39.6
95900001	38.6
96000001	37.6
96100001	38.7
96200001	37.4
96300001	35.6
96400001	35.6
96500001	37.4
96600001	37.5
96700001	36
96800001	37.4
96900001	38.9
97000001	38.5
97100001	37.4
97200001	35.3
97300001	37.4
97400001	38.2
97500001	36.6
97600001	36.3
97700001	35.5
97800001	36.2
97900001	35
98000001	34.9
98100001	33.4
98200001	34.2
98300001	34.9
98400001	34.1
98500001	36.7
98600001	35.6
98700001	35.9
98800001	36.7
98900001	36.3
99000001	35
99100001	37.3
99200001	37
99300001	36.6
99400001	37.7
99500001	37.4
99600001	37.1
99700001	36.1
99800001	36.9
99900001	38
100000001	37.7
100100001	37.9
100200001	39.8
100300001	37.3
100400001	38.5
100500001	38.1
100600001	37.8
100700001	39.8
100800001	39.2
100900001	38.1
101000001	39.2
101100001	38.5
101200001	36.9
101300001	37
101400001	37
101500001	36.9
101600001	38.3
101700001	41.8
101800001	39.1
101900001	38.2
102000001	36.8
102100001	35.7
102200001	34.8
102300001	35.1
102400001	35.1
102500001	36.4
102600001	34
102700001	34
102800001	33.8
102900001	35.2
103000001	35.2
103100001	34.9
103200001	35.4
103300001	35.5
103400001	32.5
103500001	34.5
103600001	33.6
103700001	35.4
103800001	35.4
103900001	35.7
104000001	35.2
104100001	35.8
104200001	36.1
104300001	33.8
104400001	34.8
104500001	34
104600001	35.7
104700001	35.8
104800001	35.2
104900001	35.3
105000001	35
105100001	35.9
105200001	34
105300001	35.8
105400001	35
105500001	32.9
105600001	35
105700001	34
105800001	33.8
105900001	34.1
106000001	34.2
106100001	33.9
106200001	33.7
106300001	35.1
106400001	36.1
106500001	34.5
106600001	34.3
106700001	35.5
106800001	35.1
106900001	35.2
107000001	35.5
107100001	36.6
107200001	35.4
107300001	35.5
107400001	36.5
107500001	37.3
107600001	37
107700001	37.4
107800001	36.9
107900001	37.3
108000001	40.7
108100001	37.3
108200001	37.3
108300001	37.7
108400001	38.1
108500001	41.1
108600001	39.7
108700001	40.4
108800001	37.8
108900001	39.5
109000001	40.8
109100001	40
109200001	41.8
109300001	39.3
109400001	39.8
109500001	42.6
109600001	45.1
109700001	47.7
109800001	48.4
109900001	41.3
110000001	48.7
110100001	44.4
110200001	46.5
110300001	48.9
110400001	47.7
110500001	43.4
110600001	50.9
110700001	51.7
110800001	43.8
110900001	44.4
111000001	49.3
111100001	45.3
111200001	41.1
111300001	38.3
111400001	38.1
111500001	38.1
111600001	38.1
111700001	42.6
111800001	39.6
111900001	41.9
112000001	41.1
112100001	40.7
112200001	42.8
112300001	45.6
112400001	47.1
112500001	47
112600001	42
112700001	41.6
112800001	44.5
112900001	41
113000001	42.8
113100001	39.4
113200001	47.7
113300001	47
113400001	43.6
113500001	43.6
113600001	43.2
113700001	42.8
113800001	39.6
113900001	37.7
114000001	37.1
114100001	37.2
114200001	38.5
114300001	38.2
114400001	41.8
114500001	43.6
114600001	47.7
114700001	43.9
114800001	42.5
114900001	37.8
115000001	41
115100001	39.6
115200001	39.2
115300001	39
115400001	35.1
115500001	37.4
115600001	43.4
115700001	40.7
115800001	44
115900001	40.5
116000001	43.9
116100001	41.6
116200001	44.1
116300001	40
116400001	40.3
116500001	39.4
116600001	40.5
116700001	43
116800001	41.5
116900001	43.3
117000001	43.6
117100001	45.7
117200001	44.9
117300001	42.8
117400001	44.3
117500001	42.4
117600001	41.8
117700001	42.9
117800001	40.8
117900001	37
118000001	36.2
118100001	47.2
118200001	42.5
118300001	40.2
118400001	36.7
118500001	37.6
118600001	37.8
118700001	38.9
118800001	38.7
118900001	36
119000001	37.1
119100001	37.2
119200001	36
119300001	38
119400001	39.8
119500001	43.5
119600001	38.6
119700001	40.8
119800001	41.4
119900001	41.8
120000001	42.5
120100001	44.1
120200001	44.1
120300001	41.2
120400001	40.9
120500001	39.2
120600001	40.7
120700001	41.1
120800001	42.3
120900001	42.2
121000001	0
121100001	39.3
121200001	38.4
121300001	39.5
121400001	42.7
121500001	0
121600001	0
121700001	0
121800001	0
121900001	0
122000001	0
122100001	0
122200001	0
122300001	0
122400001	0
122500001	0
122600001	0
122700001	0
122800001	0
122900001	0
123000001	0
123100001	0
123200001	0
123300001	0
123400001	0
123500001	0
123600001	0
123700001	0
123800001	0
123900001	0
124000001	0
124100001	0
124200001	0
124300001	0
124400001	0
124500001	0
124600001	0
124700001	0
124800001	0
124900001	0
125000001	0
125100001	0
125200001	0
125300001	0
125400001	0
125500001	0
125600001	0
125700001	0
125800001	0
125900001	0
126000001	0
126100001	0
126200001	0
126300001	0
126400001	0
126500001	0
126600001	0
126700001	0
126800001	0
126900001	0
127000001	0
127100001	0
127200001	0
127300001	0
127400001	0
127500001	0
127600001	0
127700001	0
127800001	0
127900001	0
128000001	0
128100001	0
128200001	0
128300001	0
128400001	0
128500001	0
128600001	0
128700001	0
128800001	0
128900001	0
129000001	0
129100001	0
129200001	0
129300001	0
129400001	0
129500001	0
129600001	0
129700001	0
129800001	0
129900001	0
130000001	0
130100001	0
130200001	0
130300001	0
130400001	0
130500001	0
130600001	0
130700001	0
130800001	0
130900001	0
131000001	0
131100001	0
131200001	0
131300001	0
131400001	0
131500001	0
131600001	0
131700001	0
131800001	0
131900001	0
132000001	0
132100001	0
132200001	0
132300001	0
132400001	0
132500001	0
132600001	0
132700001	0
132800001	0
132900001	0
133000001	0
133100001	0
133200001	0
133300001	0
133400001	0
133500001	0
133600001	0
133700001	0
133800001	0
133900001	0
134000001	0
134100001	0
134200001	0
134300001	0
134400001	0
134500001	0
134600001	0
134700001	0
134800001	0
134900001	0
135000001	0
135100001	0
135200001	0
135300001	0
135400001	0
135500001	0
135600001	0
135700001	0
135800001	0
135900001	0
136000001	0
136100001	0
136200001	0
136300001	0
136400001	0
136500001	0
136600001	0
136700001	0
136800001	0
136900001	0
137000001	0
137100001	0
137200001	0
137300001	0
137400001	0
137500001	0
137600001	0
137700001	0
137800001	0
137900001	0
138000001	0
138100001	0
138200001	0
138300001	0
138400001	0
138500001	0
138600001	0
138700001	0
138800001	0
138900001	0
139000001	0
139100001	0
139200001	0
139300001	0
139400001	0
139500001	0
139600001	0
139700001	0
139800001	0
139900001	0
140000001	0
140100001	0
140200001	0
140300001	0
140400001	0
140500001	0
140600001	0
140700001	0
140800001	0
140900001	0
141000001	0
141100001	0
141200001	0
141300001	0
141400001	0
141500001	0
141600001	0
141700001	0
141800001	0
141900001	0
142000001	0
142100001	0
142200001	0
142300001	0
142400001	0
142500001	38.1
142600001	43.2
142700001	37.5
142800001	39.5
142900001	37.1
143000001	0
143100001	43.5
143200001	40.8
143300001	36.7
143400001	43.6
143500001	36.5
143600001	44.7
143700001	39.6
143800001	40
143900001	42.2
144000001	41.6
144100001	44.2
144200001	43
144300001	38.7
144400001	43.2
144500001	41.1
144600001	41.3
144700001	0
144800001	43.2
144900001	39.8
145000001	40.2
145100001	40
145200001	40
145300001	44.3
145400001	45.1
145500001	47.4
145600001	42
145700001	42.7
145800001	38.5
145900001	42.9
146000001	44.4
146100001	39.5
146200001	44.5
146300001	41.4
146400001	43.6
146500001	42.3
146600001	38.6
146700001	40.9
146800001	38.7
146900001	40.4
147000001	42.1
147100001	42.6
147200001	42.9
147300001	41.9
147400001	41.4
147500001	43.6
147600001	42.2
147700001	43.2
147800001	43.9
147900001	38.7
148000001	44.1
148100001	0
148200001	41.7
148300001	43.7
148400001	0
148500001	42.5
148600001	36.9
148700001	40.2
148800001	37.1
148900001	45.4
149000001	40.6
149100001	44.6
149200001	44
149300001	41.2
149400001	41.8
149500001	38.2
149600001	43.6
149700001	41.5
149800001	47.7
149900001	43
150000001	38.6
150100001	44.2
150200001	46.5
150300001	42.7
150400001	45.3
150500001	48.9
150600001	40.2
150700001	41.8
150800001	42.4
150900001	47.5
151000001	45.9
151100001	48.4
151200001	48.3
151300001	45.6
151400001	44.4
151500001	45.9
151600001	43.5
151700001	46.6
151800001	45.5
151900001	42.3
152000001	42.7
152100001	42.4
152200001	39.6
152300001	39.7
152400001	42.8
152500001	41.5
152600001	41.1
152700001	40.9
152800001	41.4
152900001	41.9
153000001	37.8
153100001	41
153200001	43.4
153300001	45.6
153400001	46.6
153500001	49.7
153600001	48.7
153700001	49.3
153800001	43.6
153900001	49.6
154000001	42.3
154100001	44.7
154200001	45.5
154300001	48.6
154400001	47
154500001	47.8
154600001	42.9
154700001	48.5
154800001	49.3
154900001	53.7
155000001	53.6
155100001	52.2
155200001	52.6
155300001	42.6
155400001	40
155500001	45.2
155600001	44.6
155700001	44.2
155800001	44.7
155900001	49.8
156000001	52
156100001	49.8
156200001	49.8
156300001	50.3
156400001	50.4
156500001	49.7
156600001	53.5
156700001	48.9
156800001	54.9
156900001	45.1
157000001	45.5
157100001	45.8
157200001	42.3
157300001	42.8
157400001	43
157500001	40
157600001	38.6
157700001	39.5
157800001	39.9
157900001	45.9
158000001	48.6
158100001	40.9
158200001	39.3
158300001	37.9
158400001	36.2
158500001	36.2
158600001	36.7
158700001	38.3
158800001	36.5
158900001	38.5
159000001	39.4
159100001	43.6
159200001	37.8
159300001	36.2
159400001	38
159500001	39.4
159600001	37.9
159700001	43.8
159800001	49.4
159900001	45.2
160000001	49.9
160100001	47.2
160200001	42
160300001	47
160400001	39.6
160500001	40.5
160600001	42.4
160700001	43.4
160800001	43
160900001	46.1
161000001	48.6
161100001	49.4
161200001	45.5
161300001	43.7
161400001	50.9
161500001	44.1
161600001	43.5
161700001	38.6
161800001	36.3
161900001	45.1
162000001	41.5
162100001	42.6
162200001	41.9
162300001	44.2
162400001	40.4
162500001	40.6
162600001	40.8
162700001	39.6
162800001	40.4
162900001	38.8
163000001	37.4
163100001	38.3
163200001	37.8
163300001	37.6
163400001	38.3
163500001	37.9
163600001	37.1
163700001	37.3
163800001	37
163900001	37.5
164000001	35.7
164100001	37.8
164200001	36.8
164300001	37.5
164400001	40.3
164500001	41.7
164600001	42.3
164700001	41
164800001	41.7
164900001	39.6
165000001	40.7
165100001	42.4
165200001	43.2
165300001	44.3
165400001	41.9
165500001	41.9
165600001	41.6
165700001	40.4
165800001	43.8
165900001	41.8
166000001	44.5
166100001	42
166200001	40.8
166300001	40.6
166400001	37.4
166500001	37.2
166600001	37.5
166700001	38.8
166800001	42.9
166900001	40.2
167000001	44.3
167100001	42.2
167200001	37.9
167300001	38
167400001	46.6
167500001	43.9
167600001	46.2
167700001	41.7
167800001	40.8
167900001	36.5
168000001	41.1
168100001	42.3
168200001	42
168300001	41.8
168400001	40.7
168500001	39.5
168600001	40.2
168700001	39.3
168800001	38.5
168900001	39.8
169000001	41.6
169100001	37.3
169200001	35.9
169300001	36.7
169400001	37.8
169500001	39.3
169600001	40.1
169700001	38.9
169800001	39.2
169900001	33.5
170000001	36.7
170100001	38.9
170200001	38.1
170300001	37.5
170400001	36.9
170500001	38.3
170600001	39.6
170700001	38.3
170800001	36.5
170900001	37.7
171000001	37.6
171100001	38.4
171200001	40.7
171300001	41.6
171400001	40.3
171500001	39.9
171600001	41.5
171700001	41.6
171800001	38.5
171900001	37.3
172000001	38.4
172100001	35.9
172200001	37.4
172300001	37.2
172400001	40.3
172500001	37
172600001	40.7
172700001	38.4
172800001	37.8
172900001	38.4
173000001	38.1
173100001	39.3
173200001	37.7
173300001	42
173400001	40.2
173500001	39
173600001	39.5
173700001	38.8
173800001	42
173900001	39
174000001	40.5
174100001	38.9
174200001	36.9
174300001	36.9
174400001	36
174500001	38.1
174600001	37.4
174700001	39.7
174800001	39.6
174900001	39
175000001	44.5
175100001	44.1
175200001	40.6
175300001	43.4
175400001	43.6
175500001	43.3
175600001	44.7
175700001	43.7
175800001	43.9
175900001	37
176000001	36.4
176100001	37.2
176200001	37.7
176300001	39.1
176400001	39.7
176500001	40.4
176600001	37.5
176700001	39.7
176800001	42.7
176900001	42
177000001	41.1
177100001	40.5
177200001	41.8
177300001	41
177400001	38.6
177500001	38.2
177600001	39.7
177700001	42.2
177800001	41.6
177900001	42.4
178000001	40.8
178100001	36.8
178200001	37.4
178300001	36.6
178400001	42.9
178500001	44.5
178600001	40.5
178700001	37.9
178800001	35.6
178900001	45.6
179000001	44.6
179100001	40.9
179200001	41.7
179300001	39.4
179400001	39
179500001	40
179600001	38.2
179700001	46.9
179800001	39.5
179900001	37.7
180000001	38
180100001	49.2
180200001	44.4
180300001	36.5
180400001	39
180500001	42.3
180600001	37.8
180700001	36.2
180800001	42.5
180900001	45.7
181000001	46.8
181100001	46.8
181200001	42.6
181300001	44.9
181400001	43.8
181500001	42.3
181600001	42.8
181700001	43.6
181800001	40.1
181900001	39.8
182000001	43.5
182100001	41.2
182200001	43.5
182300001	43.6
182400001	40.9
182500001	42.8
182600001	43.6
182700001	41.6
182800001	38.6
182900001	40
183000001	40.1
183100001	42.1
183200001	45.4
183300001	42.7
183400001	38.3
183500001	42.7
183600001	39.8
183700001	39.6
183800001	40.7
183900001	40
184000001	39
184100001	41.4
184200001	39.7
184300001	40.2
184400001	39.6
184500001	41
184600001	38.9
184700001	39.9
184800001	39.3
184900001	39.9
185000001	38.7
185100001	37.4
185200001	37.9
185300001	39.5
185400001	38.6
185500001	38.3
185600001	38.4
185700001	36.8
185800001	35.5
185900001	35.9
186000001	34.9
186100001	38.4
186200001	37.9
186300001	35
186400001	36.3
186500001	37.7
186600001	37.9
186700001	36.6
186800001	36.6
186900001	35.7
187000001	36.3
187100001	35.6
187200001	34.6
187300001	35.9
187400001	35.9
187500001	37
187600001	36.1
187700001	36.3
187800001	35
187900001	34.4
188000001	34.9
188100001	33.9
188200001	34.1
188300001	34.9
188400001	33.3
188500001	33.5
188600001	34.3
188700001	35.7
188800001	33.7
188900001	34.1
189000001	32.9
189100001	35
189200001	34.2
189300001	34.2
189400001	33.7
189500001	33.1
189600001	34.6
189700001	34.4
189800001	33.7
189900001	34.1
190000001	33.3
190100001	33.8
190200001	32.8
190300001	33.5
190400001	33.2
190500001	34.1
190600001	33.5
190700001	33.4
190800001	35.3
190900001	33.5
191000001	33.9
191100001	34.1
191200001	34.5
191300001	33.9
191400001	34.3
191500001	34.5
191600001	34.9
191700001	34.3
191800001	35
191900001	33.5
192000001	34.9
192100001	34.4
192200001	34.7
192300001	33.9
192400001	37.2
192500001	36.6
192600001	36.9
192700001	37.2
192800001	38.9
192900001	37.6
193000001	37.7
193100001	35.4
193200001	36.9
193300001	37.7
193400001	37.3
193500001	36.5
193600001	36.2
193700001	35
193800001	36.4
193900001	35.7
194000001	35.8
194100001	34.3
194200001	34.4
194300001	35.3
194400001	34.5
194500001	34.4
194600001	33.2
194700001	34.4
194800001	34.1
194900001	33.9
195000001	34.3
195100001	33.9
195200001	33.3
195300001	33.8
195400001	34.2
195500001	34.1
195600001	34.3
195700001	34.3
195800001	34.1
195900001	35.6
196000001	34.7
196100001	36.4
196200001	33.5
196300001	33.7
196400001	34.1
196500001	34.4
196600001	35
196700001	35.4
196800001	35.6
196900001	36.4
197000001	35
197100001	35.8
197200001	35.5
197300001	37.1
197400001	36
197500001	34
197600001	33.9
197700001	38.3
197800001	39.8
197900001	37.6
198000001	37.5
198100001	37.4
198200001	34.8
198300001	36.6
198400001	35.9
198500001	36.4
198600001	34.8
198700001	35.8
198800001	34.5
198900001	35.3
199000001	35.5
199100001	36
199200001	36
199300001	35.7
199400001	36.2
199500001	36.9
199600001	36.5
199700001	36.8
199800001	40.1
199900001	42.6
200000001	41.2
200100001	41
200200001	41.5
200300001	41.2
200400001	41.7
200500001	39.6
200600001	40.5
200700001	39
200800001	45.2
200900001	51
201000001	51.5
201100001	50
201200001	49.1
201300001	52.4
201400001	48.5
201500001	48.6
201600001	49.7
201700001	45
201800001	45.9
201900001	47.2
202000001	49.9
202100001	53.7
202200001	48.4
202300001	39.8
202400001	38.7
202500001	44.6
202600001	49.1
202700001	42.5
202800001	45.5
202900001	43.4
203000001	49.9
203100001	50.3
203200001	46.3
203300001	44.9
203400001	49.3
203500001	48.1
203600001	46.4
203700001	44
203800001	42.1
203900001	42.9
204000001	49.9
204100001	49.9
204200001	48.6
204300001	46.3
204400001	47.8
204500001	46.5
204600001	48.2
204700001	44.6
204800001	45
204900001	50.8
205000001	47.2
205100001	43.9
205200001	51.1
205300001	45.5
205400001	52.6
205500001	46.6
205600001	46.8
205700001	45
205800001	43.8
205900001	0
206000001	41.1
206100001	42.4
206200001	44.3
206300001	43.8
206400001	0
206500001	41.9
206600001	48.9
206700001	46.6
206800001	45.8
206900001	45.6
207000001	44.2
207100001	45.9
207200001	41
207300001	38.2
207400001	38.8
207500001	37.7
207600001	38.5
207700001	39.4
207800001	40.2
207900001	42.2
208000001	45.3
208100001	43.1
208200001	48
208300001	47.5
208400001	44.6
208500001	41.2
208600001	40.5
208700001	41.5
208800001	39.9
208900001	40.2
209000001	39.6
209100001	39.3
209200001	40.7
209300001	41
209400001	40.6
209500001	42.1
209600001	42.9
209700001	46.1
209800001	44
209900001	44.1
210000001	41.9
210100001	36.9
210200001	36.9
210300001	38.4
210400001	44.3
210500001	42.4
210600001	41.6
210700001	42.3
210800001	44.4
210900001	42.4
211000001	40.2
211100001	39.1
211200001	40.4
211300001	41
211400001	39.3
211500001	42
211600001	45.5
211700001	45.9
211800001	45.6
211900001	39.4
212000001	43.1
212100001	38.7
212200001	39.8
212300001	44.2
212400001	42.3
212500001	42
212600001	48.2
212700001	42.9
212800001	45.3
212900001	40.4
213000001	42.8
213100001	44.1
213200001	38.5
213300001	38
213400001	39.5
213500001	44.8
213600001	39.8
213700001	42.7
213800001	41
213900001	41.9
214000001	41.1
214100001	41
214200001	40.7
214300001	40.5
214400001	41.2
214500001	42.5
214600001	40.4
214700001	41.6
214800001	39.3
214900001	38.2
215000001	38.2
215100001	37.9
215200001	36.6
215300001	36.2
215400001	37.2
215500001	37.1
215600001	36.5
215700001	36.5
215800001	39.8
215900001	36.1
216000001	36.2
216100001	36.2
216200001	35.3
216300001	36.4
216400001	35.5
216500001	35.4
216600001	36.7
216700001	36.7
216800001	36.8
216900001	37.8
217000001	38.4
217100001	38.5
217200001	40
217300001	38.6
217400001	38.1
217500001	39.3
217600001	36.7
217700001	36.1
217800001	37
217900001	34.9
218000001	37.6
218100001	38.9
218200001	37.1
218300001	36.5
218400001	38.6
218500001	41.6
218600001	39.3
218700001	39.2
218800001	38.5
218900001	38.2
219000001	37.4
219100001	36.4
219200001	36.1
219300001	35.4
219400001	37.7
219500001	38
219600001	37.9
219700001	39.8
219800001	38.7
219900001	40.1
220000001	39.2
220100001	38.8
220200001	40.7
220300001	37.8
220400001	39.7
220500001	41.5
220600001	40.8
220700001	37.2
220800001	40.9
220900001	43.8
221000001	42.2
221100001	39.2
221200001	38.1
221300001	38.2
221400001	38.2
221500001	38.6
221600001	38.2
221700001	37.7
221800001	38.5
221900001	40.7
222000001	41.4
222100001	40.4
222200001	41.5
222300001	38.8
222400001	39.7
222500001	40.5
222600001	46.6
222700001	39.7
222800001	38.4
222900001	39.8
223000001	36.9
223100001	39
223200001	46.6
223300001	45.4
223400001	43.8
223500001	43.1
223600001	46
223700001	49.5
223800001	45.7
223900001	45.4
224000001	42.8
224100001	40.9
224200001	41.9
224300001	43.7
224400001	42.3
224500001	41.3
224600001	42.4
224700001	42.1
224800001	46.1
224900001	44.1
225000001	42.4
225100001	36.9
225200001	36.9
225300001	37.3
225400001	37.3
225500001	38.4
225600001	45.2
225700001	38.3
225800001	42.6
225900001	45.8
226000001	51
226100001	47.1
226200001	45.9
226300001	46.1
226400001	41.2
226500001	46.2
226600001	46
226700001	48.6
226800001	49.5
226900001	45.8
227000001	46.4
227100001	47.7
227200001	35.3
227300001	36.3
227400001	37.4
227500001	41.9
227600001	45.3
227700001	41.4
227800001	41.2
227900001	50.3
228000001	47.4
228100001	52
228200001	53.7
228300001	51.4
228400001	51.3
228500001	55.5
228600001	48.7
228700001	54.2
228800001	42.3
228900001	44
229000001	44.9
229100001	45.1
229200001	46.5
229300001	44.5
229400001	42.3
229500001	46
229600001	42.6
229700001	43.3
229800001	41.4
229900001	43.8
230000001	41.6
230100001	43
230200001	47.7
230300001	44.1
230400001	48.9
230500001	45.6
230600001	41.8
230700001	41.8
230800001	45.6
230900001	45.4
231000001	42.2
231100001	43.4
231200001	43.9
231300001	45.9
231400001	43.4
231500001	39.9
231600001	38.6
231700001	41.8
231800001	42.2
231900001	42.5
232000001	43
232100001	41
232200001	40
232300001	42.5
232400001	43.2
232500001	42.9
232600001	40.5
232700001	41.6
232800001	41.8
232900001	39.9
233000001	43
233100001	43.9
233200001	40
233300001	39.3
233400001	40.1
233500001	39.9
233600001	40.6
233700001	41
233800001	40.1
233900001	38.7
234000001	40.7
234100001	40.2
234200001	41.7
234300001	44.1
234400001	42.7
234500001	40.4
234600001	45
234700001	43.6
234800001	45.2
234900001	45.7
235000001	47.1
235100001	46.2
235200001	45.7
235300001	40
235400001	39.9
235500001	44.6
235600001	41.9
235700001	46.9
235800001	40.7
235900001	36.2
236000001	42.4
236100001	45.1
236200001	46
236300001	42.9
236400001	40.6
236500001	44.6
236600001	44.4
236700001	39.8
236800001	42.3
236900001	41.7
237000001	41.5
237100001	43.5
237200001	43.6
237300001	39.8
237400001	38.2
237500001	36.4
237600001	37.5
237700001	38
237800001	36.8
237900001	38
238000001	41.7
238100001	38.6
238200001	38.8
238300001	37.8
238400001	38.6
238500001	37.5
238600001	35.8
238700001	36.7
238800001	34.1
238900001	36.4
239000001	36.1
239100001	35.4
239200001	37.3
239300001	36.5
239400001	37.4
239500001	38.5
239600001	37.8
239700001	37.7
239800001	37.9
239900001	39.6
240000001	40.1
240100001	41.1
240200001	42
240300001	40.1
240400001	37.8
240500001	37.7
240600001	40.6
240700001	40.8
240800001	42
240900001	39.6
241000001	38.2
241100001	38.4
241200001	39.6
241300001	39.9
241400001	39.6
241500001	40.5
241600001	38.3
241700001	38.3
241800001	39.4
241900001	38.6
242000001	41.7
242100001	45.8
242200001	41.6
242300001	40.8
242400001	40.1
242500001	39.5
242600001	41
242700001	40.1
242800001	39.9
242900001	38.9
243000001	42.2
243100001	42.4
243200001	43.1
243300001	35.8
243400001	39.2
243500001	37.2
243600001	42.8
243700001	36.3
243800001	35.8
243900001	37.5
244000001	40.8
244100001	42.8
244200001	42.4
244300001	44.3
244400001	43.8
244500001	42.3
244600001	39
244700001	39.9
244800001	42.8
244900001	45.7
245000001	42.8
245100001	41.6
245200001	43.5
245300001	45.4
245400001	44.6
245500001	44.7
245600001	43.3
245700001	45.4
245800001	44.8
245900001	42.5
246000001	41.6
246100001	42.6
246200001	39.3
246300001	40.2
246400001	38.3
246500001	39.5
246600001	44.5
246700001	41.8
246800001	43.5
246900001	45
247000001	39.1
247100001	42.7
247200001	45.7
247300001	40.5
247400001	44.6
247500001	46.2
247600001	41.8
247700001	38.4
247800001	37.1
247900001	36.8
248000001	41.8
248100001	36.7
248200001	37.2
248300001	37.9
248400001	36.4
248500001	37.9
248600001	38.3
248700001	37.2
248800001	40
248900001	0
249000001	42.2
249100001	46.8
