variableStep chrom=chr2 span=100000
1	43.6
100001	41
200001	42.2
300001	43.2
400001	45.9
500001	44.5
600001	45.7
700001	44.3
800001	46.1
900001	44.2
1000001	42.7
1100001	42.2
1200001	45.4
1300001	43.5
1400001	47.4
1500001	51.7
1600001	49.6
1700001	49.9
1800001	49.7
1900001	45.4
2000001	43.1
2100001	44
2200001	41.8
2300001	39.6
2400001	39
2500001	46.8
2600001	47
2700001	52.3
2800001	47.7
2900001	42.1
3000001	44.3
3100001	49.7
3200001	48.1
3300001	47.6
3400001	48.7
3500001	45.6
3600001	49.8
3700001	46.1
3800001	43.3
3900001	43.2
4000001	42.6
4100001	40.8
4200001	38.7
4300001	36.9
4400001	37.7
4500001	38.1
4600001	37.2
4700001	37.3
4800001	38.4
4900001	39.2
5000001	0
5100001	38.8
5200001	38
5300001	37.1
5400001	39.4
5500001	40
5600001	42.8
5700001	39.7
5800001	44
5900001	40.8
6000001	41.1
6100001	41.2
6200001	38.4
6300001	39.6
6400001	39.7
6500001	38.8
6600001	39.6
6700001	38.5
6800001	39.9
6900001	43.4
7000001	42.6
7100001	45.7
7200001	41.3
7300001	40.8
7400001	41.1
7500001	41
7600001	37.3
7700001	40
7800001	40.5
7900001	41.1
8000001	41.2
8100001	43.2
8200001	42.2
8300001	41.3
8400001	44.4
8500001	44.8
8600001	48.8
8700001	50
8800001	43.4
8900001	39.4
9000001	40.6
9100001	39.7
9200001	46.7
9300001	46.2
9400001	45.7
9500001	45.7
9600001	42.7
9700001	43.5
9800001	48
9900001	48.5
10000001	41
10100001	49
10200001	48.9
10300001	52.4
10400001	50.6
10500001	53.3
10600001	50.3
10700001	41.3
10800001	45.3
10900001	48.5
11000001	49.7
11100001	45.9
11200001	47.6
11300001	37.9
11400001	38.6
11500001	44.9
11600001	44.8
11700001	48.9
11800001	47.6
11900001	46.1
12000001	43.6
12100001	41.9
12200001	41.7
12300001	40
12400001	40.1
12500001	39.3
12600001	38.9
12700001	41.1
12800001	42.9
12900001	40.7
13000001	38.6
13100001	36.3
13200001	36.1
13300001	36
13400001	35.6
13500001	34.8
13600001	35.9
13700001	35.4
13800001	36.3
13900001	34.6
14000001	35.1
14100001	34.9
14200001	35.4
14300001	35.7
14400001	37.8
14500001	38.2
14600001	38.2
14700001	39.5
14800001	39.8
14900001	39
15000001	40.6
15100001	40.5
15200001	42.5
15300001	39.5
15400001	38.9
15500001	36.9
15600001	37.6
15700001	42.5
15800001	47
15900001	48.7
16000001	44.1
16100001	46.4
16200001	46.4
16300001	44.9
16400001	43.9
16500001	41.2
16600001	41.5
16700001	40.8
16800001	42
16900001	42.5
17000001	39
17100001	37.7
17200001	37.7
17300001	37.4
17400001	38.8
17500001	38.5
17600001	35.4
17700001	39.1
17800001	39.6
17900001	38.8
18000001	42.9
18100001	41.1
18200001	40.3
18300001	39.5
18400001	37.9
18500001	38
18600001	39.7
18700001	39.2
18800001	38.1
18900001	37.5
19000001	39.4
19100001	37.8
19200001	39.6
19300001	38.6
19400001	40.8
19500001	42.4
19600001	38.6
19700001	39.4
19800001	43
19900001	46
20000001	45.6
20100001	37.4
20200001	43.7
20300001	50
20400001	44.2
20500001	42
20600001	46.6
20700001	51.1
20800001	50.4
20900001	37.7
21000001	39.3
21100001	45.8
21200001	43
21300001	36.7
21400001	39.7
21500001	40.9
21600001	40.4
21700001	37.1
21800001	39.3
21900001	36.6
22000001	37.4
22100001	37.3
22200001	36.6
22300001	35.5
22400001	36.5
22500001	37.2
22600001	36.4
22700001	37.7
22800001	37.6
22900001	37.4
23000001	38.6
23100001	40.1
23200001	43.5
23300001	41.3
23400001	42.2
23500001	45.6
23600001	46.4
23700001	51.5
23800001	52.1
23900001	43.9
24000001	37
24100001	42.2
24200001	45.5
24300001	43.1
24400001	41.1
24500001	40.4
24600001	42.6
24700001	39.4
24800001	35.9
24900001	37.8
25000001	48.6
25100001	46.4
25200001	46.2
25300001	48.8
25400001	50.3
25500001	53.3
25600001	43.4
25700001	40.8
25800001	40.5
25900001	42.7
26000001	39.6
26100001	47.3
26200001	45.4
26300001	42.6
26400001	43.7
26500001	43.7
26600001	45.4
26700001	52
26800001	48.7
26900001	51.7
27000001	45.8
27100001	46.6
27200001	48.2
27300001	51.1
27400001	49.6
27500001	48.6
27600001	46.8
27700001	44.7
27800001	41.4
27900001	44.7
28000001	40.8
28100001	37.7
28200001	37
28300001	38.9
28400001	40.8
28500001	47.5
28600001	50
28700001	45.3
28800001	48.1
28900001	43.7
29000001	40.1
29100001	41.6
29200001	50.6
29300001	39.1
29400001	46
29500001	45.9
29600001	42.1
29700001	42.7
29800001	41.7
29900001	42.9
30000001	42.9
30100001	42.3
30200001	41.7
30300001	43
30400001	46.6
30500001	46.6
30600001	41.6
30700001	36.9
30800001	39.8
30900001	47.1
31000001	41.3
31100001	47.4
31200001	46.6
31300001	43.9
31400001	46.2
31500001	43.4
31600001	41.4
31700001	39.3
31800001	38.2
31900001	39.9
32000001	38.9
32100001	37.2
32200001	43.2
32300001	39.7
32400001	41.3
32500001	42.9
32600001	37.7
32700001	36.5
32800001	40.1
32900001	39.3
33000001	41.1
33100001	42.1
33200001	41.4
33300001	40.3
33400001	39.2
33500001	39.4
33600001	41
33700001	41
33800001	40
33900001	40.1
34000001	40.6
34100001	39.7
34200001	38.5
34300001	37.9
34400001	37.7
34500001	36.5
34600001	37.4
34700001	38.3
34800001	36.3
34900001	36.8
35000001	36.9
35100001	34.8
35200001	34.8
35300001	34.8
35400001	34.6
35500001	35.6
35600001	36
35700001	35.9
35800001	35.8
35900001	34.6
36000001	38.2
36100001	36.7
36200001	36.7
36300001	39.2
36400001	37.2
36500001	40.1
36600001	40.2
36700001	39.4
36800001	40.4
36900001	41.4
37000001	41.1
37100001	38.8
37200001	38.4
37300001	40.7
37400001	39.2
37500001	38.7
37600001	40
37700001	38.7
37800001	42.1
37900001	40.3
38000001	43
38100001	40.6
38200001	38.6
38300001	43.4
38400001	41.3
38500001	39.7
38600001	45.7
38700001	43.2
38800001	41.6
38900001	44.8
39000001	42.3
39100001	41.4
39200001	36.2
39300001	41.7
39400001	39.5
39500001	36.4
39600001	38.9
39700001	41.2
39800001	41.6
39900001	39
40000001	38.8
40100001	39
40200001	39.3
40300001	38.7
40400001	38.4
40500001	37.5
40600001	37.8
40700001	36
40800001	33.8
40900001	35.8
41000001	34.7
41100001	34.4
41200001	35
41300001	34.9
41400001	35.5
41500001	36.4
41600001	37.1
41700001	37.9
41800001	37.1
41900001	40.8
42000001	40.5
42100001	45.3
42200001	47.9
42300001	44.4
42400001	38
42500001	40.5
42600001	41.9
42700001	46.2
42800001	42
42900001	43.2
43000001	46.7
43100001	49.5
43200001	49.6
43300001	50.8
43400001	50.3
43500001	42.8
43600001	39.2
43700001	37
43800001	39.8
43900001	39.1
44000001	42.1
44100001	38.2
44200001	43.3
44300001	42.9
44400001	39.1
44500001	39.9
44600001	36.2
44700001	37.3
44800001	38.3
44900001	39.6
45000001	43.3
45100001	48.9
45200001	47.7
45300001	42.9
45400001	43.4
45500001	44.9
45600001	36.6
45700001	36.2
45800001	41.3
45900001	44.6
46000001	45.1
46100001	44.5
46200001	43.6
46300001	44.3
46400001	43.1
46500001	46
46600001	43.1
46700001	45.4
46800001	39.5
46900001	38.2
47000001	46.5
47100001	46.5
47200001	53
47300001	44
47400001	45.8
47500001	46
47600001	42.8
47700001	47.2
47800001	45.7
47900001	44.9
48000001	41.1
48100001	39.9
48200001	39.1
48300001	40.1
48400001	41.2
48500001	38.1
48600001	40.5
48700001	43.5
48800001	39.1
48900001	40.3
49000001	40.8
49100001	41.6
49200001	39.3
49300001	38.4
49400001	38.6
49500001	37.8
49600001	36.1
49700001	36.6
49800001	37.3
49900001	36.1
50000001	37.5
50100001	36
50200001	36
50300001	35.2
50400001	34.5
50500001	36.7
50600001	36.1
50700001	36.5
50800001	35.9
50900001	36.2
51000001	36.4
51100001	34.4
51200001	34.7
51300001	36.7
51400001	36.1
51500001	35.1
51600001	35.8
51700001	34.6
51800001	35
51900001	33.4
52000001	35.7
52100001	35.7
52200001	36.3
52300001	33.9
52400001	34.3
52500001	36.4
52600001	36.8
52700001	36.4
52800001	37.4
52900001	36.5
53000001	35.7
53100001	36.5
53200001	35.8
53300001	35.7
53400001	37.8
53500001	36.6
53600001	38.6
53700001	40.3
53800001	40.2
53900001	38.2
54000001	40.2
54100001	38.3
54200001	42
54300001	40.4
54400001	38.8
54500001	38.7
54600001	41.4
54700001	42.3
54800001	43.3
54900001	41
55000001	39.8
55100001	42.2
55200001	37.5
55300001	43.3
55400001	40
55500001	36.6
55600001	39.8
55700001	39.7
55800001	39.1
55900001	40.5
56000001	39.6
56100001	38.1
56200001	38.1
56300001	40.4
56400001	40.2
56500001	37.8
56600001	37.3
56700001	36.3
56800001	36.9
56900001	35.4
57000001	35.6
57100001	34.9
57200001	36.4
57300001	35.5
57400001	36.6
57500001	34.2
57600001	35.3
57700001	36.1
57800001	35
57900001	36.4
58000001	34.8
58100001	35.4
58200001	35.5
58300001	35.4
58400001	35.4
58500001	37.4
58600001	37.3
58700001	37.4
58800001	36.6
58900001	37
59000001	37.6
59100001	38.8
59200001	37.9
59300001	38.7
59400001	38.4
59500001	36.5
59600001	36.9
59700001	37.7
59800001	37.2
59900001	37.7
60000001	40
60100001	40.5
60200001	40.3
60300001	41.4
60400001	40.5
60500001	43.4
60600001	44.6
60700001	44.5
60800001	43.2
60900001	43.8
61000001	43.6
61100001	38.6
61200001	40.5
61300001	41.3
61400001	39.3
61500001	36.7
61600001	42
61700001	42.6
61800001	43.5
61900001	42.3
62000001	42.7
62100001	42
62200001	39.6
62300001	41.8
62400001	45
62500001	45.2
62600001	44.6
62700001	40.4
62800001	40
62900001	38.2
63000001	36.7
63100001	36
63200001	38.7
63300001	37.1
63400001	36.4
63500001	38.2
63600001	37
63700001	37.2
63800001	38.8
63900001	38.9
64000001	38.5
64100001	36.4
64200001	40.1
64300001	38.3
64400001	41.4
64500001	44.1
64600001	42.9
64700001	40.9
64800001	43.5
64900001	39.8
65000001	45.1
65100001	45.7
65200001	45.6
65300001	43.4
65400001	40.7
65500001	44.1
65600001	44.2
65700001	44.8
65800001	43.5
65900001	40.8
66000001	40.8
66100001	41
66200001	40.2
66300001	39.7
66400001	40.4
66500001	39.6
66600001	39.3
66700001	38.5
66800001	39.9
66900001	37.5
67000001	39.1
67100001	37.3
67200001	37.3
67300001	35.9
67400001	38.3
67500001	37.8
67600001	36.6
67700001	39.5
67800001	38.8
67900001	40.8
68000001	40.8
68100001	41.6
68200001	38.9
68300001	40.6
68400001	37.4
68500001	39.7
68600001	40.6
68700001	36
68800001	40.2
68900001	40.9
69000001	42.6
69100001	40.4
69200001	39.3
69300001	42.2
69400001	42.5
69500001	41.5
69600001	42.2
69700001	41.7
69800001	42.3
69900001	42.1
70000001	40.5
70100001	43.5
70200001	45.3
70300001	46.7
70400001	43.3
70500001	44.2
70600001	43.7
70700001	42.8
70800001	42.4
70900001	45.2
71000001	45
71100001	47.9
71200001	47.4
71300001	44.4
71400001	41.6
71500001	39
71600001	40.7
71700001	50.3
71800001	48.7
71900001	46.5
72000001	47.7
72100001	45.5
72200001	42.3
72300001	49
72400001	40.1
72500001	36.7
72600001	36.9
72700001	35.2
72800001	36.9
72900001	37.2
73000001	39.6
73100001	51.2
73200001	47.3
73300001	48.7
73400001	49.8
73500001	43.1
73600001	38.7
73700001	38.5
73800001	41
73900001	44
74000001	42.3
74100001	43.8
74200001	46.9
74300001	45.8
74400001	46.3
74500001	45.2
74600001	49
74700001	51.4
74800001	40.7
74900001	42.9
75000001	45.4
75100001	43.6
75200001	41.7
75300001	39.7
75400001	39.3
75500001	38.7
75600001	38.8
75700001	41.9
75800001	39.9
75900001	38.4
76000001	39.2
76100001	36.9
76200001	35.1
76300001	36.7
76400001	35.4
76500001	37.4
76600001	36.5
76700001	35.4
76800001	36.1
76900001	37.2
77000001	35.4
77100001	34.4
77200001	34.9
77300001	35.6
77400001	35.4
77500001	34.1
77600001	34.8
77700001	34.5
77800001	35.6
77900001	35.2
78000001	35.8
78100001	35.1
78200001	34.8
78300001	36.2
78400001	33.2
78500001	33.8
78600001	34.3
78700001	35.3
78800001	34.5
78900001	36.5
79000001	36.9
79100001	37
79200001	40.1
79300001	40.4
79400001	39.4
79500001	38.6
79600001	37.6
79700001	36.9
79800001	36.9
79900001	37.3
80000001	38
80100001	38.7
80200001	39.7
80300001	40.4
80400001	40.2
80500001	40.1
80600001	39.6
80700001	39.2
80800001	36.8
80900001	37.2
81000001	36.8
81100001	36.4
81200001	35.9
81300001	35.3
81400001	35.9
81500001	34.5
81600001	35.7
81700001	35.4
81800001	36.9
81900001	36
82000001	35.5
82100001	35.6
82200001	35.8
82300001	35.8
82400001	34.6
82500001	34.6
82600001	34.7
82700001	35.1
82800001	34.8
82900001	34.3
83000001	35.7
83100001	35.4
83200001	36.1
83300001	35.6
83400001	36.8
83500001	34.5
83600001	35
83700001	35.1
83800001	34.7
83900001	36
84000001	36.8
84100001	37.3
84200001	37.5
84300001	37.8
84400001	39.6
84500001	40.6
84600001	39.7
84700001	37.7
84800001	37.8
84900001	39.3
85000001	43.6
85100001	46.1
85200001	41.8
85300001	44.4
85400001	46.3
85500001	48.3
85600001	49.9
85700001	46
85800001	49.4
85900001	49.3
86000001	46.2
86100001	45.3
86200001	47.7
86300001	42.4
86400001	44.3
86500001	45
86600001	39.3
86700001	40.7
86800001	39.3
86900001	40.3
87000001	45.6
87100001	40.7
87200001	39.2
87300001	38.5
87400001	43.5
87500001	43.3
87600001	53.8
87700001	48.1
87800001	44.5
87900001	45.7
88000001	38.9
88100001	36.7
88200001	37.4
88300001	43.2
88400001	44.7
88500001	43.9
88600001	42.4
88700001	44.1
88800001	41.8
88900001	42.1
89000001	39.8
89100001	40.7
89200001	39.8
89300001	40.5
89400001	39.2
89500001	41.7
89600001	41.3
89700001	0
89800001	38.8
89900001	41.9
90000001	39.4
90100001	40.9
90200001	41.8
90300001	39.2
90400001	42.7
90500001	45.5
90600001	0
90700001	0
90800001	0
90900001	0
91000001	0
91100001	0
91200001	0
91300001	0
91400001	0
91500001	0
91600001	39.9
91700001	45.4
91800001	43.8
91900001	43.7
92000001	40.6
92100001	40.3
92200001	38.9
92300001	38.6
92400001	0
92500001	0
92600001	0
92700001	0
92800001	0
92900001	0
93000001	0
93100001	0
93200001	0
93300001	0
93400001	0
93500001	0
93600001	0
93700001	0
93800001	0
93900001	0
94000001	0
94100001	0
94200001	0
94300001	0
94400001	0
94500001	0
94600001	0
94700001	0
94800001	0
94900001	0
95000001	0
95100001	0
95200001	0
95300001	35.4
95400001	41.5
95500001	42.8
95600001	46.1
95700001	45.7
95800001	44
95900001	52.5
96000001	50.1
96100001	38.8
96200001	37.6
96300001	45.6
96400001	46
96500001	36.5
96600001	41
96700001	51.7
96800001	48.1
96900001	48.6
97000001	45.4
97100001	47
97200001	46.5
97300001	48.8
97400001	50.1
97500001	54.4
97600001	46.1
97700001	41.7
97800001	36.2
97900001	40.6
98000001	41.1
98100001	37.4
98200001	46.3
98300001	48.8
98400001	39.3
98500001	37.6
98600001	42.3
98700001	42.9
98800001	40.4
98900001	44
99000001	44.9
99100001	47.1
99200001	40.3
99300001	43.4
99400001	44.8
99500001	44.3
99600001	37.2
99700001	39.2
99800001	40.8
99900001	40.5
100000001	39.1
100100001	44
100200001	44
100300001	41.1
100400001	40.4
100500001	40.8
100600001	40.6
100700001	42.3
100800001	46
100900001	40.7
101000001	43.5
101100001	44
101200001	45.7
101300001	42.9
101400001	45.3
101500001	46.3
101600001	45.1
101700001	44.6
101800001	43.2
101900001	43.2
102000001	45.2
102100001	42.5
102200001	43.6
102300001	42.8
102400001	40
102500001	42.5
102600001	44.1
102700001	41.3
102800001	42.4
102900001	39.2
103000001	39.2
103100001	39.5
103200001	40
103300001	39.3
103400001	39.9
103500001	39.1
103600001	37.1
103700001	37.4
103800001	37.6
103900001	35.8
104000001	36.8
104100001	35.1
104200001	35.1
104300001	36.2
104400001	37
104500001	34.2
104600001	35.6
104700001	35.9
104800001	36.1
104900001	39.1
105000001	39.4
105100001	40.2
105200001	39.8
105300001	42
105400001	45.2
105500001	41.8
105600001	37.9
105700001	42.9
105800001	45.7
105900001	42.9
106000001	43.3
106100001	43.8
106200001	43.4
106300001	43.6
106400001	44
106500001	44.6
106600001	43.3
106700001	44.4
106800001	43.4
106900001	41.7
107000001	40.4
107100001	46.1
107200001	39.8
107300001	39.8
107400001	41.2
107500001	39.4
107600001	39
107700001	38.8
107800001	38.8
107900001	38.1
108000001	37.2
108100001	38.8
108200001	37.4
108300001	38.1
108400001	40.3
108500001	37.4
108600001	38.6
108700001	37.8
108800001	39.2
108900001	42.3
109000001	40
109100001	40.3
109200001	41.8
109300001	40.4
109400001	37.5
109500001	47.8
109600001	46.2
109700001	46.2
109800001	47.7
109900001	47.8
110000001	50.7
110100001	0
110200001	51.6
110300001	41.6
110400001	45.7
110500001	40.9
110600001	40.9
110700001	47.4
110800001	45.7
110900001	39.8
111000001	47.7
111100001	45.2
111200001	40.3
111300001	41.2
111400001	41.6
111500001	43.7
111600001	42.8
111700001	42.1
111800001	42.6
111900001	43.9
112000001	45.4
112100001	44.4
112200001	45.1
112300001	43.5
112400001	46.1
112500001	39.8
112600001	42.8
112700001	42.9
112800001	41.2
112900001	43.5
113000001	38.1
113100001	41.3
113200001	42.4
113300001	44.9
113400001	46
113500001	42.2
113600001	43.3
113700001	41
113800001	44.5
113900001	49.5
114000001	47.4
114100001	42.1
114200001	39.8
114300001	46
114400001	40.2
114500001	42.1
114600001	39.2
114700001	41.1
114800001	40.4
114900001	39.2
115000001	38.2
115100001	38
115200001	37.9
115300001	38.1
115400001	38.2
115500001	38
115600001	37.1
115700001	36.4
115800001	37.3
115900001	37.1
116000001	35.7
116100001	36.7
116200001	34.9
116300001	36
116400001	34.9
116500001	34.5
116600001	36.4
116700001	37.2
116800001	37
116900001	37.1
117000001	35.6
117100001	35.5
117200001	36.9
117300001	36.2
117400001	36.3
117500001	35.5
117600001	36.4
117700001	37
117800001	37.6
117900001	37.4
118000001	36.7
118100001	37.4
118200001	39.2
118300001	39.9
118400001	41
118500001	40.4
118600001	42.1
118700001	42
118800001	40
118900001	41.9
119000001	41.4
119100001	39.9
119200001	40.2
119300001	43.2
119400001	41.9
119500001	45.4
119600001	44.7
119700001	43.8
119800001	45.2
119900001	50.2
120000001	43.2
120100001	45.4
120200001	45.8
120300001	41.7
120400001	46.3
120500001	38.9
120600001	36.5
120700001	39
120800001	37.6
120900001	44.3
121000001	48.3
121100001	52.7
121200001	51
121300001	50.9
121400001	48.8
121500001	51.5
121600001	52
121700001	49.9
121800001	50.2
121900001	48.8
122000001	46.9
122100001	40.8
122200001	40.3
122300001	41.8
122400001	44.7
122500001	44
122600001	45.3
122700001	44.1
122800001	42.3
122900001	45
123000001	39
123100001	38.8
123200001	38
123300001	37.4
123400001	38.2
123500001	36.9
123600001	36.9
123700001	35.1
123800001	35.1
123900001	35.3
124000001	34.5
124100001	35.7
124200001	36.1
124300001	36.1
124400001	37
124500001	36.1
124600001	36.4
124700001	37.1
124800001	38.9
124900001	38.6
125000001	39.1
125100001	38.9
125200001	39.4
125300001	39.5
125400001	38.5
125500001	39
125600001	38.7
125700001	38.4
125800001	35
125900001	35.1
126000001	36.6
126100001	36.7
126200001	36.3
126300001	36.8
126400001	37.9
126500001	37.5
126600001	35.7
126700001	36.7
126800001	36.5
126900001	39.5
127000001	37.8
127100001	38.5
127200001	40.4
127300001	38
127400001	46.5
127500001	46.5
127600001	46
127700001	44.4
127800001	54.8
127900001	46
128000001	41.6
128100001	45.1
128200001	41.9
128300001	51.7
128400001	48.2
128500001	43
128600001	45.5
128700001	43.7
128800001	43
128900001	43.3
129000001	52.3
129100001	50.6
129200001	48.8
129300001	49.1
129400001	44.4
129500001	45.5
129600001	38.9
129700001	42.8
129800001	39.8
129900001	41
130000001	41.1
130100001	42.2
130200001	40.4
130300001	41.9
130400001	43.8
130500001	46.5
130600001	46.6
130700001	40.4
130800001	44
130900001	49.7
131000001	45.9
131100001	44.5
131200001	44.8
131300001	46.7
131400001	43.7
131500001	49.7
131600001	46.6
131700001	45.6
131800001	46.1
131900001	42
132000001	41.9
132100001	42.5
132200001	51
132300001	40.6
132400001	39.5
132500001	46.8
132600001	35.8
132700001	35.8
132800001	37.1
132900001	38.9
133000001	43.3
133100001	42.1
133200001	41.6
133300001	44.1
133400001	42.3
133500001	39.6
133600001	39.1
133700001	39.6
133800001	38.3
133900001	37.6
134000001	39.1
134100001	39.8
134200001	39.6
134300001	41
134400001	39.9
134500001	41
134600001	40.8
134700001	42.6
134800001	44
134900001	43.2
135000001	41
135100001	42.4
135200001	45.9
135300001	42.8
135400001	43.4
135500001	41.7
135600001	39.4
135700001	41.1
135800001	38
135900001	40.1
136000001	38.9
136100001	38.6
136200001	38.5
136300001	37
136400001	40
136500001	43.3
136600001	39.6
136700001	39.8
136800001	43.9
136900001	42.7
137000001	43.6
137100001	41.7
137200001	41.4
137300001	39.8
137400001	39
137500001	38.8
137600001	38.1
137700001	38.6
137800001	37.4
137900001	37.5
138000001	37.9
138100001	37.6
138200001	37
138300001	37.2
138400001	36.9
138500001	38.3
138600001	37.3
138700001	37.9
138800001	38.3
138900001	37.2
139000001	36.9
139100001	36.7
139200001	38.4
139300001	37.6
139400001	39.1
139500001	38.1
139600001	38.5
139700001	36.6
139800001	34.4
139900001	35.9
140000001	36
140100001	36.7
140200001	35.6
140300001	35.3
140400001	36.7
140500001	36
140600001	35.7
140700001	36.7
140800001	35.4
140900001	35.4
141000001	34
141100001	35.2
141200001	33.8
141300001	34.5
141400001	34.5
141500001	34.4
141600001	34.5
141700001	34.6
141800001	35
141900001	36
142000001	35.1
142100001	34.8
142200001	35.3
142300001	36
142400001	36
142500001	34.9
142600001	33.9
142700001	34.7
142800001	34.6
142900001	34
143000001	36.6
143100001	35.5
143200001	36.9
143300001	35.9
143400001	36.2
143500001	35.4
143600001	38.8
143700001	36.3
143800001	36.5
143900001	36.6
144000001	35.8
144100001	34.8
144200001	36.9
144300001	36.4
144400001	38.1
144500001	39.2
144600001	39.2
144700001	37
144800001	37
144900001	35.6
145000001	38.1
145100001	38.2
145200001	39.4
145300001	37.9
145400001	36.6
145500001	36.1
145600001	36.5
145700001	37.3
145800001	36.3
145900001	36.3
146000001	35.7
146100001	35.8
146200001	35
146300001	35.6
146400001	34.6
146500001	36.6
146600001	36.1
146700001	34.2
146800001	35.6
146900001	34.1
147000001	34.7
147100001	36
147200001	35.4
147300001	35.1
147400001	35.4
147500001	36.9
147600001	35.8
147700001	37.5
147800001	37.5
147900001	37.2
148000001	37.8
148100001	37.6
148200001	39.8
148300001	39.2
148400001	39.4
148500001	37.7
148600001	35.8
148700001	35.6
148800001	34.9
148900001	37
149000001	37.5
149100001	36.6
149200001	38.5
149300001	42.9
149400001	37.9
149500001	38.7
149600001	42.4
149700001	0
149800001	43.6
149900001	39.4
150000001	39.8
150100001	39.9
150200001	40.1
150300001	40.1
150400001	36.8
150500001	38.1
150600001	37.1
150700001	37.3
150800001	37.1
150900001	37.9
151000001	38.5
151100001	37.1
151200001	38.7
151300001	38.7
151400001	38.3
151500001	38.2
151600001	37.7
151700001	39.3
151800001	38.7
151900001	38.3
152000001	39.1
152100001	40.9
152200001	40.3
152300001	38
152400001	39.1
152500001	38.5
152600001	38.9
152700001	40.2
152800001	42.5
152900001	41.4
153000001	40.2
153100001	40.6
153200001	40.3
153300001	39.7
153400001	41.3
153500001	36.8
153600001	38.6
153700001	38.4
153800001	37.5
153900001	37.3
154000001	37.3
154100001	37.8
154200001	37.1
154300001	38.5
154400001	35.9
154500001	36.4
154600001	36.7
154700001	35.7
154800001	35.3
154900001	34.9
155000001	35.2
155100001	35.4
155200001	34.9
155300001	36.3
155400001	35.9
155500001	35.6
155600001	34.8
155700001	35.1
155800001	33.9
155900001	34.6
156000001	33.9
156100001	34.9
156200001	34.3
156300001	33.2
156400001	34.5
156500001	33.8
156600001	35.2
156700001	35.5
156800001	36.1
156900001	36
157000001	36.1
157100001	39.2
157200001	40.4
157300001	39
157400001	36.4
157500001	37.3
157600001	35.8
157700001	35.4
157800001	36.4
157900001	36.8
158000001	36.4
158100001	39
158200001	37.6
158300001	37.5
158400001	37.5
158500001	38
158600001	39.9
158700001	41.4
158800001	40.7
158900001	39.2
159000001	38.3
159100001	38.2
159200001	37.4
159300001	38.6
159400001	36.9
159500001	43.8
159600001	42.3
159700001	43.1
159800001	42.5
159900001	42.3
160000001	44.7
160100001	38.2
160200001	36.3
160300001	35.4
160400001	37.3
160500001	38.2
160600001	38.1
160700001	38.8
160800001	38.4
160900001	40.8
161000001	41
161100001	39.3
161200001	39.7
161300001	38.7
161400001	38.5
161500001	38
161600001	38
161700001	38.5
161800001	39.6
161900001	38
162000001	36.6
162100001	37.4
162200001	36.8
162300001	37.7
162400001	36.2
162500001	35.3
162600001	35.2
162700001	35.4
162800001	37.1
162900001	39.9
163000001	36.6
163100001	37.1
163200001	34.2
163300001	36.2
163400001	35.6
163500001	34.7
163600001	34.5
163700001	35.7
163800001	35.8
163900001	35.8
164000001	35.1
164100001	35.5
164200001	35.6
164300001	37.3
164400001	36.3
164500001	36.6
164600001	36.5
164700001	35
164800001	36.6
164900001	36.6
165000001	35.9
165100001	35.6
165200001	35.7
165300001	37.6
165400001	37.5
165500001	35.9
165600001	36.7
165700001	36.1
165800001	37.5
165900001	36.1
166000001	35.7
166100001	36
166200001	36.2
166300001	35.7
166400001	36.4
166500001	38.8
166600001	37.1
166700001	36.1
166800001	35.9
166900001	36.2
167000001	35.6
167100001	34.1
167200001	35.2
167300001	35.1
167400001	36.5
167500001	37.1
167600001	34.9
167700001	36.4
167800001	35.5
167900001	36.3
168000001	36.2
168100001	36.4
168200001	36.8
168300001	36
168400001	37.2
168500001	37.5
168600001	39.4
168700001	39.5
168800001	39.1
168900001	40
169000001	40.7
169100001	40.3
169200001	39.1
169300001	39.7
169400001	38.7
169500001	39.4
169600001	41.1
169700001	38.6
169800001	37.1
169900001	40.4
170000001	39
170100001	39.3
170200001	40.2
170300001	38
170400001	38.8
170500001	40.4
170600001	42.7
170700001	37.5
170800001	35.4
170900001	38.6
171000001	40.4
171100001	39
171200001	40.7
171300001	41.4
171400001	40.3
171500001	43.1
171600001	42.5
171700001	42.2
171800001	40.3
171900001	36.9
172000001	40.2
172100001	41.3
172200001	39.1
172300001	40.1
172400001	41.5
172500001	37.5
172600001	38.8
172700001	41.4
172800001	40.3
172900001	43.9
173000001	42.9
173100001	43.2
173200001	43.3
173300001	41.6
173400001	40.6
173500001	41.2
173600001	40.5
173700001	40.5
173800001	40.5
173900001	39.9
174000001	37.9
174100001	41.7
174200001	42.7
174300001	40.9
174400001	40.5
174500001	40.1
174600001	41.6
174700001	40.5
174800001	42.3
174900001	38.4
175000001	36.4
175100001	42
175200001	39.4
175300001	40.8
175400001	42
175500001	43.8
175600001	42.1
175700001	36.6
175800001	38.3
175900001	36.8
176000001	38
176100001	38.6
176200001	39.2
176300001	39.5
176400001	39.2
176500001	39.2
176600001	40.5
176700001	39.2
176800001	35.9
176900001	48.2
177000001	45.6
177100001	36.3
177200001	37.2
177300001	40.4
177400001	40.2
177500001	38.6
177600001	40.5
177700001	38.1
177800001	39.9
177900001	39.5
178000001	39.7
178100001	41.5
178200001	38.9
178300001	35.1
178400001	40.8
178500001	39.7
178600001	39.6
178700001	38.2
178800001	38.8
178900001	38.9
179000001	40.2
179100001	39.2
179200001	39.2
179300001	39.1
179400001	39.5
179500001	36.2
179600001	37.1
179700001	37.7
179800001	37.7
179900001	38.9
180000001	36.8
180100001	38.7
180200001	37.9
180300001	36.1
180400001	36.9
180500001	37
180600001	36.8
180700001	38.6
180800001	36.3
180900001	36.6
181000001	36
181100001	36.2
181200001	35.9
181300001	36.8
181400001	35.6
181500001	37.2
181600001	35.8
181700001	35.9
181800001	35.3
181900001	36
182000001	36.3
182100001	35.5
182200001	36.7
182300001	36.3
182400001	36.2
182500001	39.9
182600001	38.7
182700001	35.4
182800001	37
182900001	36.4
183000001	36.8
183100001	36.3
183200001	36.9
183300001	36
183400001	37.6
183500001	37.7
183600001	37.6
183700001	37.8
183800001	35.2
183900001	40.4
184000001	37.4
184100001	37.8
184200001	37.2
184300001	37.4
184400001	36.7
184500001	35
184600001	36.2
184700001	37
184800001	35.4
184900001	35
185000001	34.4
185100001	33.3
185200001	33.5
185300001	33.8
185400001	34.1
185500001	34.4
185600001	33.3
185700001	34.3
185800001	34.4
185900001	34.4
186000001	33.7
186100001	34.3
186200001	36.1
186300001	34
186400001	34
186500001	34.1
186600001	34.6
186700001	35.9
186800001	34.5
186900001	34.7
187000001	36.3
187100001	35.9
187200001	36.6
187300001	37.4
187400001	37.4
187500001	36.7
187600001	37.5
187700001	35.6
187800001	40.5
187900001	35
188000001	37
188100001	34.4
188200001	33.3
188300001	34.5
188400001	36
188500001	35.8
188600001	35.1
188700001	36.3
188800001	36.6
188900001	36.3
189000001	36.5
189100001	35.6
189200001	36.2
189300001	34.8
189400001	34.8
189500001	34.3
189600001	34.5
189700001	36.5
189800001	35
189900001	34.3
190000001	35.5
190100001	36.4
190200001	36.1
190300001	38.3
190400001	37.7
190500001	38.3
190600001	37.3
190700001	36.1
190800001	37.5
190900001	37.5
191000001	39.3
191100001	38.6
191200001	40.5
191300001	40
191400001	39.3
191500001	39.4
191600001	39.6
191700001	37.1
191800001	40
191900001	37.3
192000001	39.6
192100001	40.5
192200001	38.8
192300001	40.7
192400001	40.2
192500001	38.4
192600001	38.8
192700001	39.3
192800001	36.2
192900001	36
193000001	35.3
193100001	35.2
193200001	34.3
193300001	37.3
193400001	34.3
193500001	34.1
193600001	33.8
193700001	35.6
193800001	33.8
193900001	32.7
194000001	33.8
194100001	33.9
194200001	33
194300001	35.3
194400001	34.8
194500001	33.6
194600001	33.5
194700001	34.8
194800001	33.3
194900001	34.6
195000001	34.7
195100001	34.2
195200001	33.7
195300001	33
195400001	34
195500001	34.1
195600001	33.6
195700001	34.4
195800001	35.7
195900001	35.4
196000001	35.7
196100001	36.1
196200001	37.6
196300001	39
196400001	41
196500001	37.6
196600001	37.3
196700001	36.4
196800001	37.2
196900001	39.1
197000001	38.5
197100001	39.3
197200001	39.1
197300001	39.3
197400001	39.4
197500001	37.8
197600001	38.7
197700001	36.4
197800001	39.1
197900001	39.3
198000001	40.8
198100001	41.1
198200001	42
198300001	43.2
198400001	41.2
198500001	38.9
198600001	38
198700001	38
198800001	38
198900001	37.2
199000001	38.3
199100001	39
199200001	36.4
199300001	35
199400001	35.7
199500001	36.3
199600001	35.2
199700001	35.4
199800001	36.4
199900001	35.7
200000001	39.2
200100001	38.2
200200001	37.4
200300001	42
200400001	39.8
200500001	38.1
200600001	40.4
200700001	38.6
200800001	39.2
200900001	39.6
201000001	40.4
201100001	40.4
201200001	39.2
201300001	41
201400001	38.6
201500001	41.9
201600001	43
201700001	42.2
201800001	38.6
201900001	42.7
202000001	43.5
202100001	42.1
202200001	39.1
202300001	38.7
202400001	37.9
202500001	40.2
202600001	39.5
202700001	42.4
202800001	46.5
202900001	43.8
203000001	43.2
203100001	43.2
203200001	43
203300001	41.5
203400001	41.2
203500001	39.7
203600001	38.9
203700001	40.7
203800001	38.5
203900001	38
204000001	37.9
204100001	42.5
204200001	39
204300001	39.3
204400001	42.6
204500001	41.2
204600001	41.7
204700001	40.4
204800001	39.9
204900001	39.9
205000001	40.5
205100001	41.7
205200001	38.8
205300001	39.7
205400001	38.8
205500001	36.3
205600001	36.9
205700001	36.3
205800001	37.8
205900001	35.7
206000001	37.9
206100001	37.7
206200001	37.5
206300001	38.9
206400001	41.1
206500001	44.5
206600001	44.5
206700001	44
206800001	42.9
206900001	41.7
207000001	43
207100001	40.9
207200001	40.6
207300001	39.6
207400001	37.4
207500001	38.6
207600001	40.3
207700001	39.1
207800001	39.7
207900001	41.1
208000001	40.6
208100001	41.4
208200001	40
208300001	41.3
208400001	39.7
208500001	43.1
208600001	45.2
208700001	41.1
208800001	41.2
208900001	42.1
209000001	43
209100001	39.1
209200001	38.3
209300001	37.5
209400001	37.8
209500001	36.3
209600001	36.7
209700001	37.9
209800001	35.9
209900001	36.3
210000001	36.2
210100001	37.4
210200001	35.7
210300001	36.3
210400001	36.2
210500001	35.3
210600001	38.5
210700001	37
210800001	38
210900001	36.8
211000001	37
211100001	36.7
211200001	38.7
211300001	38.3
211400001	34.9
211500001	36.6
211600001	36.4
211700001	36.1
211800001	35.5
211900001	34.4
212000001	35.7
212100001	36.8
212200001	36.1
212300001	36.2
212400001	35.3
212500001	34.3
212600001	35.7
212700001	34.5
212800001	34.3
212900001	35
213000001	34
213100001	33.8
213200001	33.1
213300001	34.7
213400001	36.3
213500001	37.2
213600001	37.8
213700001	37.6
213800001	36.1
213900001	34.5
214000001	36.2
214100001	35.6
214200001	36.7
214300001	36.8
214400001	35.4
214500001	37.7
214600001	35.3
214700001	35.8
214800001	35.1
214900001	35.9
215000001	34.9
215100001	35.9
215200001	35.5
215300001	37.4
215400001	38.2
215500001	37.5
215600001	37.3
215700001	39
215800001	36.6
215900001	37.8
216000001	39.9
216100001	40.8
216200001	39.4
216300001	39.1
216400001	38.2
216500001	38.7
216600001	40.4
216700001	41.5
216800001	42.4
216900001	41.4
217000001	40.9
217100001	44
217200001	44.6
217300001	42.7
217400001	46.4
217500001	48.6
217600001	45.1
217700001	44.9
217800001	41.9
217900001	42.8
218000001	39.3
218100001	40.8
218200001	41.6
218300001	40.8
218400001	42.5
218500001	43.8
218600001	47.6
218700001	52.5
218800001	53.3
218900001	45.1
219000001	44.7
219100001	50.5
219200001	52.5
219300001	41
219400001	42.7
219500001	46.4
219600001	45.7
219700001	49.8
219800001	51.5
219900001	45.7
220000001	49.1
220100001	50.3
220200001	48.2
220300001	57.4
220400001	54
220500001	44.5
220600001	43.2
220700001	43.1
220800001	40.8
220900001	41.8
221000001	40.3
221100001	38.8
221200001	38.1
221300001	39
221400001	38.5
221500001	38
221600001	37.6
221700001	38.3
221800001	38.4
221900001	39.7
222000001	37.2
222100001	37.7
222200001	39.8
222300001	40.1
222400001	39.4
222500001	37.6
222600001	39.3
222700001	37.9
222800001	39.8
222900001	39.3
223000001	38.3
223100001	42.6
223200001	38.6
223300001	41.8
223400001	38.8
223500001	41.5
223600001	42.1
223700001	40.4
223800001	40.9
223900001	40.7
224000001	39.2
224100001	39
224200001	36
224300001	39
224400001	39.8
224500001	40.6
224600001	42.2
224700001	43.1
224800001	42.3
224900001	42.8
225000001	41.6
225100001	39.9
225200001	42.2
225300001	38.2
225400001	40
225500001	41
225600001	40.6
225700001	38.9
225800001	39.2
225900001	38
226000001	36.3
226100001	37.7
226200001	35.8
226300001	38.2
226400001	38.6
226500001	37.2
226600001	37.4
226700001	35.6
226800001	36
226900001	36.7
227000001	36.8
227100001	37.3
227200001	38.8
227300001	37.3
227400001	39.4
227500001	41
227600001	40.3
227700001	38.6
227800001	42.1
227900001	40.3
228000001	40.1
228100001	40
228200001	41.2
228300001	39.5
228400001	40
228500001	42.2
228600001	42.8
228700001	40.2
228800001	39.8
228900001	37.9
229000001	37.6
229100001	37.5
229200001	37.6
229300001	36.7
229400001	37.8
229500001	37.1
229600001	38.4
229700001	37
229800001	38.9
229900001	38.9
230000001	39.1
230100001	39.5
230200001	40.8
230300001	40.4
230400001	41.6
230500001	42.1
230600001	38.8
230700001	39.7
230800001	43.2
230900001	41.7
231000001	42.4
231100001	42
231200001	39.9
231300001	39.2
231400001	42.6
231500001	46.5
231600001	41.5
231700001	49.4
231800001	47.5
231900001	40.4
232000001	43.2
232100001	45
232200001	50.4
232300001	47.5
232400001	50.1
232500001	53.1
232600001	44.1
232700001	48.5
232800001	40.5
232900001	39.7
233000001	40.7
233100001	47.7
233200001	52.1
233300001	56.3
233400001	48
233500001	45.7
233600001	38.1
233700001	49
233800001	46.7
233900001	48.7
234000001	48.4
234100001	46.4
234200001	47.6
234300001	48.9
234400001	37.6
234500001	39.6
234600001	43
234700001	46.1
234800001	44
234900001	40.8
235000001	42.7
235100001	42.7
235200001	43.6
235300001	45.7
235400001	45.3
235500001	44.1
235600001	43.5
235700001	44.7
235800001	45.9
235900001	49.1
236000001	43.8
236100001	43.3
236200001	45.5
236300001	44.7
236400001	49.2
236500001	48.1
236600001	47.4
236700001	46.1
236800001	45.7
236900001	46.7
237000001	50
237100001	45.2
237200001	45
237300001	41.1
237400001	45.9
237500001	48
237600001	46.4
237700001	45.6
237800001	44.4
237900001	43.7
238000001	41.2
238100001	43.5
238200001	44.9
238300001	47.1
238400001	51.4
238500001	47.9
238600001	45.5
238700001	43.9
238800001	48.8
238900001	44.1
239000001	55.9
239100001	50.4
239200001	46.2
239300001	46.6
239400001	50.2
239500001	43.6
239600001	45.5
239700001	46.6
239800001	48.8
239900001	51.2
240000001	53.6
240100001	50.3
240200001	48.8
240300001	49.2
240400001	52
240500001	49.4
240600001	51.7
240700001	47.5
240800001	50.4
240900001	45.9
241000001	46
241100001	51.8
241200001	48.8
241300001	57
241400001	49.5
241500001	55.8
241600001	57.1
241700001	55.1
241800001	56.5
241900001	53.8
242000001	50.7
242100001	52.9
242200001	43.9
242300001	43.6
242400001	52.3
242500001	51.5
242600001	53.4
242700001	55.3
242800001	54.5
242900001	49.8
243000001	41.5
