variableStep chrom=chr12 span=100000
1	53.3
100001	46.7
200001	53.4
300001	46.8
400001	39.8
500001	45.2
600001	50.5
700001	46.2
800001	42.1
900001	37.5
1000001	44.5
1100001	39.9
1200001	38.5
1300001	37.4
1400001	39.4
1500001	41
1600001	47.8
1700001	46.9
1800001	39.4
1900001	52.4
2000001	42.9
2100001	44
2200001	47.5
2300001	46.9
2400001	47
2500001	48.1
2600001	48.5
2700001	50
2800001	44.9
2900001	49.2
3000001	46.9
3100001	51
3200001	50.4
3300001	54.1
3400001	50.2
3500001	45.5
3600001	46.7
3700001	47.1
3800001	43.5
3900001	39.4
4000001	43.4
4100001	44.3
4200001	43.3
4300001	45.9
4400001	42.4
4500001	43
4600001	38.5
4700001	40
4800001	42
4900001	45
5000001	44.1
5100001	46.5
5200001	42.3
5300001	44.3
5400001	40.6
5500001	44.1
5600001	45
5700001	44.4
5800001	42.6
5900001	45.5
6000001	45.2
6100001	47.3
6200001	47.7
6300001	50
6400001	51.8
6500001	46.5
6600001	49.2
6700001	49.4
6800001	51.4
6900001	52.1
7000001	52
7100001	45
7200001	50.4
7300001	42.6
7400001	39.9
7500001	35.9
7600001	37.9
7700001	40.1
7800001	44.9
7900001	45.2
8000001	45.3
8100001	45.7
8200001	41.4
8300001	43.9
8400001	45.6
8500001	46.1
8600001	37.9
8700001	42.8
8800001	42.7
8900001	43.2
9000001	43.5
9100001	39.8
9200001	38.6
9300001	37.9
9400001	44.5
9500001	47.5
9600001	39.5
9700001	38.5
9800001	38.4
9900001	36.7
10000001	37.7
10100001	38.7
10200001	38.1
10300001	42
10400001	37.2
10500001	35.7
10600001	35.9
10700001	37.3
10800001	38.9
10900001	35.6
11000001	37.8
11100001	35.8
11200001	36.1
11300001	37
11400001	39.5
11500001	40.1
11600001	41.3
11700001	40.9
11800001	43.4
11900001	42.9
12000001	42.2
12100001	43.9
12200001	42.6
12300001	38.3
12400001	44.4
12500001	42
12600001	41.3
12700001	42.3
12800001	43
12900001	43.3
13000001	45.5
13100001	42.9
13200001	43.2
13300001	42.8
13400001	43.4
13500001	41.6
13600001	41
13700001	41.7
13800001	40.1
13900001	39.8
14000001	39.7
14100001	40.2
14200001	39.2
14300001	41.9
14400001	43.3
14500001	37.1
14600001	37.9
14700001	40.1
14800001	39.7
14900001	38.6
15000001	39.3
15100001	38.5
15200001	35.9
15300001	37.7
15400001	36.8
15500001	36.9
15600001	38
15700001	37.9
15800001	36.1
15900001	37.9
16000001	38.6
16100001	39.1
16200001	39.1
16300001	37.1
16400001	37.4
16500001	37.9
16600001	36.9
16700001	35.7
16800001	35.3
16900001	35.5
17000001	35
17100001	36.3
17200001	35.7
17300001	35.4
17400001	35.4
17500001	35.3
17600001	36
17700001	34.7
17800001	36.1
17900001	35.3
18000001	35.4
18100001	35.9
18200001	35.3
18300001	36
18400001	34.2
18500001	36.5
18600001	36.3
18700001	35.9
18800001	36.3
18900001	37.2
19000001	38.3
19100001	38.9
19200001	39.1
19300001	36.5
19400001	38.4
19500001	44.2
19600001	39.4
19700001	40.4
19800001	39.3
19900001	38.6
20000001	37.2
20100001	36.7
20200001	38.4
20300001	36.7
20400001	36
20500001	36.1
20600001	35.9
20700001	35.6
20800001	36
20900001	38.9
21000001	35.8
21100001	35.5
21200001	35.4
21300001	35
21400001	36.4
21500001	37.3
21600001	37.2
21700001	37.1
21800001	38.4
21900001	37.5
22000001	36
22100001	37.8
22200001	39.4
22300001	37.3
22400001	39.5
22500001	37
22600001	35.3
22700001	37.8
22800001	36.8
22900001	38.1
23000001	38.1
23100001	38.3
23200001	37.4
23300001	38
23400001	36.5
23500001	36.6
23600001	37.8
23700001	34.9
23800001	34.6
23900001	34
24000001	34.1
24100001	35.2
24200001	35.9
24300001	36.4
24400001	36.8
24500001	38.7
24600001	37.3
24700001	38.1
24800001	38.3
24900001	38.5
25000001	40.7
25100001	40.9
25200001	38.1
25300001	37.2
25400001	39.7
25500001	40.6
25600001	37.9
25700001	38.8
25800001	39.3
25900001	38
26000001	40.3
26100001	39
26200001	40.5
26300001	39.7
26400001	41.4
26500001	38.8
26600001	37.5
26700001	37.6
26800001	38
26900001	39.7
27000001	39
27100001	39.2
27200001	39.2
27300001	40
27400001	38.6
27500001	38.8
27600001	40.6
27700001	39.9
27800001	39.1
27900001	42.3
28000001	39.5
28100001	39.7
28200001	37
28300001	36.5
28400001	34
28500001	34.9
28600001	35.4
28700001	38.2
28800001	35.7
28900001	38.7
29000001	37.8
29100001	37.8
29200001	37.8
29300001	39.6
29400001	38.1
29500001	36.9
29600001	38.2
29700001	39.6
29800001	39
29900001	39.7
30000001	39.1
30100001	38.2
30200001	39
30300001	40.3
30400001	40.8
30500001	38.5
30600001	38.9
30700001	39.5
30800001	36.7
30900001	42.8
31000001	44.1
31100001	49.6
31200001	46.2
31300001	41.3
31400001	41.6
31500001	43.6
31600001	39.9
31700001	43.1
31800001	41.8
31900001	43.4
32000001	43.3
32100001	43.5
32200001	42.7
32300001	40.3
32400001	40.3
32500001	42.3
32600001	40.3
32700001	40.2
32800001	40.3
32900001	40.8
33000001	41.8
33100001	39.5
33200001	38.1
33300001	37.7
33400001	38.2
33500001	36.4
33600001	36
33700001	35.6
33800001	34.8
33900001	36.9
34000001	35.9
34100001	36.1
34200001	39.9
34300001	43.2
34400001	52.5
34500001	51.6
34600001	37.4
34700001	40
34800001	36.3
34900001	0
35000001	0
35100001	0
35200001	0
35300001	0
35400001	0
35500001	0
35600001	0
35700001	0
35800001	0
35900001	0
36000001	0
36100001	0
36200001	0
36300001	0
36400001	0
36500001	0
36600001	0
36700001	0
36800001	0
36900001	0
37000001	0
37100001	0
37200001	0
37300001	0
37400001	0
37500001	0
37600001	0
37700001	0
37800001	34.4
37900001	41.8
38000001	36.9
38100001	36.7
38200001	37.2
38300001	36.5
38400001	40.4
38500001	44.4
38600001	37.1
38700001	35.8
38800001	36.2
38900001	36
39000001	36.4
39100001	35.7
39200001	36.6
39300001	37.1
39400001	37.3
39500001	38.5
39600001	37.7
39700001	35.4
39800001	38.6
39900001	36.4
40000001	36.4
40100001	36.7
40200001	36.2
40300001	37.8
40400001	37
40500001	36.2
40600001	35.2
40700001	36.2
40800001	37.1
40900001	37.8
41000001	38
41100001	35.1
41200001	35.3
41300001	34.3
41400001	36.5
41500001	36.8
41600001	36.1
41700001	35.4
41800001	36.9
41900001	36.6
42000001	38.2
42100001	38.7
42200001	38.5
42300001	39.7
42400001	39.2
42500001	38.4
42600001	42.2
42700001	38
42800001	40.9
42900001	40.9
43000001	40.7
43100001	40.3
43200001	37.3
43300001	38.9
43400001	36.7
43500001	36.5
43600001	36.8
43700001	36.3
43800001	34.9
43900001	36.8
44000001	37.2
44100001	36.7
44200001	39.9
44300001	38.4
44400001	37.6
44500001	36.5
44600001	35.8
44700001	37.3
44800001	38.8
44900001	35.9
45000001	36.8
45100001	35.2
45200001	37.1
45300001	37.2
45400001	38
45500001	40.1
45600001	40.2
45700001	38.4
45800001	39.2
45900001	39.9
46000001	39.4
46100001	36.8
46200001	36.1
46300001	37.7
46400001	39.9
46500001	38.5
46600001	40.1
46700001	39.4
46800001	38
46900001	39.4
47000001	38.9
47100001	37.7
47200001	38
47300001	38.6
47400001	38.8
47500001	39
47600001	42.3
47700001	40.5
47800001	39.6
47900001	40.8
48000001	38.6
48100001	53.2
48200001	50.5
48300001	49.4
48400001	41.6
48500001	43.7
48600001	37.4
48700001	41.8
48800001	39.9
48900001	41.5
49000001	42
49100001	47.8
49200001	50.1
49300001	50.5
49400001	51
49500001	45.5
49600001	47.6
49700001	46.7
49800001	41.4
49900001	48.9
50000001	47.7
50100001	46.6
50200001	49.5
50300001	49.2
50400001	49.4
50500001	45.1
50600001	42.2
50700001	43.9
50800001	41.7
50900001	42.3
51000001	40.6
51100001	43.3
51200001	39.8
51300001	42.9
51400001	44.8
51500001	44.6
51600001	46.2
51700001	47.7
51800001	42
51900001	42.8
52000001	40.1
52100001	41.6
52200001	51.8
52300001	47.6
52400001	53.8
52500001	52.8
52600001	50.2
52700001	50.2
52800001	45
52900001	49.1
53000001	47.3
53100001	47.9
53200001	51
53300001	48.8
53400001	49.5
53500001	46.5
53600001	51.8
53700001	49.5
53800001	48.3
53900001	43.1
54000001	44.5
54100001	46.9
54200001	41.4
54300001	49.9
54400001	49.6
54500001	50.8
54600001	46
54700001	49.7
54800001	44.5
54900001	46.9
55000001	42.9
55100001	39.1
55200001	37.8
55300001	40.2
55400001	39
55500001	35.8
55600001	34.7
55700001	35.2
55800001	36.6
55900001	39.4
56000001	46.4
56100001	46.8
56200001	45.8
56300001	47.4
56400001	48.3
56500001	48.8
56600001	49.7
56700001	46.5
56800001	47.2
56900001	44.5
57000001	46.8
57100001	45.4
57200001	41.9
57300001	46
57400001	48
57500001	54.4
57600001	50.3
57700001	42.6
57800001	48.7
57900001	49
58000001	45.8
58100001	49.5
58200001	49
58300001	39.5
58400001	40.3
58500001	39
58600001	38.6
58700001	39.1
58800001	38.8
58900001	38.7
59000001	38.1
59100001	35.5
59200001	38.3
59300001	37.2
59400001	37.3
59500001	36.8
59600001	36.2
59700001	35.8
59800001	35.7
59900001	38.1
60000001	35.1
60100001	36.6
60200001	36.1
60300001	35.4
60400001	35
60500001	33.6
60600001	35.5
60700001	34.6
60800001	34.1
60900001	34.8
61000001	35.7
61100001	35
61200001	34.1
61300001	35.2
61400001	34.1
61500001	35.1
61600001	36
61700001	36.1
61800001	36.7
61900001	38.2
62000001	36.1
62100001	35.4
62200001	36.5
62300001	37.2
62400001	36.8
62500001	37.9
62600001	37
62700001	34.2
62800001	38.7
62900001	36.2
63000001	43
63100001	43.9
63200001	41.1
63300001	39.7
63400001	38.9
63500001	38.4
63600001	36.4
63700001	39
63800001	36.7
63900001	36.8
64000001	37
64100001	38.1
64200001	41
64300001	39.2
64400001	38.4
64500001	40.8
64600001	40.5
64700001	42.6
64800001	38.5
64900001	44
65000001	43.8
65100001	42
65200001	41.5
65300001	40.4
65400001	38.8
65500001	37.5
65600001	36.8
65700001	36.1
65800001	38.2
65900001	40.9
66000001	38.9
66100001	41.4
66200001	39.4
66300001	39.1
66400001	38.9
66500001	40.3
66600001	40.5
66700001	40.6
66800001	39.5
66900001	38.6
67000001	38
67100001	37.9
67200001	37.9
67300001	37.8
67400001	38.8
67500001	38.5
67600001	36.9
67700001	38.8
67800001	41.4
67900001	40.2
68000001	40.3
68100001	41.2
68200001	39.4
68300001	39
68400001	38.7
68500001	39.3
68600001	39
68700001	41
68800001	40.8
68900001	40.1
69000001	39.9
69100001	41.6
69200001	41.2
69300001	40.7
69400001	40.8
69500001	42.1
69600001	37.6
69700001	39.6
69800001	40.6
69900001	38.4
70000001	42.4
70100001	37.8
70200001	39.4
70300001	40.5
70400001	38.7
70500001	37.7
70600001	36.9
70700001	35.9
70800001	40.4
70900001	40
71000001	38
71100001	37.9
71200001	37.5
71300001	36.6
71400001	37.3
71500001	38.2
71600001	36.3
71700001	36.3
71800001	38.7
71900001	38.9
72000001	36.8
72100001	38.5
72200001	37.9
72300001	38.5
72400001	38.8
72500001	38.1
72600001	37.1
72700001	37
72800001	34.9
72900001	34.2
73000001	35.4
73100001	37.6
73200001	37.1
73300001	35
73400001	35.9
73500001	34.8
73600001	35.7
73700001	35.2
73800001	35.2
73900001	33.9
74000001	35.7
74100001	33.4
74200001	35
74300001	34.4
74400001	34.5
74500001	34.9
74600001	37
74700001	35.1
74800001	35.6
74900001	36.2
75000001	34.7
75100001	34.4
75200001	35.1
75300001	34.5
75400001	34.8
75500001	34
75600001	35.4
75700001	35.1
75800001	37.8
75900001	37.7
76000001	37.4
76100001	39.1
76200001	39.9
76300001	41.6
76400001	40
76500001	40.5
76600001	41.4
76700001	38.1
76800001	36.4
76900001	38.6
77000001	40.5
77100001	39.4
77200001	38
77300001	38.1
77400001	39.5
77500001	37.4
77600001	38.2
77700001	37.8
77800001	37.1
77900001	36.5
78000001	35.4
78100001	36.5
78200001	35.8
78300001	34.3
78400001	36.3
78500001	33.8
78600001	36.5
78700001	35.4
78800001	36.3
78900001	35.8
79000001	35.8
79100001	34.2
79200001	33.5
79300001	34.1
79400001	34.8
79500001	35.5
79600001	35.9
79700001	37.7
79800001	39.6
79900001	40.3
80000001	37.6
80100001	37
80200001	36.2
80300001	38.6
80400001	37.4
80500001	38.2
80600001	36.2
80700001	35.8
80800001	35.8
80900001	35.1
81000001	33.4
81100001	37.8
81200001	36.5
81300001	36.4
81400001	36
81500001	35.1
81600001	34.7
81700001	33.9
81800001	34.7
81900001	34.3
82000001	35.3
82100001	34.9
82200001	36.2
82300001	35.8
82400001	35.9
82500001	36.2
82600001	36.2
82700001	35.8
82800001	34.8
82900001	36.3
83000001	37.8
83100001	39.4
83200001	37.3
83300001	36
83400001	36.8
83500001	36.9
83600001	37.5
83700001	35.7
83800001	36
83900001	36.9
84000001	36.4
84100001	35.6
84200001	36
84300001	33.4
84400001	36.1
84500001	35
84600001	33.5
84700001	35.9
84800001	33.9
84900001	33.6
85000001	33.8
85100001	34.9
85200001	34.3
85300001	36.1
85400001	33.7
85500001	33.9
85600001	33.1
85700001	34.7
85800001	35.2
85900001	34.4
86000001	35.6
86100001	35.1
86200001	35.5
86300001	35
86400001	35.5
86500001	34.2
86600001	34.8
86700001	34.9
86800001	34.1
86900001	35.4
87000001	34.3
87100001	34.6
87200001	33.1
87300001	34.8
87400001	33.8
87500001	34.8
87600001	34.3
87700001	35.1
87800001	36.7
87900001	35.9
88000001	35.9
88100001	35.3
88200001	34.8
88300001	37.1
88400001	35.4
88500001	34.7
88600001	37.3
88700001	36.4
88800001	36.6
88900001	37
89000001	35.7
89100001	36.8
89200001	36.3
89300001	36.4
89400001	38.9
89500001	37.2
89600001	37.7
89700001	42.1
89800001	39.6
89900001	39.4
90000001	36.1
90100001	38.7
90200001	37.2
90300001	37.4
90400001	37.2
90500001	36.5
90600001	36.2
90700001	35.5
90800001	35.5
90900001	34.9
91000001	34.3
91100001	34.9
91200001	36.1
91300001	36.3
91400001	34.6
91500001	34.7
91600001	35.5
91700001	36.7
91800001	35.5
91900001	36.3
92000001	36.9
92100001	36.7
92200001	36.9
92300001	37.9
92400001	39.3
92500001	38.8
92600001	39.3
92700001	40
92800001	39.4
92900001	39.8
93000001	39.4
93100001	38.7
93200001	37
93300001	41.7
93400001	41.4
93500001	41.6
93600001	41
93700001	42.9
93800001	40.5
93900001	42.1
94000001	40.8
94100001	39.4
94200001	42.2
94300001	40.9
94400001	42.9
94500001	44.7
94600001	43.1
94700001	37.3
94800001	38.9
94900001	43.7
95000001	42.8
95100001	41.9
95200001	42.2
95300001	43.1
95400001	40
95500001	41.3
95600001	38.8
95700001	41.7
95800001	42.6
95900001	41.7
96000001	41.6
96100001	39.9
96200001	40.1
96300001	42.6
96400001	42.4
96500001	45.3
96600001	41.9
96700001	38.7
96800001	41.6
96900001	37.9
97000001	38.3
97100001	37.8
97200001	38.5
97300001	36.7
97400001	38.5
97500001	39.4
97600001	39.2
97700001	40
97800001	37.1
97900001	36.9
98000001	39.7
98100001	38.8
98200001	37.7
98300001	39.1
98400001	39
98500001	40
98600001	39.3
98700001	41.1
98800001	43.3
98900001	42
99000001	40.6
99100001	41.6
99200001	39.9
99300001	39.2
99400001	39.3
99500001	37.9
99600001	37.2
99700001	36.4
99800001	36
99900001	36
100000001	36.9
100100001	37.3
100200001	36.1
100300001	39.1
100400001	38.2
100500001	44
100600001	39.8
100700001	40.4
100800001	40.2
100900001	39.1
101000001	40.2
101100001	40.2
101200001	38.7
101300001	39.1
101400001	38.8
101500001	38.3
101600001	40.7
101700001	39
101800001	41.9
101900001	40.3
102000001	39.3
102100001	38.9
102200001	43.4
102300001	40.9
102400001	36.7
102500001	36.4
102600001	36.9
102700001	39.2
102800001	40
102900001	40.8
103000001	39.1
103100001	40.4
103200001	41.3
103300001	40.7
103400001	38.2
103500001	37.5
103600001	37.9
103700001	38.4
103800001	38.9
103900001	39.3
104000001	43.1
104100001	44.9
104200001	42.7
104300001	40.8
104400001	40.4
104500001	41.7
104600001	43.6
104700001	43.1
104800001	44.7
104900001	45.1
105000001	46.1
105100001	44.1
105200001	36.9
105300001	39.7
105400001	40.1
105500001	37.9
105600001	41.8
105700001	42.6
105800001	42.2
105900001	42.7
106000001	41.1
106100001	41.1
106200001	41
106300001	42.1
106400001	43.5
106500001	44.3
106600001	44.6
106700001	40.9
106800001	39.5
106900001	42.5
107000001	41.7
107100001	42
107200001	39
107300001	40
107400001	38.6
107500001	40.8
107600001	42.3
107700001	46.2
107800001	47
107900001	44.4
108000001	45.6
108100001	41.5
108200001	42.4
108300001	42
108400001	43.2
108500001	46.3
108600001	46.8
108700001	46.5
108800001	44.8
108900001	47.2
109000001	45
109100001	46.1
109200001	48.2
109300001	45.8
109400001	43.2
109500001	45.7
109600001	46.7
109700001	46.4
109800001	43.8
109900001	48.1
110000001	51.5
110100001	50.4
110200001	51.7
110300001	47.6
110400001	44.3
110500001	44.1
110600001	41.5
110700001	44.2
110800001	46.1
110900001	42.6
111000001	45.3
111100001	46
111200001	47.4
111300001	47
111400001	47.4
111500001	47.8
111600001	49.2
111700001	50.7
111800001	51.8
111900001	40.4
112000001	46.2
112100001	46.7
112200001	47.1
112300001	41.8
112400001	40.5
112500001	44.4
112600001	45.7
112700001	40.7
112800001	44.2
112900001	44.7
113000001	43.6
113100001	42.8
113200001	44.5
113300001	44.6
113400001	46.4
113500001	52.6
113600001	49.8
113700001	50.9
113800001	49.1
113900001	49.6
114000001	46
114100001	47.8
114200001	51.3
114300001	49.2
114400001	46
114500001	44
114600001	44.2
114700001	42.9
114800001	45.9
114900001	42.1
115000001	43.5
115100001	48.5
115200001	44.8
115300001	43
115400001	41.7
115500001	41.6
115600001	43.2
115700001	41.7
115800001	42.6
115900001	42.8
116000001	44.2
116100001	42
116200001	43.3
116300001	44
116400001	37.7
116500001	37.1
116600001	36.9
116700001	43.9
116800001	47.9
116900001	47.1
117000001	45.6
117100001	45.7
117200001	47.4
117300001	44.8
117400001	46.7
117500001	48.4
117600001	46.2
117700001	47.4
117800001	47.3
117900001	45.4
118000001	44.2
118100001	44.4
118200001	45.3
118300001	43.6
118400001	45.6
118500001	47.1
118600001	39.7
118700001	38.8
118800001	43.3
118900001	44.2
119000001	42.1
119100001	43.2
119200001	41.8
119300001	42
119400001	42.9
119500001	44.8
119600001	45
119700001	43.5
119800001	43.7
119900001	43.4
120000001	42.5
120100001	44.6
120200001	43.2
120300001	45.3
120400001	42.7
120500001	51.1
120600001	50.6
120700001	49.2
120800001	48
120900001	46.1
121000001	48.7
121100001	49.3
121200001	40.7
121300001	44.5
121400001	48.6
121500001	46.2
121600001	48.3
121700001	46.2
121800001	46.8
121900001	50.8
122000001	50.2
122100001	49.5
122200001	54.9
122300001	46.4
122400001	50.4
122500001	48.1
122600001	51.3
122700001	44.2
122800001	44.2
122900001	44.8
123000001	41
123100001	45.8
123200001	44.9
123300001	50.3
123400001	53.9
123500001	50.8
123600001	45
123700001	46.6
123800001	47.1
123900001	49.2
124000001	47.4
124100001	44.9
124200001	44.8
124300001	46.3
124400001	45.9
124500001	46.3
124600001	46.5
124700001	50.5
124800001	58.5
124900001	56.6
125000001	54
125100001	51.1
125200001	51.2
125300001	50.2
125400001	50.6
125500001	48.5
125600001	50.1
125700001	46.4
125800001	44.4
125900001	43
126000001	41.5
126100001	42.2
126200001	41.4
126300001	41.3
126400001	41.3
126500001	41
126600001	41.4
126700001	40.2
126800001	40.5
126900001	40.3
127000001	39.3
127100001	40.5
127200001	41.8
127300001	40.3
127400001	39.7
127500001	39.6
127600001	41.8
127700001	42.1
127800001	41.1
127900001	43
128000001	41.4
128100001	41.8
128200001	41.5
128300001	40.6
128400001	40.6
128500001	43.1
128600001	42.9
128700001	44.7
128800001	44.5
128900001	44.5
129000001	46
129100001	46
129200001	46.1
129300001	46.1
129400001	46.4
129500001	46.1
129600001	43.5
129700001	41.9
129800001	41.9
129900001	41.9
130000001	41.7
130100001	41.6
130200001	43.2
130300001	44.5
130400001	44.4
130500001	47.9
130600001	48.6
130700001	44.5
130800001	42.9
130900001	51.9
131000001	46.2
131100001	49.7
131200001	46.7
131300001	45.5
131400001	47.7
131500001	52.7
131600001	48.3
131700001	53.5
131800001	50.6
131900001	49.7
132000001	49.7
132100001	52
132200001	47
132300001	56.7
132400001	48.8
132500001	48.6
132600001	57.5
132700001	0
132800001	58.5
132900001	58.1
133000001	60
133100001	60.6
133200001	51.8
133300001	52.8
133400001	49.3
133500001	44.6
133600001	40.8
133700001	42.1
