variableStep chrom=chr22 span=100000
1	0
100001	0
200001	0
300001	0
400001	0
500001	0
600001	0
700001	0
800001	0
900001	0
1000001	0
1100001	0
1200001	0
1300001	0
1400001	0
1500001	0
1600001	0
1700001	0
1800001	0
1900001	0
2000001	0
2100001	0
2200001	0
2300001	0
2400001	0
2500001	0
2600001	0
2700001	0
2800001	0
2900001	0
3000001	0
3100001	0
3200001	0
3300001	0
3400001	0
3500001	0
3600001	0
3700001	0
3800001	0
3900001	0
4000001	0
4100001	0
4200001	0
4300001	0
4400001	0
4500001	0
4600001	0
4700001	0
4800001	0
4900001	0
5000001	0
5100001	0
5200001	0
5300001	0
5400001	0
5500001	0
5600001	0
5700001	0
5800001	0
5900001	0
6000001	0
6100001	0
6200001	0
6300001	0
6400001	0
6500001	0
6600001	0
6700001	0
6800001	0
6900001	0
7000001	0
7100001	0
7200001	0
7300001	0
7400001	0
7500001	0
7600001	0
7700001	0
7800001	0
7900001	0
8000001	0
8100001	0
8200001	0
8300001	0
8400001	0
8500001	0
8600001	0
8700001	0
8800001	0
8900001	0
9000001	0
9100001	0
9200001	0
9300001	0
9400001	0
9500001	0
9600001	0
9700001	0
9800001	0
9900001	0
10000001	0
10100001	0
10200001	0
10300001	0
10400001	0
10500001	0
10600001	0
10700001	0
10800001	0
10900001	0
11000001	0
11100001	0
11200001	0
11300001	0
11400001	0
11500001	0
11600001	0
11700001	0
11800001	0
11900001	0
12000001	0
12100001	0
12200001	0
12300001	0
12400001	0
12500001	0
12600001	0
12700001	0
12800001	0
12900001	0
13000001	0
13100001	0
13200001	0
13300001	0
13400001	0
13500001	0
13600001	0
13700001	0
13800001	0
13900001	0
14000001	0
14100001	0
14200001	0
14300001	0
14400001	0
14500001	0
14600001	0
14700001	0
14800001	0
14900001	0
15000001	0
15100001	0
15200001	0
15300001	0
15400001	0
15500001	0
15600001	0
15700001	0
15800001	0
15900001	0
16000001	47.6
16100001	39.2
16200001	42.8
16300001	41.2
16400001	40
16500001	44.9
16600001	38.8
16700001	0
16800001	40.3
16900001	38.7
17000001	46.4
17100001	39.5
17200001	37.4
17300001	39.2
17400001	44.9
17500001	46.2
17600001	50.1
17700001	48.1
17800001	44.6
17900001	43
18000001	47.3
18100001	43.1
18200001	51.8
18300001	50.4
18400001	48.1
18500001	48.2
18600001	44.1
18700001	45.8
18800001	46.3
18900001	53.1
19000001	49.7
19100001	53.9
19200001	44.3
19300001	45
19400001	47
19500001	49
19600001	49
19700001	59.8
19800001	52.7
19900001	54.4
20000001	53.5
20100001	60.5
20200001	59.4
20300001	49.3
20400001	53.7
20500001	0
20600001	43.3
20700001	51.6
20800001	49.1
20900001	52.1
21000001	49.9
21100001	46.1
21200001	47.2
21300001	55
21400001	48.3
21500001	46.5
21600001	45.9
21700001	53.9
21800001	53.9
21900001	51.5
22000001	52.1
22100001	44.2
22200001	48.8
22300001	48.9
22400001	42.7
22500001	45.1
22600001	44.4
22700001	44.6
22800001	43.2
22900001	48.5
23000001	47.1
23100001	44.8
23200001	50.3
23300001	41.8
23400001	55.4
23500001	51.8
23600001	50.4
23700001	51.5
23800001	49.3
23900001	50.4
24000001	49.6
24100001	53.9
24200001	49.1
24300001	50.7
24400001	46.9
24500001	54.9
24600001	48.5
24700001	41
24800001	49.9
24900001	50.6
25000001	48.9
25100001	43.6
25200001	48.3
25300001	48.2
25400001	48.9
25500001	49
25600001	45.3
25700001	50.7
25800001	46.7
25900001	42.2
26000001	40.5
26100001	47.2
26200001	45.6
26300001	44.8
26400001	43.5
26500001	42.9
26600001	44.2
26700001	45.1
26800001	46.5
26900001	47.8
27000001	47.9
27100001	47
27200001	44.3
27300001	45
27400001	45.6
27500001	45.2
27600001	45.9
27700001	44
27800001	49.6
27900001	49.2
28000001	50.2
28100001	50.5
28200001	44.2
28300001	42.3
28400001	44.1
28500001	39.8
28600001	37.9
28700001	38.1
28800001	37.6
28900001	38.7
29000001	41.3
29100001	44.7
29200001	46.1
29300001	44
29400001	46
29500001	47.1
29600001	50.3
29700001	52.2
29800001	47.6
29900001	48.6
30000001	46.1
30100001	54
30200001	45
30300001	39.2
30400001	43.4
30500001	38.9
30600001	54.9
30700001	52.1
30800001	49.8
30900001	51.1
31000001	49.8
31100001	46.9
31200001	49.2
31300001	44.5
31400001	49.8
31500001	48.5
31600001	47.3
31700001	47.4
31800001	44.6
31900001	45
32000001	49.8
32100001	44.9
32200001	45.4
32300001	48.1
32400001	43.2
32500001	45.7
32600001	43
32700001	46
32800001	42.2
32900001	46.7
33000001	46
33100001	46.7
33200001	46
33300001	44.9
33400001	43.8
33500001	40.3
33600001	43.4
33700001	44
33800001	44.4
33900001	43.8
34000001	43.8
34100001	44.5
34200001	45.3
34300001	43.2
34400001	41.9
34500001	41
34600001	39.9
34700001	40.6
34800001	40.2
34900001	39.8
35000001	42
35100001	41.4
35200001	42.4
35300001	43.6
35400001	46.2
35500001	45.9
35600001	43.8
35700001	52.2
35800001	51.5
35900001	50.8
36000001	45.8
36100001	41.2
36200001	39.4
36300001	39.3
36400001	45.1
36500001	47.3
36600001	49
36700001	51
36800001	51.3
36900001	49.3
37000001	46.9
37100001	49.5
37200001	48.5
37300001	48
37400001	54.5
37500001	53.4
37600001	52.6
37700001	56.9
37800001	54.7
37900001	52.5
38000001	55.2
38100001	53.9
38200001	50.2
38300001	54.3
38400001	53.8
38500001	52
38600001	53.7
38700001	46.7
38800001	51.7
38900001	43.4
39000001	47.3
39100001	52.7
39200001	50
39300001	49.5
39400001	51.7
39500001	49.5
39600001	54.9
39700001	52.1
39800001	54
39900001	53.5
40000001	56.3
40100001	42.9
40200001	38.7
40300001	46.4
40400001	45.3
40500001	42.1
40600001	42.7
40700001	44.4
40800001	47
40900001	41.6
41000001	46.8
41100001	44.8
41200001	40.5
41300001	45.3
41400001	46.9
41500001	43.3
41600001	52.9
41700001	53.1
41800001	49.6
41900001	53.7
42000001	47.1
42100001	46.9
42200001	48.3
42300001	54.7
42400001	45.4
42500001	49.4
42600001	48.4
42700001	55.6
42800001	51.2
42900001	52
43000001	53.4
43100001	51.5
43200001	48
43300001	47.3
43400001	51.1
43500001	54.4
43600001	57.1
43700001	50.2
43800001	52.7
43900001	47
44000001	42.3
44100001	41.8
44200001	52.3
44300001	49.4
44400001	50.6
44500001	51.8
44600001	49.8
44700001	54.6
44800001	48.9
44900001	49.3
45000001	53.6
45100001	53.6
45200001	51
45300001	52.6
45400001	51.1
45500001	45.1
45600001	52.8
45700001	43.4
45800001	48.8
45900001	52.8
46000001	45.3
46100001	40
46200001	47.9
46300001	59.6
46400001	54.4
46500001	52.8
46600001	49.9
46700001	53.5
46800001	52.9
46900001	54.9
47000001	56.8
47100001	51.2
47200001	46.2
47300001	47.3
47400001	50.6
47500001	54
47600001	48.9
47700001	48.3
47800001	44.9
47900001	45.1
48000001	46
48100001	44.3
48200001	44.5
48300001	43
48400001	46.5
48500001	45.7
48600001	47.5
48700001	50.7
48800001	50.7
48900001	57.1
49000001	56.7
49100001	50.5
49200001	51.4
49300001	46.1
49400001	52.4
49500001	51.3
49600001	49.8
49700001	48.2
49800001	48.2
49900001	51.1
50000001	53.8
50100001	52.7
50200001	50
50300001	61.6
50400001	54.4
50500001	49.4
50600001	60.3
50700001	59.2
50800001	52.4
50900001	57.2
51000001	52
51100001	53.3
51200001	44.7
