variableStep chrom=chr8 span=100000
1	44.6
100001	39.7
200001	46.8
300001	43.8
400001	43.7
500001	47.3
600001	51.6
700001	45.6
800001	48.9
900001	48.4
1000001	47.2
1100001	47
1200001	47.1
1300001	50.2
1400001	49.6
1500001	47.3
1600001	46.2
1700001	50.4
1800001	48.5
1900001	48.6
2000001	46.8
2100001	46.2
2200001	42.2
2300001	42
2400001	40.1
2500001	39.6
2600001	38.3
2700001	39.6
2800001	39.1
2900001	39.7
3000001	39
3100001	40.8
3200001	37.6
3300001	39.7
3400001	38.9
3500001	40.2
3600001	38.7
3700001	37.4
3800001	38.2
3900001	38
4000001	39.1
4100001	37.3
4200001	37.3
4300001	38.1
4400001	37.9
4500001	37.6
4600001	37.8
4700001	36.9
4800001	39.4
4900001	36.9
5000001	38.5
5100001	36.1
5200001	37.8
5300001	37.8
5400001	39.1
5500001	38.7
5600001	37.3
5700001	36.7
5800001	38.6
5900001	41.6
6000001	41.7
6100001	43.7
6200001	42.5
6300001	40.2
6400001	44.4
6500001	40.9
6600001	46.4
6700001	46
6800001	46
6900001	44.5
7000001	45.6
7100001	47.8
7200001	41.7
7300001	41.8
7400001	51.3
7500001	51.2
7600001	45.4
7700001	42.6
7800001	44.6
7900001	45.5
8000001	47
8100001	42.6
8200001	42.9
8300001	42.8
8400001	40.7
8500001	43
8600001	43.7
8700001	43.5
8800001	40.5
8900001	43.7
9000001	43.2
9100001	44
9200001	43.2
9300001	42.6
9400001	37.3
9500001	37.1
9600001	41.3
9700001	44.7
9800001	42.7
9900001	41.6
10000001	42.7
10100001	42.7
10200001	46.6
10300001	43.5
10400001	50.8
10500001	50.2
10600001	42.9
10700001	46.8
10800001	49
10900001	45.1
11000001	42
11100001	40.8
11200001	44.3
11300001	48
11400001	50.5
11500001	46.9
11600001	46.5
11700001	48.1
11800001	45.4
11900001	39.5
12000001	45.9
12100001	38.5
12200001	44.1
12300001	45.1
12400001	44.3
12500001	45.1
12600001	41.3
12700001	40.1
12800001	41.4
12900001	43.2
13000001	39.3
13100001	38.6
13200001	38.3
13300001	37.2
13400001	36
13500001	36.9
13600001	36.8
13700001	35.6
13800001	35.5
13900001	35.2
14000001	35.6
14100001	34.5
14200001	34.7
14300001	34.9
14400001	34.8
14500001	34.4
14600001	35.5
14700001	35.1
14800001	36.6
14900001	36.8
15000001	37.3
15100001	36.8
15200001	37.7
15300001	38.6
15400001	37.3
15500001	35.3
15600001	36.9
15700001	37.6
15800001	38.1
15900001	36.8
16000001	35.9
16100001	34.9
16200001	35.7
16300001	35.2
16400001	34.3
16500001	37.2
16600001	37.9
16700001	37
16800001	39.3
16900001	35.5
17000001	38.2
17100001	38.8
17200001	40.3
17300001	39.9
17400001	43.2
17500001	40.8
17600001	40.1
17700001	38.5
17800001	36.4
17900001	40.7
18000001	38.9
18100001	38.3
18200001	39.8
18300001	40.7
18400001	38.7
18500001	39.7
18600001	39
18700001	40.3
18800001	40.7
18900001	41.4
19000001	41
19100001	42.4
19200001	42.3
19300001	43
19400001	40.1
19500001	41.6
19600001	40.5
19700001	40.8
19800001	39.9
19900001	42.5
20000001	42.9
20100001	48
20200001	44.6
20300001	44.2
20400001	42.9
20500001	43.1
20600001	41.7
20700001	43.3
20800001	43.7
20900001	43.5
21000001	43.3
21100001	42.2
21200001	43.1
21300001	44
21400001	45.7
21500001	49.8
21600001	50.8
21700001	47.5
21800001	42.8
21900001	57.2
22000001	54.1
22100001	43.9
22200001	47.3
22300001	38.9
22400001	55.5
22500001	50.7
22600001	48.6
22700001	47.6
22800001	48.2
22900001	44.9
23000001	45.2
23100001	49.3
23200001	45.9
23300001	45.2
23400001	43.1
23500001	43.6
23600001	42
23700001	40.2
23800001	39.1
23900001	36.7
24000001	37.1
24100001	37
24200001	36.7
24300001	36.9
24400001	37.2
24500001	38.1
24600001	38
24700001	40.9
24800001	41.1
24900001	41.1
25000001	41.9
25100001	42.1
25200001	41.4
25300001	40.3
25400001	41.6
25500001	40.8
25600001	39.3
25700001	40.9
25800001	42.7
25900001	44.5
26000001	43.4
26100001	40.9
26200001	40.6
26300001	44.3
26400001	45.6
26500001	43.3
26600001	41
26700001	38.7
26800001	39.1
26900001	39.4
27000001	39.3
27100001	46.2
27200001	46.7
27300001	48.1
27400001	48.3
27500001	44.4
27600001	38.5
27700001	46.9
27800001	47.2
27900001	42.3
28000001	41.2
28100001	44.8
28200001	47.9
28300001	40
28400001	41.8
28500001	43.4
28600001	43.1
28700001	39.1
28800001	36.3
28900001	44.1
29000001	40.7
29100001	43.6
29200001	43.9
29300001	43.2
29400001	43.5
29500001	41.6
29600001	43
29700001	41.3
29800001	42.4
29900001	42.6
30000001	42.9
30100001	44.1
30200001	43
30300001	40.1
30400001	42.6
30500001	44.2
30600001	41.7
30700001	38
30800001	39.3
30900001	35.9
31000001	39.9
31100001	38.9
31200001	39.1
31300001	38
31400001	37.2
31500001	37.3
31600001	37.2
31700001	37.1
31800001	37.5
31900001	37.8
32000001	38.5
32100001	39
32200001	38.4
32300001	39.2
32400001	37.5
32500001	36.6
32600001	38.6
32700001	38.1
32800001	37.8
32900001	38.5
33000001	38.5
33100001	39.4
33200001	41.9
33300001	43.6
33400001	46.7
33500001	43.6
33600001	40.3
33700001	38
33800001	40.2
33900001	39.2
34000001	37.5
34100001	37.3
34200001	36.3
34300001	38.9
34400001	36.6
34500001	36
34600001	36.9
34700001	38.7
34800001	37.6
34900001	36.5
35000001	37.6
35100001	37.3
35200001	37.6
35300001	38.4
35400001	39.6
35500001	39.3
35600001	39.2
35700001	38.7
35800001	38.8
35900001	38.2
36000001	38.3
36100001	38.8
36200001	38.2
36300001	39.2
36400001	38.1
36500001	37.9
36600001	38
36700001	38.6
36800001	39.3
36900001	40
37000001	42.6
37100001	44
37200001	42.8
37300001	44.8
37400001	47.3
37500001	46.5
37600001	50.7
37700001	47
37800001	48
37900001	44.9
38000001	43.9
38100001	39.6
38200001	44.7
38300001	47.1
38400001	46.3
38500001	44.7
38600001	42.4
38700001	45.4
38800001	41.9
38900001	37.7
39000001	38.1
39100001	37.1
39200001	35
39300001	35.1
39400001	34.7
39500001	34.6
39600001	34.9
39700001	39.6
39800001	42
39900001	39.3
40000001	38.7
40100001	38
40200001	41.7
40300001	41
40400001	39.5
40500001	39.1
40600001	41.4
40700001	45.2
40800001	41.8
40900001	43.7
41000001	44.8
41100001	48.4
41200001	41.3
41300001	43.1
41400001	46.1
41500001	51.8
41600001	47.5
41700001	47.2
41800001	38.3
41900001	43.7
42000001	46
42100001	47
42200001	43.7
42300001	43.8
42400001	43.9
42500001	45.1
42600001	44.2
42700001	42.3
42800001	40.7
42900001	43.7
43000001	41.6
43100001	39.1
43200001	39.8
43300001	40.4
43400001	41.8
43500001	37.9
43600001	37.2
43700001	37.4
43800001	37.7
43900001	0
44000001	0
44100001	0
44200001	0
44300001	0
44400001	0
44500001	0
44600001	0
44700001	0
44800001	0
44900001	0
45000001	0
45100001	0
45200001	0
45300001	0
45400001	0
45500001	0
45600001	0
45700001	0
45800001	0
45900001	0
46000001	0
46100001	0
46200001	0
46300001	0
46400001	0
46500001	0
46600001	0
46700001	0
46800001	37.5
46900001	41
47000001	52.7
47100001	55.3
47200001	43.9
47300001	47.6
47400001	37.1
47500001	40.8
47600001	38
47700001	41.5
47800001	44.5
47900001	39.6
48000001	41.1
48100001	42.3
48200001	39.7
48300001	40.3
48400001	39.8
48500001	40.9
48600001	44.7
48700001	41.7
48800001	42.9
48900001	43.4
49000001	44
49100001	43
49200001	42.1
49300001	44.9
49400001	43.6
49500001	43.2
49600001	41.9
49700001	42.9
49800001	40.8
49900001	38.7
50000001	37
50100001	36.5
50200001	36.1
50300001	38.7
50400001	35.9
50500001	37.2
50600001	37
50700001	36.3
50800001	36.5
50900001	35.7
51000001	36.8
51100001	35.4
51200001	36.6
51300001	36.1
51400001	35.5
51500001	35.1
51600001	35.2
51700001	34.8
51800001	35.4
51900001	35.3
52000001	37.3
52100001	36.1
52200001	39.6
52300001	38.1
52400001	38.5
52500001	38
52600001	39.4
52700001	37.3
52800001	40.1
52900001	39.9
53000001	39.9
53100001	38.3
53200001	39.9
53300001	40.8
53400001	41.3
53500001	36.3
53600001	40.7
53700001	39.6
53800001	41.2
53900001	40.1
54000001	37.8
54100001	40.3
54200001	38.3
54300001	40.6
54400001	41.9
54500001	41.7
54600001	40.2
54700001	41
54800001	40.4
54900001	41.4
55000001	43.3
55100001	42.8
55200001	41.7
55300001	43
55400001	39.6
55500001	37.8
55600001	37.8
55700001	38
55800001	38.4
55900001	39.3
56000001	40.1
56100001	40.1
56200001	39.8
56300001	41.3
56400001	40
56500001	40.7
56600001	39.3
56700001	43
56800001	42.7
56900001	43.6
57000001	39.8
57100001	40.5
57200001	39.7
57300001	40.2
57400001	40.8
57500001	39.1
57600001	36.9
57700001	37.8
57800001	39.4
57900001	40
58000001	38
58100001	43.7
58200001	42.4
58300001	38.6
58400001	38.4
58500001	37.9
58600001	38.4
58700001	37.7
58800001	37.9
58900001	40.2
59000001	41.1
59100001	38.7
59200001	37.8
59300001	38.9
59400001	37.9
59500001	39.4
59600001	39.2
59700001	37.2
59800001	37.8
59900001	37.7
60000001	37.8
60100001	36.6
60200001	37.6
60300001	36.3
60400001	35.8
60500001	34.8
60600001	35.6
60700001	35.8
60800001	36.6
60900001	37.9
61000001	38.3
61100001	39.3
61200001	40
61300001	42.3
61400001	40.5
61500001	40.9
61600001	40.2
61700001	39.7
61800001	44.3
61900001	43.1
62000001	41.3
62100001	39.1
62200001	39.4
62300001	39.4
62400001	39.5
62500001	36.7
62600001	39.6
62700001	38.4
62800001	36.9
62900001	36.4
63000001	37.4
63100001	37.4
63200001	37
63300001	36.9
63400001	37.1
63500001	37.9
63600001	36.5
63700001	37.8
63800001	38.6
63900001	39.3
64000001	40.9
64100001	39.3
64200001	39.7
64300001	37.8
64400001	38.5
64500001	36.3
64600001	36.6
64700001	36.4
64800001	35.1
64900001	34.6
65000001	37.5
65100001	35
65200001	37.6
65300001	39.1
65400001	37.8
65500001	37.4
65600001	37.6
65700001	37.9
65800001	36.6
65900001	37.4
66000001	39.2
66100001	38.1
66200001	39
66300001	38.9
66400001	40.6
66500001	41.9
66600001	38.9
66700001	38.3
66800001	40.8
66900001	41.2
67000001	40.6
67100001	41.9
67200001	39.9
67300001	41.8
67400001	42.3
67500001	39.5
67600001	42
67700001	39
67800001	41.4
67900001	39.3
68000001	37.8
68100001	37.5
68200001	40.9
68300001	40.2
68400001	39.4
68500001	40.4
68600001	40.7
68700001	38.7
68800001	39.1
68900001	36.6
69000001	36.5
69100001	37.5
69200001	38
69300001	37.6
69400001	35.4
69500001	36.9
69600001	36.7
69700001	37
69800001	37.2
69900001	36.1
70000001	37.1
70100001	37.2
70200001	41.3
70300001	37.9
70400001	40
70500001	41
70600001	39.4
70700001	41.5
70800001	43.1
70900001	45.7
71000001	40.8
71100001	38
71200001	36.7
71300001	40.3
71400001	40.4
71500001	38.9
71600001	38.1
71700001	37.4
71800001	38.2
71900001	38.3
72000001	38.5
72100001	39
72200001	36.2
72300001	38
72400001	37.6
72500001	39.1
72600001	37.7
72700001	39.1
72800001	38.4
72900001	36.9
73000001	39.4
73100001	37.7
73200001	38.1
73300001	38.5
73400001	37.7
73500001	38.5
73600001	39.1
73700001	39.1
73800001	39.8
73900001	40.3
74000001	42.7
74100001	40.3
74200001	43.5
74300001	42.6
74400001	36.6
74500001	36.9
74600001	40.3
74700001	39.3
74800001	42.1
74900001	41.7
75000001	42
75100001	39.9
75200001	39.5
75300001	37.3
75400001	37.5
75500001	37.6
75600001	37.5
75700001	36.6
75800001	36.7
75900001	35.2
76000001	35.5
76100001	36
76200001	36.4
76300001	37.5
76400001	34.5
76500001	35.9
76600001	36
76700001	34.3
76800001	33.8
76900001	34.9
77000001	34.5
77100001	33.9
77200001	34.5
77300001	35.8
77400001	35.3
77500001	36.2
77600001	35.9
77700001	36.8
77800001	37
77900001	36.9
78000001	35.1
78100001	34.3
78200001	33.9
78300001	33.3
78400001	33.8
78500001	33.9
78600001	34.1
78700001	35.7
78800001	35.5
78900001	34.2
79000001	36.6
79100001	34.6
79200001	35.5
79300001	34.6
79400001	35
79500001	35.5
79600001	35.3
79700001	35.8
79800001	35.8
79900001	35.8
80000001	36.3
80100001	36
80200001	37.6
80300001	38
80400001	37.1
80500001	37.9
80600001	42
80700001	41.9
80800001	38.5
80900001	39.3
81000001	41.2
81100001	44.6
81200001	41.3
81300001	42.4
81400001	39.3
81500001	42.1
81600001	40.3
81700001	39.6
81800001	41.6
81900001	40.7
82000001	39.5
82100001	38
82200001	38.3
82300001	36.6
82400001	38.6
82500001	38.4
82600001	38.2
82700001	36.9
82800001	37.3
82900001	36.2
83000001	35.5
83100001	34.7
83200001	35.7
83300001	34.3
83400001	34.3
83500001	33.7
83600001	33.3
83700001	33.7
83800001	33.8
83900001	35.6
84000001	34.9
84100001	34.8
84200001	35.8
84300001	34.1
84400001	35.9
84500001	34.7
84600001	35.6
84700001	35.9
84800001	35.2
84900001	36.1
85000001	35.2
85100001	35
85200001	35.2
85300001	35
85400001	33.9
85500001	36.2
85600001	34.9
85700001	36.5
85800001	36.5
85900001	37.7
86000001	37.8
86100001	40.2
86200001	37.7
86300001	38.4
86400001	38.1
86500001	41.4
86600001	0
86700001	46.7
86800001	42.1
86900001	37
87000001	38.9
87100001	39.2
87200001	38.1
87300001	38.4
87400001	37.2
87500001	38.8
87600001	38.4
87700001	36.9
87800001	35.7
87900001	37.4
88000001	37.5
88100001	35.1
88200001	35
88300001	35.2
88400001	34.7
88500001	34.8
88600001	35.3
88700001	36.5
88800001	36.2
88900001	37.8
89000001	36.1
89100001	34.1
89200001	35.5
89300001	37
89400001	35.7
89500001	35.6
89600001	35.5
89700001	35.8
89800001	34.1
89900001	34.9
90000001	35
90100001	34.3
90200001	36.3
90300001	36.3
90400001	37
90500001	37.6
90600001	37.4
90700001	38.3
90800001	38.3
90900001	37.2
91000001	37.2
91100001	37.3
91200001	37.3
91300001	38.4
91400001	37.6
91500001	38.3
91600001	38.4
91700001	38.3
91800001	37.7
91900001	35.8
92000001	36.1
92100001	37.1
92200001	36.9
92300001	35.5
92400001	36.5
92500001	38
92600001	36.9
92700001	37
92800001	38.6
92900001	38.3
93000001	38.1
93100001	37.8
93200001	37.7
93300001	37.8
93400001	38.6
93500001	36.5
93600001	37.4
93700001	36.2
93800001	35.1
93900001	33.9
94000001	36.9
94100001	37.1
94200001	38.8
94300001	39.9
94400001	40.2
94500001	39.7
94600001	40.3
94700001	39
94800001	41.4
94900001	42.6
95000001	42.8
95100001	40.5
95200001	42.7
95300001	39.4
95400001	37.4
95500001	39.9
95600001	42.8
95700001	40.8
95800001	40.1
95900001	44
96000001	41.5
96100001	41.4
96200001	43.5
96300001	41.8
96400001	40.9
96500001	38.2
96600001	38.2
96700001	39.2
96800001	39.5
96900001	38.8
97000001	38.9
97100001	43
97200001	40.6
97300001	43.5
97400001	41.1
97500001	41.1
97600001	40.5
97700001	38
97800001	37.6
97900001	38.5
98000001	38.2
98100001	39.4
98200001	43.7
98300001	41
98400001	41.8
98500001	41.9
98600001	41.7
98700001	44
98800001	44.2
98900001	44.7
99000001	43.8
99100001	43.3
99200001	38.9
99300001	42.4
99400001	42.8
99500001	36.2
99600001	37.2
99700001	38.2
99800001	40.8
99900001	42
100000001	38.7
100100001	35.5
100200001	35.5
100300001	36
100400001	35
100500001	34.9
100600001	36.6
100700001	37.7
100800001	40.4
100900001	40
101000001	37.1
101100001	39.4
101200001	39.3
101300001	40.6
101400001	44.2
101500001	41.4
101600001	43.8
101700001	42.8
101800001	44.7
101900001	43.2
102000001	45
102100001	45.8
102200001	41.5
102300001	41.8
102400001	43.6
102500001	40.6
102600001	41.6
102700001	41.9
102800001	39.2
102900001	40.2
103000001	40.3
103100001	40.6
103200001	39.3
103300001	37.9
103400001	43.3
103500001	44.9
103600001	45.5
103700001	47.7
103800001	43.4
103900001	44.1
104000001	40.1
104100001	43.1
104200001	41
104300001	39.2
104400001	37.8
104500001	37.8
104600001	36.7
104700001	36.4
104800001	34.8
104900001	35
105000001	33.1
105100001	34.1
105200001	37.9
105300001	43.2
105400001	40.5
105500001	35.3
105600001	39.7
105700001	41.3
105800001	37.8
105900001	37.5
106000001	36
106100001	36.1
106200001	36
106300001	36.4
106400001	36
106500001	36.5
106600001	35.8
106700001	35.5
106800001	37.1
106900001	36.6
107000001	37.2
107100001	36.6
107200001	38.2
107300001	36.4
107400001	36.5
107500001	37.3
107600001	37.5
107700001	35.7
107800001	39.5
107900001	37.6
108000001	37.1
108100001	37.2
108200001	36.4
108300001	36
108400001	36.3
108500001	38.2
108600001	38.6
108700001	37.1
108800001	38.3
108900001	37.4
109000001	38.4
109100001	38.4
109200001	37
109300001	37.4
109400001	35.8
109500001	36.7
109600001	37.4
109700001	37.7
109800001	36.7
109900001	37.1
110000001	37.6
110100001	37.3
110200001	36.8
110300001	37.5
110400001	34.5
110500001	37.2
110600001	39
110700001	37.1
110800001	36.5
110900001	36.5
111000001	36.1
111100001	34.3
111200001	35.5
111300001	33.7
111400001	33.9
111500001	34.6
111600001	34.2
111700001	33
111800001	35
111900001	34.7
112000001	33.2
112100001	34.3
112200001	35.2
112300001	33.5
112400001	34.6
112500001	33.6
112600001	35
112700001	34.8
112800001	35.7
112900001	35.4
113000001	35.1
113100001	35.2
113200001	35.4
113300001	33.1
113400001	35.2
113500001	33.5
113600001	34.3
113700001	34.3
113800001	34.5
113900001	32.2
114000001	33.4
114100001	34
114200001	33.2
114300001	33.1
114400001	35.4
114500001	35.3
114600001	35.1
114700001	34.7
114800001	33.9
114900001	34.7
115000001	34.3
115100001	34.5
115200001	35.6
115300001	34.4
115400001	33.5
115500001	34.6
115600001	34.3
115700001	34.1
115800001	33.8
115900001	36
116000001	36
116100001	36.2
116200001	36.3
116300001	37.2
116400001	36.1
116500001	34.7
116600001	35.9
116700001	36.8
116800001	36.1
116900001	35.8
117000001	36
117100001	38
117200001	38.4
117300001	38.6
117400001	39.5
117500001	41
117600001	41.1
117700001	37.6
117800001	38.8
117900001	39.1
118000001	39
118100001	38.2
118200001	37.8
118300001	37.4
118400001	38.5
118500001	38.4
118600001	38.6
118700001	40.3
118800001	40.8
118900001	41.5
119000001	40.8
119100001	41.5
119200001	39.8
119300001	39.5
119400001	39.3
119500001	39.6
119600001	38.8
119700001	38.5
119800001	37.7
119900001	37.9
120000001	37
120100001	37.7
120200001	39.6
120300001	38
120400001	39.6
120500001	40.1
120600001	39.5
120700001	38.2
120800001	41
120900001	43
121000001	43.1
121100001	38.3
121200001	38
121300001	38.6
121400001	35.4
121500001	38.6
121600001	40.4
121700001	40
121800001	38.6
121900001	37.9
122000001	37.1
122100001	38.3
122200001	37.3
122300001	37
122400001	37.6
122500001	38.3
122600001	39.5
122700001	37.9
122800001	37.9
122900001	37.5
123000001	37.2
123100001	36.6
123200001	36.7
123300001	37.4
123400001	38
123500001	41.6
123600001	42.6
123700001	43.6
123800001	47.3
123900001	44.9
124000001	42.5
124100001	42.1
124200001	43.8
124300001	39.2
124400001	45.1
124500001	44.2
124600001	44.7
124700001	42
124800001	40
124900001	41.5
125000001	41.6
125100001	41.8
125200001	44.1
125300001	37.1
125400001	42.6
125500001	42.9
125600001	45.6
125700001	43.7
125800001	43.2
125900001	42.9
126000001	39.8
126100001	38.9
126200001	39.1
126300001	43
126400001	48.4
126500001	45.9
126600001	45
126700001	41.5
126800001	39.4
126900001	38
127000001	38
127100001	37.9
127200001	37.3
127300001	39.9
127400001	41
127500001	43.9
127600001	40.6
127700001	38.3
127800001	40.2
127900001	38.7
128000001	37.8
128100001	38.6
128200001	39.5
128300001	40.4
128400001	41.4
128500001	41
128600001	43.2
128700001	44.5
128800001	47.1
128900001	47.7
129000001	45
129100001	43.9
129200001	39.6
129300001	40.9
129400001	39.2
129500001	38.4
129600001	37.7
129700001	37.4
129800001	39.4
129900001	38.6
130000001	37.9
130100001	38.6
130200001	37.4
130300001	38.2
130400001	39.2
130500001	37.8
130600001	40.6
130700001	40.4
130800001	40
130900001	42
131000001	47.6
131100001	41.1
131200001	39.4
131300001	42.7
131400001	45.4
131500001	42.6
131600001	42.5
131700001	41.3
131800001	40.8
131900001	39.9
132000001	39.8
132100001	38.7
132200001	38.2
132300001	37.3
132400001	38.3
132500001	37.6
132600001	37.4
132700001	40.4
132800001	40.2
132900001	36.7
133000001	41.5
133100001	42.8
133200001	42.1
133300001	43.6
133400001	45.3
133500001	42.3
133600001	39.1
133700001	39.6
133800001	37.3
133900001	45.5
134000001	45.6
134100001	46.5
134200001	48.8
134300001	46
134400001	47.8
134500001	48.2
134600001	44.9
134700001	44.8
134800001	43.2
134900001	40.4
135000001	40
135100001	39.2
135200001	39.9
135300001	42.1
135400001	45.3
135500001	44.3
135600001	44.1
135700001	43.9
135800001	40.2
135900001	43.4
136000001	43.7
136100001	41
136200001	42.1
136300001	42.2
136400001	42.6
136500001	37.1
136600001	42.3
136700001	43.7
136800001	42
136900001	40.2
137000001	39.6
137100001	38.9
137200001	38.9
137300001	36.7
137400001	37.9
137500001	36.6
137600001	37.2
137700001	36.6
137800001	36.8
137900001	37.5
138000001	36.2
138100001	37
138200001	37.9
138300001	37.3
138400001	37.4
138500001	37.7
138600001	37.5
138700001	37.2
138800001	40.3
138900001	39.7
139000001	39.9
139100001	41.9
139200001	43
139300001	42.1
139400001	41.1
139500001	43.3
139600001	44.9
139700001	47.8
139800001	47.3
139900001	44.1
140000001	41.3
140100001	41.7
140200001	43.8
140300001	43.6
140400001	41.1
140500001	44.4
140600001	51
140700001	51.5
140800001	52.2
140900001	50
141000001	44.2
141100001	46
141200001	46.3
141300001	45.2
141400001	45.3
141500001	50.4
141600001	47.6
141700001	40.5
141800001	38.6
141900001	39.5
142000001	50
142100001	51.7
142200001	52.4
142300001	57.6
142400001	56.7
142500001	55.7
142600001	55.7
142700001	56.3
142800001	53.4
142900001	48.5
143000001	53.7
143100001	52.5
143200001	57.7
143300001	56.3
143400001	55.2
143500001	60.5
143600001	59.3
143700001	50.8
143800001	56.7
143900001	46.5
144000001	49.8
144100001	50.3
144200001	54.9
144300001	57.1
144400001	57.6
144500001	58.8
144600001	61.3
144700001	51.7
144800001	56
144900001	58.5
145000001	58.7
145100001	57.1
145200001	52
145300001	63.9
145400001	59
145500001	59.1
145600001	60.6
145700001	57.9
145800001	51.9
145900001	49.3
146000001	52.1
146100001	45.9
146200001	42.9
