variableStep chrom=chr11 span=100000
1	37.1
100001	45
200001	51.8
300001	56.2
400001	59.3
500001	58.8
600001	55.7
700001	58
800001	62.2
900001	53.5
1000001	59.5
1100001	55.9
1200001	60.6
1300001	53
1400001	61.7
1500001	57.4
1600001	50.5
1700001	53.1
1800001	56.3
1900001	58
2000001	54.2
2100001	58.3
2200001	52.4
2300001	52.3
2400001	58.5
2500001	52.2
2600001	43.9
2700001	54.2
2800001	56.3
2900001	54.6
3000001	50.1
3100001	55.5
3200001	50.3
3300001	44.3
3400001	47.9
3500001	45
3600001	49.2
3700001	41
3800001	47.5
3900001	42.4
4000001	41.2
4100001	42.5
4200001	41.9
4300001	39.5
4400001	41.5
4500001	41.1
4600001	41.3
4700001	37.5
4800001	38.4
4900001	36.4
5000001	36.1
5100001	36
5200001	38.2
5300001	38.5
5400001	39.2
5500001	40.3
5600001	41.1
5700001	37.3
5800001	36.1
5900001	39.5
6000001	40.4
6100001	38.5
6200001	44.1
6300001	43.1
6400001	48.9
6500001	44.5
6600001	47
6700001	39.7
6800001	38.3
6900001	37
7000001	37
7100001	37.4
7200001	38.1
7300001	39.2
7400001	41.6
7500001	45.3
7600001	45.2
7700001	38.8
7800001	37.7
7900001	40.2
8000001	46.1
8100001	44.2
8200001	48.9
8300001	50.8
8400001	38.3
8500001	37.9
8600001	43.8
8700001	48.4
8800001	43.7
8900001	43.4
9000001	45
9100001	42.8
9200001	43.7
9300001	44.5
9400001	42.1
9500001	43.1
9600001	43.1
9700001	42.2
9800001	39.7
9900001	38.7
10000001	37.1
10100001	37.3
10200001	37.9
10300001	42.9
10400001	44.7
10500001	42.5
10600001	45.7
10700001	43.4
10800001	41.4
10900001	41.9
11000001	42.9
11100001	41.4
11200001	44.1
11300001	45.5
11400001	48
11500001	47.3
11600001	43
11700001	41.6
11800001	38.5
11900001	37.8
12000001	45.7
12100001	46.6
12200001	48.4
12300001	42.3
12400001	42.9
12500001	43.3
12600001	39.7
12700001	42.6
12800001	42.8
12900001	41.9
13000001	42.1
13100001	41.9
13200001	41.1
13300001	45.5
13400001	37.2
13500001	39.5
13600001	40
13700001	37.9
13800001	41.1
13900001	42.1
14000001	41.6
14100001	40.3
14200001	43.6
14300001	39.6
14400001	41.6
14500001	39.5
14600001	39.6
14700001	36.2
14800001	37.2
14900001	41
15000001	40
15100001	42.4
15200001	42.3
15300001	40.9
15400001	38.7
15500001	39.9
15600001	43.7
15700001	41.5
15800001	41
15900001	45.4
16000001	36.6
16100001	35.9
16200001	33.6
16300001	34.3
16400001	35
16500001	36.6
16600001	38.9
16700001	39.5
16800001	46.8
16900001	45
17000001	46
17100001	39
17200001	43.8
17300001	40.3
17400001	50.6
17500001	50.7
17600001	45.3
17700001	51.2
17800001	44.6
17900001	41.9
18000001	40.1
18100001	41
18200001	43.3
18300001	40.7
18400001	43.3
18500001	40.1
18600001	43.7
18700001	49.6
18800001	42.1
18900001	40.4
19000001	39.5
19100001	40.2
19200001	42.6
19300001	43.3
19400001	44.3
19500001	45.4
19600001	44.5
19700001	45.7
19800001	44
19900001	43.6
20000001	44
20100001	45
20200001	40
20300001	39.4
20400001	36.8
20500001	40.7
20600001	45.1
20700001	40.2
20800001	39.9
20900001	38.4
21000001	38.2
21100001	38.9
21200001	37.7
21300001	37.5
21400001	36
21500001	36.8
21600001	37
21700001	36.1
21800001	36.2
21900001	37
22000001	36.9
22100001	37
22200001	35.2
22300001	37
22400001	36.7
22500001	36.9
22600001	36.1
22700001	35.2
22800001	36.6
22900001	36.6
23000001	36.9
23100001	36
23200001	36.1
23300001	36.2
23400001	36.2
23500001	35.5
23600001	34.4
23700001	35.9
23800001	35.1
23900001	37.6
24000001	35.8
24100001	34.6
24200001	35.4
24300001	35.7
24400001	35.8
24500001	33.9
24600001	34.7
24700001	35.7
24800001	35.6
24900001	35.5
25000001	35.5
25100001	34.9
25200001	33.7
25300001	35.6
25400001	34.2
25500001	35.1
25600001	35.2
25700001	36.1
25800001	36.6
25900001	35.4
26000001	35.2
26100001	36.1
26200001	36
26300001	36.9
26400001	36.1
26500001	35.4
26600001	37.2
26700001	36.7
26800001	36.2
26900001	38.1
27000001	38.6
27100001	38
27200001	41.1
27300001	38.4
27400001	39.7
27500001	39
27600001	40.3
27700001	40.7
27800001	40.7
27900001	39.8
28000001	34.7
28100001	35.3
28200001	34.8
28300001	36.4
28400001	38.1
28500001	39.1
28600001	38.5
28700001	37.3
28800001	36.6
28900001	35.7
29000001	35.4
29100001	35.6
29200001	36.3
29300001	36.2
29400001	36.5
29500001	35.8
29600001	37.1
29700001	37.7
29800001	37.3
29900001	37.5
30000001	38.4
30100001	38.3
30200001	38.3
30300001	37.9
30400001	40.3
30500001	39
30600001	37.7
30700001	37.7
30800001	39.4
30900001	36.9
31000001	35.8
31100001	36.2
31200001	35.8
31300001	36.5
31400001	35.8
31500001	36.3
31600001	33.9
31700001	36.9
31800001	45.2
31900001	42.6
32000001	42.6
32100001	43.2
32200001	42
32300001	42.8
32400001	45.7
32500001	42.1
32600001	37.7
32700001	37.3
32800001	39.3
32900001	39.6
33000001	42.2
33100001	37.5
33200001	41.9
33300001	39.6
33400001	42.4
33500001	42.2
33600001	43.9
33700001	41.9
33800001	42.5
33900001	44.1
34000001	43
34100001	46.7
34200001	48
34300001	44.9
34400001	40.5
34500001	44.1
34600001	42.4
34700001	39
34800001	40.7
34900001	37.4
35000001	39.2
35100001	43.7
35200001	40.2
35300001	42.4
35400001	42.4
35500001	42
35600001	42.4
35700001	39.4
35800001	42.9
35900001	42
36000001	43.8
36100001	44.5
36200001	44.9
36300001	42
36400001	44.7
36500001	39.2
36600001	37.8
36700001	40.7
36800001	39.1
36900001	37.9
37000001	37
37100001	36.4
37200001	37.2
37300001	36.5
37400001	35.7
37500001	34.6
37600001	34.9
37700001	34.3
37800001	34.8
37900001	35.3
38000001	34.7
38100001	35.3
38200001	35.8
38300001	34.7
38400001	35.2
38500001	35
38600001	35.5
38700001	35.6
38800001	35.3
38900001	34.4
39000001	35.4
39100001	35.3
39200001	35.6
39300001	38
39400001	37.2
39500001	35.8
39600001	35.7
39700001	37
39800001	37.1
39900001	37.2
40000001	37.2
40100001	37.5
40200001	38.2
40300001	37.2
40400001	36.4
40500001	36.1
40600001	37.2
40700001	36.3
40800001	35.9
40900001	36.1
41000001	36.6
41100001	35.9
41200001	37.1
41300001	37.1
41400001	36.3
41500001	36.9
41600001	37
41700001	37.7
41800001	36.5
41900001	37
42000001	36
42100001	36.1
42200001	36.6
42300001	37.3
42400001	38
42500001	37.7
42600001	38.7
42700001	37.2
42800001	37.9
42900001	39.8
43000001	39.5
43100001	40.7
43200001	40.1
43300001	40.3
43400001	37.2
43500001	44.4
43600001	39.2
43700001	38.6
43800001	38.7
43900001	45.1
44000001	46.5
44100001	41.2
44200001	43.1
44300001	50.4
44400001	47.1
44500001	48.3
44600001	49.4
44700001	48.6
44800001	49.5
44900001	53.7
45000001	46.9
45100001	47.4
45200001	48.1
45300001	44.6
45400001	48.5
45500001	48.1
45600001	48.6
45700001	47.3
45800001	46.8
45900001	50.1
46000001	37.9
46100001	40.6
46200001	45.5
46300001	54.2
46400001	47.7
46500001	42.8
46600001	44.8
46700001	47.4
46800001	42
46900001	44.6
47000001	39.5
47100001	45.7
47200001	50.1
47300001	50.7
47400001	51.7
47500001	44.2
47600001	47.3
47700001	44.2
47800001	42.7
47900001	46.2
48000001	46.7
48100001	44.4
48200001	39.4
48300001	38.8
48400001	38.3
48500001	37
48600001	37.2
48700001	37.6
48800001	37.3
48900001	39.8
49000001	37.8
49100001	36.6
49200001	36.3
49300001	35.6
49400001	35.3
49500001	34.9
49600001	35
49700001	35.7
49800001	39.3
49900001	38.2
50000001	39.9
50100001	39.8
50200001	41.4
50300001	37.3
50400001	37.2
50500001	36.9
50600001	37
50700001	37.2
50800001	0
50900001	0
51000001	0
51100001	37.4
51200001	37.7
51300001	37.2
51400001	37
51500001	38.2
51600001	0
51700001	0
51800001	0
51900001	0
52000001	0
52100001	0
52200001	0
52300001	0
52400001	0
52500001	0
52600001	0
52700001	0
52800001	0
52900001	0
53000001	0
53100001	0
53200001	0
53300001	0
53400001	0
53500001	0
53600001	0
53700001	0
53800001	0
53900001	0
54000001	0
54100001	0
54200001	0
54300001	0
54400001	0
54500001	0
54600001	0
54700001	37.3
54800001	37.2
54900001	36.5
55000001	36.9
55100001	37
55200001	36.8
55300001	37.7
55400001	34.9
55500001	35.8
55600001	37.2
55700001	35.8
55800001	34.8
55900001	35
56000001	36.1
56100001	35.3
56200001	36.8
56300001	37
56400001	36.7
56500001	36.5
56600001	38.7
56700001	38.4
56800001	39.2
56900001	44.6
57000001	48.2
57100001	48.8
57200001	50.1
57300001	47.2
57400001	46.8
57500001	43.5
57600001	42
57700001	41.8
57800001	39.8
57900001	38.7
58000001	36.9
58100001	35.7
58200001	38.3
58300001	37.7
58400001	39.7
58500001	38
58600001	40
58700001	39.3
58800001	40.3
58900001	43.2
59000001	41.6
59100001	38.7
59200001	39.9
59300001	43.6
59400001	40.2
59500001	43.1
59600001	39.9
59700001	37.3
59800001	39
59900001	38.3
60000001	38.2
60100001	40.1
60200001	39.4
60300001	37.9
60400001	40.8
60500001	49.4
60600001	50.2
60700001	50.4
60800001	49
60900001	49
61000001	49
61100001	47.8
61200001	51.8
61300001	55.3
61400001	53.2
61500001	55.6
61600001	54.9
61700001	47.6
61800001	45.3
61900001	44.9
62000001	43.2
62100001	46.8
62200001	48.6
62300001	52.8
62400001	49.9
62500001	49
62600001	49.9
62700001	47.9
62800001	39.3
62900001	39.8
63000001	39.4
63100001	38.7
63200001	42.6
63300001	45.8
63400001	42.7
63500001	48.7
63600001	51.3
63700001	55
63800001	58.1
63900001	54.6
64000001	58.1
64100001	52.9
64200001	47.7
64300001	53.6
64400001	54.1
64500001	54.5
64600001	57.4
64700001	49
64800001	53.5
64900001	48.7
65000001	49.1
65100001	52.8
65200001	49.1
65300001	58.9
65400001	51
65500001	49
65600001	54.4
65700001	52.3
65800001	46.1
65900001	43.1
66000001	56.3
66100001	50.9
66200001	50.8
66300001	51.9
66400001	49.7
66500001	42.5
66600001	52.9
66700001	50.3
66800001	52
66900001	41.8
67000001	53.1
67100001	55.4
67200001	56.3
67300001	49.9
67400001	49.4
67500001	48.1
67600001	44.5
67700001	52.2
67800001	48.6
67900001	46
68000001	49.5
68100001	54.3
68200001	45.4
68300001	42.5
68400001	48.8
68500001	49
68600001	49.5
68700001	52.2
68800001	56
68900001	49.8
69000001	52.2
69100001	48.5
69200001	52.4
69300001	50.7
69400001	50.5
69500001	51.9
69600001	52.5
69700001	51.2
69800001	49
69900001	53.2
70000001	51.7
70100001	46
70200001	48.6
70300001	53
70400001	52.2
70500001	52.5
70600001	53.1
70700001	49.7
70800001	50
70900001	49.3
71000001	48.5
71100001	50.8
71200001	48.4
71300001	46.3
71400001	46
71500001	41.4
71600001	43.6
71700001	46.7
71800001	47
71900001	47.2
72000001	45.9
72100001	44.7
72200001	45.7
72300001	55.4
72400001	55
72500001	45.7
72600001	38.7
72700001	37.9
72800001	44.2
72900001	49.4
73000001	55.3
73100001	43.9
73200001	41.1
73300001	45.5
73400001	42.7
73500001	43.4
73600001	46.2
73700001	43.6
73800001	38.4
73900001	40.5
74000001	39
74100001	42.2
74200001	43.1
74300001	42.7
74400001	45.7
74500001	41.5
74600001	40.8
74700001	42.7
74800001	46.9
74900001	50.6
75000001	49.7
75100001	52
75200001	52.4
75300001	43.9
75400001	47.5
75500001	43.2
75600001	37.3
75700001	37.8
75800001	46.8
75900001	54.4
76000001	46.4
76100001	40.9
76200001	39
76300001	50.9
76400001	50.3
76500001	44.1
76600001	38.8
76700001	45.5
76800001	55.4
76900001	44.4
77000001	39.8
77100001	40.8
77200001	42.3
77300001	41.1
77400001	38.2
77500001	42.5
77600001	40.2
77700001	46.6
77800001	44.9
77900001	46.2
78000001	40
78100001	40.4
78200001	38.7
78300001	43.5
78400001	44.9
78500001	43.7
78600001	44.6
78700001	45
78800001	42.6
78900001	45.1
79000001	44.3
79100001	42.9
79200001	42.1
79300001	41.8
79400001	38.2
79500001	39.4
79600001	38.6
79700001	38.5
79800001	38.9
79900001	37.1
80000001	38.1
80100001	37.5
80200001	38.2
80300001	37.1
80400001	36.6
80500001	36.1
80600001	35.8
80700001	36.1
80800001	35.6
80900001	36.6
81000001	36.1
81100001	36
81200001	35.5
81300001	34.9
81400001	35.6
81500001	35.8
81600001	34.9
81700001	36.9
81800001	36.5
81900001	36.3
82000001	35.6
82100001	36.9
82200001	38.3
82300001	37.8
82400001	40.5
82500001	39.6
82600001	39.5
82700001	41.7
82800001	39.8
82900001	39
83000001	40.9
83100001	40.7
83200001	38.5
83300001	38.3
83400001	38.3
83500001	38.2
83600001	36.5
83700001	36.1
83800001	36.5
83900001	37.5
84000001	36.3
84100001	35.8
84200001	37.2
84300001	37.3
84400001	36
84500001	36.8
84600001	36.2
84700001	35.6
84800001	36.4
84900001	36.3
85000001	37.1
85100001	38.4
85200001	37.4
85300001	38.8
85400001	39.9
85500001	40.9
85600001	40.2
85700001	37.8
85800001	41.7
85900001	39
86000001	38.6
86100001	42.6
86200001	42.6
86300001	41.6
86400001	40.6
86500001	42.4
86600001	42.3
86700001	40.3
86800001	35.8
86900001	35.7
87000001	39.6
87100001	39.9
87200001	39
87300001	38.3
87400001	37.7
87500001	36.4
87600001	36.5
87700001	38.2
87800001	37.5
87900001	38
88000001	37.7
88100001	38
88200001	37.4
88300001	36.5
88400001	36.8
88500001	35.3
88600001	35
88700001	36
88800001	33.7
88900001	35.3
89000001	35.5
89100001	35.7
89200001	35.9
89300001	36.1
89400001	37.1
89500001	38.8
89600001	38.6
89700001	38.8
89800001	36.6
89900001	36
90000001	37.1
90100001	36.2
90200001	35
90300001	34.9
90400001	34.8
90500001	34.6
90600001	35
90700001	35.3
90800001	34.7
90900001	34.7
91000001	35.8
91100001	35.7
91200001	35.3
91300001	36.7
91400001	35.9
91500001	37.9
91600001	38.1
91700001	38
91800001	38.7
91900001	38.9
92000001	38.9
92100001	39.8
92200001	38.2
92300001	39.4
92400001	39.9
92500001	41.2
92600001	42.2
92700001	40.8
92800001	38.2
92900001	38
93000001	38.5
93100001	37.4
93200001	44.1
93300001	40.9
93400001	39.1
93500001	43.3
93600001	41.7
93700001	40
93800001	41.6
93900001	40.6
94000001	41.3
94100001	40.2
94200001	38.9
94300001	40.8
94400001	41
94500001	41.8
94600001	42.3
94700001	39.5
94800001	43.2
94900001	36.6
95000001	41.8
95100001	40.4
95200001	39.7
95300001	36.6
95400001	38.6
95500001	36.4
95600001	37.6
95700001	39
95800001	41.1
95900001	40.1
96000001	38.9
96100001	37.3
96200001	38.4
96300001	0
96400001	37.3
96500001	37
96600001	36.5
96700001	36.2
96800001	35.9
96900001	36.2
97000001	36.3
97100001	36.9
97200001	35.9
97300001	35.6
97400001	34.7
97500001	35
97600001	36.4
97700001	34.6
97800001	35.2
97900001	35.4
98000001	35.2
98100001	34.3
98200001	36.4
98300001	35.8
98400001	35.8
98500001	35.8
98600001	36
98700001	35.9
98800001	34.6
98900001	34.6
99000001	34
99100001	33.3
99200001	35.4
99300001	34.1
99400001	35.9
99500001	34.6
99600001	35.2
99700001	35
99800001	36.2
99900001	35.1
100000001	35.3
100100001	36.7
100200001	37.3
100300001	39
100400001	38.6
100500001	39.3
100600001	39.2
100700001	37.6
100800001	36.6
100900001	37.6
101000001	37.3
101100001	39.2
101200001	37
101300001	38
101400001	37.6
101500001	38.3
101600001	37.4
101700001	38.1
101800001	37.5
101900001	41.1
102000001	38.1
102100001	42
102200001	39.5
102300001	40.7
102400001	39.4
102500001	39.4
102600001	39.3
102700001	40
102800001	38.4
102900001	35.8
103000001	34.3
103100001	34.9
103200001	36.7
103300001	36.1
103400001	39.7
103500001	38.2
103600001	38.1
103700001	39.2
103800001	37.6
103900001	36
104000001	37.1
104100001	35.5
104200001	35.8
104300001	35.3
104400001	35.7
104500001	34.5
104600001	36.5
104700001	35.4
104800001	36.9
104900001	37.7
105000001	35.8
105100001	35.3
105200001	34.8
105300001	35.5
105400001	34.9
105500001	34.9
105600001	35.6
105700001	35.6
105800001	36.6
105900001	36.9
106000001	39.3
106100001	38.6
106200001	38.1
106300001	35.6
106400001	36.6
106500001	35.2
106600001	36.2
106700001	35.4
106800001	37.4
106900001	37.4
107000001	37.6
107100001	39.1
107200001	36.5
107300001	37.1
107400001	38.7
107500001	40
107600001	41.7
107700001	44.5
107800001	42.5
107900001	40.1
108000001	40.1
108100001	37.2
108200001	39.1
108300001	40.8
108400001	41.3
108500001	38.4
108600001	37
108700001	37.1
108800001	40.5
108900001	40.2
109000001	37.9
109100001	37.3
109200001	39
109300001	37.6
109400001	38.3
109500001	37.6
109600001	38.6
109700001	37.6
109800001	39.2
109900001	39.7
110000001	40.1
110100001	39.2
110200001	41.7
110300001	41.2
110400001	39.2
110500001	36.6
110600001	38.6
110700001	39.9
110800001	40.4
110900001	39.7
111000001	39.1
111100001	41.7
111200001	44
111300001	42
111400001	40.5
111500001	40.3
111600001	42.8
111700001	41.7
111800001	43.5
111900001	41
112000001	40
112100001	43.2
112200001	43.8
112300001	41.1
112400001	43.6
112500001	41.8
112600001	45.8
112700001	43.5
112800001	38.9
112900001	40.7
113000001	42.5
113100001	44.8
113200001	46.9
113300001	45.7
113400001	42.3
113500001	45.4
113600001	40.6
113700001	42.7
113800001	47.4
113900001	47.3
114000001	47.1
114100001	45.1
114200001	39.2
114300001	38.1
114400001	39.3
114500001	37.1
114600001	41.9
114700001	41.7
114800001	40.6
114900001	44
115000001	43.8
115100001	38.4
115200001	37
115300001	39.7
115400001	44.8
115500001	46.4
115600001	44.6
115700001	40.6
115800001	41.5
115900001	44.9
116000001	45.5
116100001	44.9
116200001	47.3
116300001	46.1
116400001	47.8
116500001	47.4
116600001	45.8
116700001	43.9
116800001	39.6
116900001	41.7
117000001	48.9
117100001	45.8
117200001	48.5
117300001	52.1
117400001	49
117500001	49.4
117600001	50.4
117700001	48.8
117800001	46.2
117900001	47.4
118000001	48.5
118100001	41.7
118200001	42.6
118300001	42
118400001	47.5
118500001	49.5
118600001	43.4
118700001	51.5
118800001	49.3
118900001	50.3
119000001	49.6
119100001	43.8
119200001	49.9
119300001	48.8
119400001	48
119500001	54.6
119600001	50.3
119700001	49.4
119800001	47.6
119900001	49.6
120000001	49.5
120100001	48
120200001	37.4
120300001	42.5
120400001	49.5
120500001	47.3
120600001	46.3
120700001	48.3
120800001	44.5
120900001	39.4
121000001	41.9
121100001	39.9
121200001	42.8
121300001	44.1
121400001	43.3
121500001	42.2
121600001	39.8
121700001	39.4
121800001	38.5
121900001	37.9
122000001	39.6
122100001	39.9
122200001	39.5
122300001	38.4
122400001	42.7
122500001	46.5
122600001	44.6
122700001	41.5
122800001	42.1
122900001	44.9
123000001	44.9
123100001	44.4
123200001	42.5
123300001	45.7
123400001	48
123500001	42.5
123600001	38.5
123700001	37.8
123800001	37.4
123900001	37.8
124000001	38.2
124100001	35.7
124200001	37.6
124300001	38.4
124400001	39.5
124500001	41.9
124600001	45
124700001	48
124800001	38.4
124900001	44.6
125000001	47.9
125100001	48.3
125200001	49.6
125300001	44
125400001	41.8
125500001	40.2
125600001	38.7
125700001	42.3
125800001	42.7
125900001	45
126000001	48.1
126100001	45.9
126200001	51.5
126300001	52.3
126400001	48.9
126500001	45.8
126600001	44.6
126700001	44.1
126800001	43.2
126900001	42.7
127000001	40.3
127100001	39.6
127200001	38.5
127300001	39
127400001	39.1
127500001	36.8
127600001	38
127700001	38
127800001	37.6
127900001	37.4
128000001	39.8
128100001	39.3
128200001	40.3
128300001	42.2
128400001	43
128500001	44.1
128600001	46.2
128700001	47.9
128800001	40.9
128900001	36.6
129000001	36.4
129100001	41
129200001	41.9
129300001	40.6
129400001	43.6
129500001	42.1
129600001	42.7
129700001	44.4
129800001	43.9
129900001	43.4
130000001	49.6
130100001	40.1
130200001	46.4
130300001	46.4
130400001	44.3
130500001	43.2
130600001	42.9
130700001	42.6
130800001	38.6
130900001	42.8
131000001	43.4
131100001	42.5
131200001	43.2
131300001	44.4
131400001	44.5
131500001	45.1
131600001	41.7
131700001	42.8
131800001	41.2
131900001	42.9
132000001	43
132100001	42.7
132200001	42.2
132300001	41.5
132400001	39.9
132500001	40.6
132600001	40.5
132700001	41.1
132800001	42.6
132900001	43.6
133000001	43.3
133100001	42.2
133200001	42
133300001	41.4
133400001	43.4
133500001	44.1
133600001	43.1
133700001	47
133800001	52.5
133900001	45
134000001	43.6
134100001	45.2
134200001	52.7
134300001	50.3
134400001	46.9
134500001	46.1
134600001	44.6
134700001	45.1
134800001	44.7
134900001	47
