variableStep chrom=chr17 span=100000
1	54
100001	53.7
200001	50
300001	0
400001	47
500001	45.4
600001	48.1
700001	51.8
800001	50.2
900001	56.7
1000001	54.8
1100001	52.4
1200001	47.2
1300001	52.9
1400001	52.4
1500001	52.8
1600001	53.8
1700001	44.7
1800001	52.8
1900001	55.7
2000001	45.1
2100001	43.8
2200001	52.1
2300001	45.8
2400001	46.6
2500001	44.1
2600001	54.1
2700001	51.8
2800001	50
2900001	45.7
3000001	41.3
3100001	40.8
3200001	41.2
3300001	40
3400001	50.9
3500001	54
3600001	50.2
3700001	51
3800001	55.1
3900001	45
4000001	46.8
4100001	42.8
4200001	44.1
4300001	51.4
4400001	56.8
4500001	48.7
4600001	50.4
4700001	52.1
4800001	52.7
4900001	50
5000001	46.6
5100001	46.6
5200001	41.3
5300001	43.8
5400001	46.9
5500001	46.7
5600001	45.8
5700001	44
5800001	44.9
5900001	48.2
6000001	46.9
6100001	45.9
6200001	44.9
6300001	51.7
6400001	49.1
6500001	45.6
6600001	44.9
6700001	41.9
6800001	43.1
6900001	50.2
7000001	49.3
7100001	54
7200001	54
7300001	54.4
7400001	50.9
7500001	49.7
7600001	49.3
7700001	51.1
7800001	48
7900001	51
8000001	52.6
8100001	50.3
8200001	48.8
8300001	45.5
8400001	41.4
8500001	43.2
8600001	46
8700001	48.9
8800001	44.6
8900001	47.5
9000001	49.9
9100001	50.6
9200001	43.2
9300001	43.4
9400001	42
9500001	43.3
9600001	45.5
9700001	45.2
9800001	49.2
9900001	47
10000001	47.9
10100001	44.6
10200001	44.6
10300001	37.7
10400001	39.7
10500001	45
10600001	44.6
10700001	46
10800001	41.5
10900001	42.2
11000001	41.3
11100001	44.9
11200001	43
11300001	43.3
11400001	43.2
11500001	42.7
11600001	42.2
11700001	42.4
11800001	43.2
11900001	38.6
12000001	38
12100001	42.5
12200001	39.4
12300001	39.9
12400001	38.5
12500001	41.2
12600001	42.6
12700001	40.3
12800001	45.3
12900001	44.4
13000001	39.5
13100001	38.7
13200001	39.2
13300001	39.7
13400001	40.6
13500001	39.1
13600001	39.5
13700001	40.4
13800001	42.3
13900001	40.5
14000001	37.4
14100001	42.7
14200001	44.5
14300001	40.7
14400001	40.8
14500001	38.7
14600001	41.3
14700001	38.9
14800001	40.2
14900001	40.6
15000001	41.6
15100001	42.5
15200001	41.5
15300001	45.9
15400001	42.7
15500001	45.2
15600001	44.6
15700001	43.3
15800001	46.6
15900001	40.5
16000001	38.7
16100001	43.7
16200001	46.5
16300001	52.4
16400001	43.3
16500001	40.7
16600001	38.4
16700001	51.2
16800001	48.6
16900001	50.7
17000001	52.3
17100001	48.1
17200001	50.1
17300001	48.9
17400001	55.3
17500001	50.6
17600001	56.2
17700001	54.6
17800001	47.4
17900001	47.6
18000001	54.7
18100001	54
18200001	50.9
18300001	50.1
18400001	40.6
18500001	42.8
18600001	44.5
18700001	42.2
18800001	50.7
18900001	53.5
19000001	51.1
19100001	49.1
19200001	50.7
19300001	47.6
19400001	47.6
19500001	42.6
19600001	49.4
19700001	43.1
19800001	42.7
19900001	42.6
20000001	42.2
20100001	42.7
20200001	39.9
20300001	46.1
20400001	50.2
20500001	43.5
20600001	41.8
20700001	39.9
20800001	44.1
20900001	47.4
21000001	44.6
21100001	52.8
21200001	54.7
21300001	49.5
21400001	43.1
21500001	42.4
21600001	33.5
21700001	39.8
21800001	42.8
21900001	45.1
22000001	39
22100001	36
22200001	41.2
22300001	0
22400001	0
22500001	0
22600001	0
22700001	0
22800001	0
22900001	0
23000001	0
23100001	0
23200001	0
23300001	0
23400001	0
23500001	0
23600001	0
23700001	0
23800001	0
23900001	0
24000001	0
24100001	0
24200001	0
24300001	0
24400001	0
24500001	0
24600001	0
24700001	0
24800001	0
24900001	0
25000001	0
25100001	0
25200001	37.4
25300001	41.1
25400001	38.3
25500001	41.7
25600001	45.2
25700001	48.2
25800001	48.6
25900001	51.9
26000001	45.4
26100001	45.4
26200001	45.9
26300001	41.4
26400001	36.6
26500001	46.6
26600001	46.6
26700001	46.8
26800001	52.5
26900001	47.1
27000001	51.9
27100001	46.2
27200001	49.6
27300001	50.5
27400001	53.9
27500001	44.7
27600001	43.5
27700001	42.3
27800001	42.9
27900001	50.7
28000001	40.6
28100001	40.7
28200001	39
28300001	38.3
28400001	39.8
28500001	43.6
28600001	42
28700001	38.9
28800001	44.6
28900001	45.9
29000001	48.2
29100001	42.5
29200001	45.4
29300001	42.9
29400001	40.2
29500001	36.9
29600001	37.2
29700001	49.8
29800001	51.7
29900001	45.9
30000001	44.9
30100001	45.7
30200001	44.2
30300001	43.3
30400001	45
30500001	43.5
30600001	47
30700001	41.8
30800001	46.9
30900001	40.3
31000001	38.5
31100001	39.2
31200001	44.5
31300001	46.1
31400001	46.2
31500001	45.2
31600001	44.9
31700001	43.6
31800001	46.1
31900001	44
32000001	43.6
32100001	43.2
32200001	44.8
32300001	42.9
32400001	43.5
32500001	42.4
32600001	41.5
32700001	46.4
32800001	47.2
32900001	52.1
33000001	46
33100001	48.4
33200001	42.9
33300001	44.5
33400001	47.3
33500001	43
33600001	40.9
33700001	40.3
33800001	42.5
33900001	39.5
34000001	46.4
34100001	44.6
34200001	44.9
34300001	43.5
34400001	44.8
34500001	48.2
34600001	43.9
34700001	47.4
34800001	49
34900001	47.6
35000001	49.9
35100001	48.9
35200001	51.4
35300001	40.2
35400001	44.1
35500001	38.7
35600001	40.9
35700001	44.2
35800001	43.8
35900001	39.7
36000001	45.2
36100001	45.2
36200001	45.1
36300001	43.1
36400001	47.5
36500001	48.9
36600001	53.8
36700001	53.9
36800001	53.1
36900001	49.5
37000001	49.6
37100001	43.4
37200001	49.8
37300001	53.9
37400001	43.3
37500001	44.4
37600001	43.9
37700001	52.8
37800001	54.1
37900001	43.5
38000001	43.5
38100001	51.4
38200001	51.5
38300001	47.9
38400001	49
38500001	48.5
38600001	51.4
38700001	44.4
38800001	40.1
38900001	39.3
39000001	40.8
39100001	39.6
39200001	40
39300001	40.1
39400001	43.2
39500001	44.7
39600001	50.7
39700001	52.2
39800001	51.8
39900001	53.2
40000001	49.1
40100001	49.6
40200001	53
40300001	49.8
40400001	47.5
40500001	46.6
40600001	47.6
40700001	49
40800001	50.2
40900001	48.7
41000001	47.6
41100001	49.3
41200001	44
41300001	46.3
41400001	47.2
41500001	44.9
41600001	49.6
41700001	50.2
41800001	47.4
41900001	50.5
42000001	50.6
42100001	51.4
42200001	53.8
42300001	52.1
42400001	50.9
42500001	41.7
42600001	49.6
42700001	43
42800001	50.8
42900001	48.9
43000001	52.4
43100001	50.8
43200001	51.2
43300001	52.8
43400001	49.4
43500001	50.5
43600001	44
43700001	47.3
43800001	51
43900001	50.5
44000001	49.5
44100001	41.1
44200001	41.4
44300001	44.9
44400001	42.2
44500001	39.1
44600001	42.6
44700001	38
44800001	48.5
44900001	50.3
45000001	47.2
45100001	42.6
45200001	41
45300001	45.9
45400001	37.9
45500001	42.5
45600001	41.3
45700001	48.2
45800001	48.5
45900001	51.2
46000001	50.2
46100001	48.8
46200001	42.5
46300001	37.5
46400001	38
46500001	44.8
46600001	51.9
46700001	46.3
46800001	47.9
46900001	46.1
47000001	47.6
47100001	45.6
47200001	47.1
47300001	46.9
47400001	45.4
47500001	52.4
47600001	48.3
47700001	43.7
47800001	44.8
47900001	52.3
48000001	51.8
48100001	52.7
48200001	55.1
48300001	47.7
48400001	48.4
48500001	49.3
48600001	56.9
48700001	50.4
48800001	45.5
48900001	48.3
49000001	43.9
49100001	41
49200001	43.5
49300001	40.4
49400001	44.8
49500001	42
49600001	41.6
49700001	42.6
49800001	41.4
49900001	40
50000001	36.5
50100001	38.7
50200001	38.3
50300001	37.2
50400001	37.8
50500001	37.1
50600001	37.5
50700001	36.6
50800001	36.1
50900001	36.4
51000001	36.1
51100001	35.2
51200001	34.9
51300001	34.6
51400001	35.4
51500001	36.3
51600001	34.7
51700001	36.2
51800001	37.4
51900001	36.1
52000001	36.2
52100001	36.7
52200001	36.3
52300001	37.6
52400001	37.6
52500001	37
52600001	37.2
52700001	37
52800001	37.5
52900001	40.1
53000001	38.7
53100001	35.2
53200001	38.6
53300001	43.3
53400001	42.3
53500001	42.2
53600001	39.1
53700001	40.5
53800001	39.5
53900001	39.7
54000001	39.6
54100001	40.8
54200001	41.1
54300001	38.6
54400001	38.3
54500001	39.9
54600001	44.2
54700001	45
54800001	45.5
54900001	43.2
55000001	43.7
55100001	46.2
55200001	44.5
55300001	44.7
55400001	45.6
55500001	47.9
55600001	48.2
55700001	47.3
55800001	45.7
55900001	50
56000001	45.5
56100001	44.5
56200001	44.9
56300001	47.9
56400001	46
56500001	43.1
56600001	46.1
56700001	45.1
56800001	39.5
56900001	39.5
57000001	40.4
57100001	39.8
57200001	43.6
57300001	42.2
57400001	46.2
57500001	44.2
57600001	40.6
57700001	39.1
57800001	39.1
57900001	44.2
58000001	42.9
58100001	44.8
58200001	46.5
58300001	38.4
58400001	42.3
58500001	41
58600001	43.9
58700001	42
58800001	39.2
58900001	36.7
59000001	36.4
59100001	37.1
59200001	39.1
59300001	42.8
59400001	52.3
59500001	46.7
59600001	38.3
59700001	36.5
59800001	35.4
59900001	38.2
60000001	39.8
60100001	41.7
60200001	44.3
60300001	42.3
60400001	40.2
60500001	45.4
60600001	40.9
60700001	51.9
60800001	44.9
60900001	42.7
61000001	39.2
61100001	35.9
61200001	36.9
61300001	37.5
61400001	40.2
61500001	53.4
61600001	48.1
61700001	46.9
61800001	42.4
61900001	49.9
62000001	53.2
62100001	45.4
62200001	44
62300001	45.8
62400001	43.5
62500001	39.6
62600001	42.1
62700001	48.7
62800001	45.4
62900001	43.7
63000001	43.2
63100001	46.5
63200001	45.2
63300001	43.2
63400001	45.5
63500001	49
63600001	42.5
63700001	38.3
63800001	37.4
63900001	37.6
64000001	36.8
64100001	38
64200001	44.4
64300001	41.6
64400001	43.5
64500001	43.7
64600001	43.1
64700001	46.9
64800001	47.5
64900001	50.2
65000001	46.2
65100001	37.2
65200001	44.7
65300001	44.5
65400001	44.4
65500001	43.9
65600001	44.9
65700001	44.8
65800001	41.5
65900001	42.8
66000001	45.9
66100001	44.8
66200001	45.1
66300001	47.3
66400001	43.8
66500001	43.4
66600001	40.7
66700001	40.9
66800001	38.6
66900001	37.7
67000001	37
67100001	35.7
67200001	35
67300001	39.3
67400001	41.4
67500001	39.9
67600001	38.6
67700001	38.6
67800001	38.3
67900001	37.6
68000001	37.5
68100001	38.8
68200001	36.9
68300001	37.8
68400001	36.6
68500001	36.9
68600001	36.8
68700001	36.5
68800001	36.8
68900001	37.5
69000001	37.5
69100001	37.3
69200001	36.9
69300001	39.1
69400001	37.2
69500001	37.8
69600001	36.5
69700001	38.2
69800001	39.5
69900001	41.1
70000001	41.6
70100001	45.6
70200001	44.1
70300001	47.2
70400001	46.8
70500001	48
70600001	47.6
70700001	47
70800001	44.2
70900001	45.7
71000001	45.9
71100001	47.3
71200001	48
71300001	53.4
71400001	50.3
71500001	53.1
71600001	47.7
71700001	50.3
71800001	49
71900001	46.6
72000001	49.6
72100001	49.3
72200001	52.2
72300001	54
72400001	51.5
72500001	48
72600001	47.4
72700001	52.4
72800001	56.1
72900001	54.2
73000001	50.8
73100001	48.9
73200001	50.3
73300001	44.9
73400001	50.8
73500001	56.2
73600001	52.5
73700001	52.6
73800001	55.9
73900001	49.4
74000001	53.1
74100001	49
74200001	49
74300001	50.2
74400001	52.3
74500001	52
74600001	48.5
74700001	46.2
74800001	51.9
74900001	52.3
75000001	48.6
75100001	46.1
75200001	51.6
75300001	53.6
75400001	56.2
75500001	49.3
75600001	48.1
75700001	50.1
75800001	51.1
75900001	45.2
76000001	42.7
76100001	55.6
76200001	54
76300001	53.1
76400001	54
76500001	49.9
76600001	48.5
76700001	46.4
76800001	50.4
76900001	53.9
77000001	52.7
77100001	58.4
77200001	53.9
77300001	53.2
77400001	54.4
77500001	54.4
77600001	54.8
77700001	55.1
77800001	53.5
77900001	53.2
78000001	52.5
78100001	51.4
78200001	51.4
78300001	49.4
78400001	56.3
78500001	46.6
78600001	47
78700001	47.6
78800001	53.6
78900001	54.6
79000001	61.2
79100001	59
79200001	57.7
79300001	58.9
79400001	60.1
79500001	52
79600001	56.7
79700001	60.4
79800001	57.8
79900001	59.5
80000001	57.7
80100001	55.1
80200001	56.3
80300001	55.3
80400001	51.2
80500001	50.1
80600001	54
80700001	51.6
80800001	54.1
80900001	50.9
81000001	56.7
