variableStep chrom=chr7 span=100000
1	48.6
100001	53.6
200001	60.3
300001	54.7
400001	56.7
500001	58.4
600001	54.7
700001	52
800001	51.5
900001	58.8
1000001	59.5
1100001	55.2
1200001	54.4
1300001	57.2
1400001	58.1
1500001	61
1600001	54.2
1700001	55.8
1800001	51.2
1900001	58
2000001	55
2100001	56.6
2200001	52.9
2300001	50.5
2400001	51.5
2500001	58.5
2600001	55.8
2700001	52.8
2800001	45.9
2900001	52
3000001	47.2
3100001	46
3200001	45.8
3300001	41.9
3400001	38.1
3500001	38.3
3600001	40.7
3700001	40
3800001	40.9
3900001	44.5
4000001	46
4100001	49.7
4200001	51.2
4300001	46.4
4400001	43.4
4500001	45.1
4600001	46.4
4700001	50.9
4800001	54.7
4900001	50.2
5000001	45.7
5100001	47.8
5200001	48.9
5300001	54.8
5400001	55.5
5500001	55
5600001	52.4
5700001	44.5
5800001	47.4
5900001	46.6
6000001	46
6100001	46.5
6200001	44.6
6300001	46.8
6400001	48.1
6500001	51.2
6600001	53.6
6700001	46.8
6800001	47.9
6900001	47.6
7000001	43
7100001	39.5
7200001	37.3
7300001	39.3
7400001	39.1
7500001	37.8
7600001	38
7700001	36.8
7800001	37.2
7900001	38.2
8000001	36.6
8100001	41
8200001	39.2
8300001	39.8
8400001	39.5
8500001	37.5
8600001	36.3
8700001	37.2
8800001	34.3
8900001	35.2
9000001	34.7
9100001	35.4
9200001	34.7
9300001	34.2
9400001	35.6
9500001	34.6
9600001	33.9
9700001	36.5
9800001	34.9
9900001	34.4
10000001	34.7
10100001	34.8
10200001	34.5
10300001	36.1
10400001	36.3
10500001	37.4
10600001	36.7
10700001	37.9
10800001	36.7
10900001	38.8
11000001	36.5
11100001	33.9
11200001	38.2
11300001	37
11400001	36
11500001	36
11600001	35.8
11700001	34.9
11800001	34.3
11900001	34.8
12000001	34.7
12100001	36.6
12200001	35.6
12300001	36.9
12400001	35.5
12500001	37.2
12600001	38.4
12700001	39.2
12800001	37.2
12900001	37
13000001	35.9
13100001	36.9
13200001	35.1
13300001	35.4
13400001	34
13500001	34.7
13600001	35
13700001	35.2
13800001	37.8
13900001	37.2
14000001	36.3
14100001	36
14200001	35.3
14300001	35.7
14400001	35.2
14500001	34
14600001	34.3
14700001	35.6
14800001	36.2
14900001	34.2
15000001	36.3
15100001	35.5
15200001	35.2
15300001	35.2
15400001	35.1
15500001	35
15600001	34.9
15700001	35.2
15800001	36.2
15900001	36.9
16000001	35.8
16100001	35.9
16200001	36.2
16300001	36.4
16400001	37.9
16500001	38.9
16600001	38.8
16700001	39.1
16800001	38.8
16900001	37.6
17000001	37.1
17100001	36.4
17200001	36.5
17300001	35.7
17400001	38.4
17500001	37.2
17600001	38.2
17700001	39.5
17800001	34.8
17900001	36.2
18000001	38.8
18100001	37.7
18200001	36.9
18300001	35.5
18400001	35.7
18500001	35.5
18600001	35.7
18700001	35.8
18800001	36.3
18900001	35.8
19000001	37.2
19100001	37.3
19200001	37.1
19300001	35.2
19400001	36
19500001	36
19600001	36.4
19700001	35.9
19800001	34.7
19900001	37.4
20000001	35.6
20100001	37.5
20200001	36.8
20300001	37.3
20400001	37.1
20500001	37.3
20600001	36.9
20700001	38.7
20800001	40.5
20900001	37.7
21000001	37.9
21100001	39
21200001	39.2
21300001	38.9
21400001	39.4
21500001	39.3
21600001	38.3
21700001	38.5
21800001	38.2
21900001	40.9
22000001	41.3
22100001	42.7
22200001	39
22300001	39.8
22400001	41.4
22500001	42.2
22600001	40.7
22700001	41.1
22800001	42.4
22900001	39.7
23000001	38.8
23100001	40.1
23200001	41.2
23300001	42.2
23400001	41.6
23500001	43
23600001	41.6
23700001	39
23800001	38.3
23900001	40.4
24000001	39.2
24100001	40.4
24200001	39.5
24300001	40.1
24400001	41.8
24500001	39
24600001	36.5
24700001	41.8
24800001	41.4
24900001	40.2
25000001	42.1
25100001	42.1
25200001	40.9
25300001	40.3
25400001	40.2
25500001	40.8
25600001	40.9
25700001	41.4
25800001	41.1
25900001	40.9
26000001	42.3
26100001	44.5
26200001	42.4
26300001	43.8
26400001	40.5
26500001	43.4
26600001	43.3
26700001	35.5
26800001	36.3
26900001	38.1
27000001	40.4
27100001	47.7
27200001	51.5
27300001	40.9
27400001	42.2
27500001	41.3
27600001	36.3
27700001	40.1
27800001	37.6
27900001	41.9
28000001	40.6
28100001	40.9
28200001	40.6
28300001	40
28400001	40.8
28500001	40.7
28600001	40.9
28700001	41.3
28800001	40.5
28900001	40.9
29000001	40.1
29100001	42.1
29200001	40.8
29300001	43.3
29400001	42.5
29500001	40.1
29600001	42.2
29700001	37.4
29800001	42.4
29900001	44.1
30000001	40.2
30100001	41.6
30200001	42.9
30300001	38.3
30400001	41.9
30500001	43
30600001	41.9
30700001	51.1
30800001	46.4
30900001	50.6
31000001	51.3
31100001	46.1
31200001	39.5
31300001	38.6
31400001	39.8
31500001	40
31600001	38.5
31700001	41
31800001	37.9
31900001	38
32000001	39.5
32100001	40.7
32200001	41.7
32300001	42
32400001	42.3
32500001	41.5
32600001	38.8
32700001	39.1
32800001	42
32900001	43.4
33000001	41.5
33100001	41.1
33200001	37.5
33300001	35.7
33400001	37.1
33500001	38.4
33600001	38.2
33700001	42.2
33800001	42.3
33900001	41.8
34000001	39.7
34100001	40.8
34200001	41.2
34300001	39
34400001	38.3
34500001	38.1
34600001	38.4
34700001	39.5
34800001	38.8
34900001	40.8
35000001	39.7
35100001	36.6
35200001	37.7
35300001	40
35400001	42.5
35500001	43.4
35600001	40.3
35700001	40.2
35800001	37.9
35900001	39.5
36000001	43.7
36100001	44.8
36200001	44.7
36300001	44.3
36400001	38.8
36500001	43.2
36600001	42.4
36700001	39.6
36800001	40.7
36900001	42.6
37000001	40.9
37100001	40.7
37200001	40.6
37300001	42.5
37400001	42.4
37500001	40.9
37600001	37.4
37700001	38.6
37800001	37.6
37900001	39
38000001	37.6
38100001	37.2
38200001	38.5
38300001	41.2
38400001	39.6
38500001	38.9
38600001	40.2
38700001	40.2
38800001	37.8
38900001	38.8
39000001	36.5
39100001	38
39200001	40
39300001	40.8
39400001	41.1
39500001	41.9
39600001	40
39700001	41.9
39800001	42.6
39900001	42
40000001	38.3
40100001	40.6
40200001	41.2
40300001	38.2
40400001	37.4
40500001	36.2
40600001	39.2
40700001	38.6
40800001	38.9
40900001	40
41000001	41.6
41100001	38.3
41200001	38.2
41300001	39.4
41400001	39.5
41500001	40.6
41600001	38.5
41700001	40.2
41800001	39.8
41900001	42.1
42000001	41.3
42100001	42.1
42200001	41.7
42300001	38.1
42400001	39.6
42500001	39.4
42600001	39
42700001	39.8
42800001	38.1
42900001	40.9
43000001	40.1
43100001	39.7
43200001	42.9
43300001	41.7
43400001	41.7
43500001	42.5
43600001	40.4
43700001	41
43800001	44
43900001	45.8
44000001	52.8
44100001	54.4
44200001	52.9
44300001	49.8
44400001	45.2
44500001	45
44600001	46.6
44700001	48.7
44800001	47.1
44900001	44.9
45000001	48.3
45100001	51.9
45200001	47.3
45300001	40
45400001	42
45500001	40.9
45600001	48.2
45700001	43.5
45800001	46.9
45900001	42.7
46000001	42.2
46100001	37.5
46200001	40.8
46300001	38.7
46400001	38.3
46500001	38.3
46600001	40
46700001	38.5
46800001	38.6
46900001	38.7
47000001	38.6
47100001	39.9
47200001	43.4
47300001	46.3
47400001	48.5
47500001	49.4
47600001	49.3
47700001	45.6
47800001	43.5
47900001	44.7
48000001	41
48100001	42.2
48200001	39.4
48300001	39.9
48400001	39.4
48500001	38.2
48600001	37.6
48700001	38
48800001	38
48900001	38.2
49000001	36.5
49100001	36.4
49200001	36.9
49300001	35.6
49400001	36.4
49500001	35.9
49600001	38
49700001	38.4
49800001	41.9
49900001	37.2
50000001	34.7
50100001	37.5
50200001	40.7
50300001	41.9
50400001	44.3
50500001	42.8
50600001	45.5
50700001	45.3
50800001	45.2
50900001	41.8
51000001	43.7
51100001	42.2
51200001	42.7
51300001	45.1
51400001	45.1
51500001	41.6
51600001	41.8
51700001	39.7
51800001	38.7
51900001	40.3
52000001	37.9
52100001	36.5
52200001	36.8
52300001	39.8
52400001	39.5
52500001	35.8
52600001	36.1
52700001	36.3
52800001	35.9
52900001	37.8
53000001	38
53100001	36.7
53200001	34.9
53300001	37.3
53400001	36.7
53500001	35.3
53600001	36.7
53700001	34.9
53800001	36.4
53900001	36.5
54000001	36.2
54100001	37.5
54200001	37.2
54300001	37
54400001	35.2
54500001	37.8
54600001	38.1
54700001	41.4
54800001	40.8
54900001	38.2
55000001	40.5
55100001	43.7
55200001	45.6
55300001	44.7
55400001	44
55500001	46.5
55600001	44
55700001	42.1
55800001	45.5
55900001	42.9
56000001	45.5
56100001	47.1
56200001	43.3
56300001	43.6
56400001	46.4
56500001	42.9
56600001	39.4
56700001	39.7
56800001	49.1
56900001	46.3
57000001	53.1
57100001	40
57200001	44.5
57300001	45
57400001	48
57500001	37.6
57600001	39.6
57700001	38.9
57800001	43.7
57900001	37.6
58000001	36.9
58100001	0
58200001	0
58300001	0
58400001	0
58500001	0
58600001	0
58700001	0
58800001	0
58900001	0
59000001	0
59100001	0
59200001	0
59300001	0
59400001	0
59500001	0
59600001	0
59700001	0
59800001	0
59900001	0
60000001	0
60100001	0
60200001	0
60300001	0
60400001	0
60500001	0
60600001	0
60700001	0
60800001	0
60900001	0
61000001	36
61100001	37.8
61200001	37.1
61300001	36.7
61400001	36.4
61500001	36.3
61600001	36.8
61700001	35.4
61800001	36.9
61900001	36.6
62000001	37.1
62100001	37
62200001	37.1
62300001	37.6
62400001	39.6
62500001	44
62600001	40.4
62700001	39.8
62800001	40.5
62900001	39.9
63000001	53.3
63100001	46.2
63200001	49.2
63300001	41.8
63400001	39.7
63500001	42.4
63600001	41.1
63700001	41
63800001	39.2
63900001	36.9
64000001	43.7
64100001	41.4
64200001	40.9
64300001	43.2
64400001	42.9
64500001	40.7
64600001	40.5
64700001	42.9
64800001	39.8
64900001	39.7
65000001	37.9
65100001	41.1
65200001	44.4
65300001	43.2
65400001	44.9
65500001	48.1
65600001	45.8
65700001	39.4
65800001	44.9
65900001	45.6
66000001	47.7
66100001	47.1
66200001	44.8
66300001	46.2
66400001	45.4
66500001	41.4
66600001	40.5
66700001	44.5
66800001	46.5
66900001	45.7
67000001	44.7
67100001	43.7
67200001	45.2
67300001	43.8
67400001	43.9
67500001	43.2
67600001	44
67700001	42.3
67800001	42.2
67900001	43.4
68000001	42.1
68100001	42.7
68200001	44.8
68300001	43.8
68400001	43
68500001	43.1
68600001	43.2
68700001	44.1
68800001	45.2
68900001	44.5
69000001	42.9
69100001	39.8
69200001	41.6
69300001	39.6
69400001	38.4
69500001	38.8
69600001	38
69700001	38.8
69800001	41
69900001	44.1
70000001	44.5
70100001	45
70200001	43.6
70300001	44.3
70400001	44.4
70500001	43.3
70600001	44.3
70700001	44
70800001	44.2
70900001	44.8
71000001	44.2
71100001	45.7
71200001	44.6
71300001	42
71400001	43.8
71500001	42.4
71600001	43.3
71700001	43.7
71800001	43.4
71900001	44
72000001	43.2
72100001	40.8
72200001	42.7
72300001	45.4
72400001	49.6
72500001	47.7
72600001	48.5
72700001	50.5
72800001	48
72900001	47.5
73000001	52.2
73100001	52.3
73200001	50.8
73300001	47.8
73400001	53.9
73500001	49.8
73600001	50.2
73700001	51.9
73800001	52
73900001	52.5
74000001	48.5
74100001	44.5
74200001	47.5
74300001	48.4
74400001	51
74500001	48.6
74600001	47.6
74700001	48.5
74800001	51.4
74900001	46.7
75000001	49.3
75100001	46.5
75200001	49.3
75300001	47.3
75400001	48.4
75500001	50.4
75600001	51.3
75700001	43.9
75800001	52
75900001	50.6
76000001	50.3
76100001	49.9
76200001	41.7
76300001	36.2
76400001	36.3
76500001	39.8
76600001	49.9
76700001	37.7
76800001	39.1
76900001	40.7
77000001	40
77100001	41
77200001	39.3
77300001	40.7
77400001	38.8
77500001	37.6
77600001	42.8
77700001	39.7
77800001	38.7
77900001	38.1
78000001	36.3
78100001	37
78200001	36.5
78300001	36.1
78400001	36.1
78500001	35.9
78600001	35.5
78700001	36.3
78800001	35.5
78900001	35.8
79000001	35.1
79100001	35.7
79200001	34.4
79300001	35.6
79400001	34.1
79500001	35.9
79600001	36.2
79700001	37.6
79800001	36.4
79900001	36.6
80000001	36
80100001	36.9
80200001	35.5
80300001	36.7
80400001	35.4
80500001	37
80600001	38.9
80700001	36.7
80800001	36.8
80900001	35.5
81000001	36.3
81100001	35.3
81200001	34.3
81300001	34.6
81400001	35.4
81500001	35.3
81600001	34
81700001	34.3
81800001	35.5
81900001	35.4
82000001	37
82100001	37.7
82200001	37.9
82300001	36.6
82400001	33.4
82500001	33.8
82600001	33.7
82700001	34.8
82800001	35
82900001	35.5
83000001	34.6
83100001	35
83200001	34.8
83300001	36.5
83400001	34.5
83500001	35.1
83600001	34.9
83700001	34.3
83800001	35.1
83900001	33.1
84000001	34.4
84100001	34.3
84200001	33.8
84300001	34.5
84400001	34.8
84500001	35.7
84600001	34.6
84700001	33.7
84800001	35.3
84900001	34.3
85000001	35
85100001	33.9
85200001	33.4
85300001	36.1
85400001	34.1
85500001	34
85600001	34.9
85700001	34.7
85800001	35.7
85900001	33.7
86000001	35.9
86100001	36.2
86200001	35.9
86300001	36.5
86400001	37.7
86500001	36.2
86600001	38.1
86700001	37.1
86800001	39.7
86900001	40.3
87000001	37.6
87100001	38.7
87200001	36.4
87300001	35.7
87400001	35.1
87500001	38.4
87600001	37.9
87700001	36.5
87800001	37.9
87900001	37.7
88000001	37.8
88100001	37.4
88200001	34.9
88300001	36.1
88400001	35.4
88500001	33.5
88600001	35.2
88700001	34.7
88800001	35.5
88900001	34.9
89000001	36.4
89100001	35.3
89200001	35.2
89300001	36.4
89400001	35.4
89500001	37.4
89600001	35.4
89700001	38.3
89800001	37.6
89900001	37.8
90000001	38.9
90100001	38.6
90200001	39.1
90300001	37.4
90400001	37.5
90500001	36.6
90600001	38.4
90700001	37.7
90800001	41
90900001	38.3
91000001	39.6
91100001	38.7
91200001	38.5
91300001	38.7
91400001	38.4
91500001	39.1
91600001	36.3
91700001	38.8
91800001	37.8
91900001	36.3
92000001	40.7
92100001	40.3
92200001	38.9
92300001	38
92400001	38
92500001	38.4
92600001	38.5
92700001	39.1
92800001	36.1
92900001	35.2
93000001	37.2
93100001	34.6
93200001	37.3
93300001	35.9
93400001	35.2
93500001	36.5
93600001	37
93700001	37.3
93800001	35.9
93900001	38.6
94000001	37.7
94100001	36.1
94200001	36.8
94300001	36.9
94400001	37.2
94500001	37.6
94600001	36.7
94700001	36.5
94800001	35.4
94900001	39.6
95000001	38.8
95100001	38.7
95200001	37.4
95300001	36.8
95400001	38.8
95500001	39.3
95600001	38.7
95700001	37.9
95800001	39.7
95900001	40.2
96000001	39
96100001	37.3
96200001	38.1
96300001	37.7
96400001	38.5
96500001	38.5
96600001	43.3
96700001	39.4
96800001	38.6
96900001	39.8
97000001	39.6
97100001	39.1
97200001	38.1
97300001	37.5
97400001	39.4
97500001	45.3
97600001	47
97700001	43.1
97800001	51.2
97900001	48.8
98000001	47.4
98100001	47.8
98200001	46.3
98300001	47.2
98400001	49.2
98500001	46.2
98600001	44.6
98700001	43.4
98800001	49.4
98900001	49.3
99000001	51
99100001	44.6
99200001	43.3
99300001	41.3
99400001	42
99500001	45.1
99600001	48.3
99700001	50.8
99800001	50.8
99900001	48.9
100000001	51.6
100100001	51.7
100200001	54.3
100300001	52.3
100400001	54.1
100500001	47.4
100600001	51.1
100700001	50.3
100800001	54.8
100900001	49.2
101000001	49.6
101100001	50.9
101200001	50.4
101300001	51.1
101400001	47.9
101500001	48.3
101600001	47.9
101700001	46.4
101800001	50.5
101900001	52.8
102000001	48.8
102100001	55.2
102200001	53.9
102300001	42.8
102400001	38.4
102500001	39.6
102600001	40
102700001	41.1
102800001	37.2
102900001	39.4
103000001	40.9
103100001	38.7
103200001	37.1
103300001	36.7
103400001	37.2
103500001	37.7
103600001	38.4
103700001	38
103800001	38
103900001	38.6
104000001	38.4
104100001	39.4
104200001	39.2
104300001	39.7
104400001	42.4
104500001	43.7
104600001	40.3
104700001	39.5
104800001	39.2
104900001	41.1
105000001	44.3
105100001	43.1
105200001	45.3
105300001	45.7
105400001	44.7
105500001	43.1
105600001	45.9
105700001	42.4
105800001	40.7
105900001	39.2
106000001	40
106100001	40.1
106200001	40.3
106300001	38.9
106400001	41.6
106500001	40.8
106600001	41.6
106700001	38.8
106800001	38.4
106900001	36.2
107000001	36.7
107100001	37
107200001	38.7
107300001	39.8
107400001	40.1
107500001	39.9
107600001	41.8
107700001	40.7
107800001	39.3
107900001	39.3
108000001	39
108100001	38
108200001	39.6
108300001	39
108400001	37.4
108500001	37.4
108600001	36.1
108700001	35.8
108800001	34.9
108900001	35
109000001	34.4
109100001	33.9
109200001	35.8
109300001	35.4
109400001	35.8
109500001	36.6
109600001	34.4
109700001	35.7
109800001	35.2
109900001	36.7
110000001	35.9
110100001	37.6
110200001	37.2
110300001	38.4
110400001	36.1
110500001	35.9
110600001	35.6
110700001	35.4
110800001	35.3
110900001	35.5
111000001	35.9
111100001	36.8
111200001	40.2
111300001	40.6
111400001	39.1
111500001	39.1
111600001	38.3
111700001	38.9
111800001	38.9
111900001	37.7
112000001	41.1
112100001	40.2
112200001	38.3
112300001	38.2
112400001	35.8
112500001	37.5
112600001	36.2
112700001	37.4
112800001	35.8
112900001	36.7
113000001	36.1
113100001	36.6
113200001	35.4
113300001	35.7
113400001	36
113500001	36.6
113600001	35.8
113700001	36.2
113800001	35.8
113900001	35
114000001	35.1
114100001	34.3
114200001	34.1
114300001	37.2
114400001	36.6
114500001	36.7
114600001	36.6
114700001	36.1
114800001	35.7
114900001	35
115000001	34.1
115100001	35.2
115200001	36.1
115300001	33.9
115400001	36
115500001	34.4
115600001	35.4
115700001	35
115800001	37.9
115900001	37.5
116000001	38.3
116100001	39.2
116200001	38.9
116300001	39.2
116400001	39.7
116500001	39.4
116600001	38.9
116700001	38.4
116800001	40.9
116900001	40.2
117000001	35.6
117100001	36
117200001	35.9
117300001	39.2
117400001	38
117500001	38.5
117600001	38.5
117700001	37.6
117800001	36.1
117900001	36.4
118000001	35.8
118100001	34.1
118200001	35.4
118300001	33.7
118400001	34.8
118500001	34.1
118600001	34
118700001	34.3
118800001	35
118900001	34.4
119000001	34.7
119100001	34.4
119200001	35.8
119300001	32.9
119400001	34.3
119500001	34.6
119600001	35.6
119700001	34.6
119800001	35.9
119900001	34.7
120000001	35.2
120100001	34.9
120200001	35.4
120300001	35.9
120400001	38.1
120500001	37
120600001	36.6
120700001	35.8
120800001	36.7
120900001	38.1
121000001	37.9
121100001	37.6
121200001	37
121300001	36.1
121400001	36.6
121500001	36.2
121600001	35.3
121700001	37.1
121800001	38.4
121900001	38.7
122000001	36.7
122100001	34.9
122200001	35.6
122300001	37.6
122400001	38
122500001	37
122600001	37.1
122700001	36.4
122800001	36.2
122900001	36.3
123000001	37.6
123100001	36.8
123200001	37.4
123300001	36.5
123400001	38.1
123500001	37.9
123600001	38.4
123700001	36.6
123800001	36.6
123900001	35.2
124000001	35.3
124100001	36.4
124200001	36.1
124300001	37
124400001	36.2
124500001	35.8
124600001	36.2
124700001	35.5
124800001	35.8
124900001	36.5
125000001	34.9
125100001	34.1
125200001	34.4
125300001	34.5
125400001	35.6
125500001	36.3
125600001	34.5
125700001	33.5
125800001	34.6
125900001	36.2
126000001	35
126100001	35.7
126200001	37
126300001	37
126400001	37
126500001	37.6
126600001	37.1
126700001	39.4
126800001	40.7
126900001	38.2
127000001	38.5
127100001	39.2
127200001	45.5
127300001	40.6
127400001	39.4
127500001	41
127600001	45.4
127700001	49.2
127800001	48.8
127900001	45.9
128000001	48.9
128100001	45.7
128200001	43.7
128300001	43.7
128400001	51.1
128500001	53.3
128600001	39.8
128700001	44.4
128800001	45.6
128900001	39.1
129000001	42.1
129100001	46
129200001	42.2
129300001	42.2
129400001	49.4
129500001	42.3
129600001	46.2
129700001	43.5
129800001	40.4
129900001	45.6
130000001	43.6
130100001	41.6
130200001	40.6
130300001	40.2
130400001	39.4
130500001	42.3
130600001	41.2
130700001	42.2
130800001	41.6
130900001	42.6
131000001	36
131100001	38.6
131200001	49.4
131300001	46.8
131400001	43.8
131500001	45.6
131600001	42.9
131700001	44.3
131800001	49.5
131900001	46.2
132000001	46.5
132100001	47.4
132200001	46
132300001	44.5
132400001	43.3
132500001	39
132600001	38.6
132700001	40.1
132800001	42.6
132900001	38.5
133000001	37.5
133100001	37.8
133200001	37.5
133300001	37.5
133400001	37.9
133500001	39.9
133600001	38.9
133700001	41.3
133800001	39.9
133900001	39
134000001	43.4
134100001	43.3
134200001	43.4
134300001	40.4
134400001	40.7
134500001	40
134600001	38.7
134700001	36.5
134800001	43.5
134900001	45.2
135000001	40
135100001	38.5
135200001	40.6
135300001	42.6
135400001	44.9
135500001	42.8
135600001	38.2
135700001	39.8
135800001	38.4
135900001	38.1
136000001	36.6
136100001	37.2
136200001	37.1
136300001	36.1
136400001	36.5
136500001	36.9
136600001	37
136700001	35.9
136800001	36
136900001	37.7
137000001	38.8
137100001	38.2
137200001	37.3
137300001	39.8
137400001	40.1
137500001	42.1
137600001	43.1
137700001	39
137800001	41.4
137900001	41.6
138000001	42.1
138100001	42.1
138200001	38.9
138300001	44.5
138400001	45.6
138500001	43.3
138600001	44.6
138700001	44
138800001	39.2
138900001	39.8
139000001	41.7
139100001	47.2
139200001	47.4
139300001	45.6
139400001	44.8
139500001	44
139600001	44.5
139700001	45.3
139800001	40.2
139900001	46.9
140000001	45.3
140100001	47.1
140200001	47.6
140300001	48.4
140400001	38.7
140500001	37.4
140600001	41
140700001	41.6
140800001	42.8
140900001	43.8
141000001	42.6
141100001	44.5
141200001	42.5
141300001	40.1
141400001	40.8
141500001	38.8
141600001	39.5
141700001	39.2
141800001	38.9
141900001	40
142000001	43.3
142100001	44.8
142200001	42.4
142300001	38.6
142400001	43.7
142500001	45
142600001	42.8
142700001	41.1
142800001	39.5
142900001	42
143000001	49.3
143100001	42
143200001	39.7
143300001	41.8
143400001	40.1
143500001	39.7
143600001	37.5
143700001	37.7
143800001	38.4
143900001	41.7
144000001	43.9
144100001	40.3
144200001	37.4
144300001	37
144400001	37.3
144500001	38.1
144600001	38
144700001	36.2
144800001	37.5
144900001	36.9
145000001	36.3
145100001	36.5
145200001	35.1
145300001	36.2
145400001	35.4
145500001	35.6
145600001	35.4
145700001	36.4
145800001	35.8
145900001	36.5
146000001	35.9
146100001	35.3
146200001	36.2
146300001	35.3
146400001	36.2
146500001	35
146600001	36.7
146700001	36.2
146800001	36.1
146900001	36.3
147000001	36.1
147100001	37.3
147200001	38.4
147300001	37
147400001	37.6
147500001	38.4
147600001	39.4
147700001	39.1
147800001	41.5
147900001	42.3
148000001	43.5
148100001	44.6
148200001	41.5
148300001	43.2
148400001	40.9
148500001	40.4
148600001	45.8
148700001	48.2
148800001	46.8
148900001	49.6
149000001	42.4
149100001	46.1
149200001	42.4
149300001	44.5
149400001	54.6
149500001	52.1
149600001	43.6
149700001	45.8
149800001	41
149900001	41.3
150000001	49.7
150100001	45.2
150200001	40.4
150300001	40.7
150400001	43
150500001	44.8
150600001	53.4
150700001	57.6
150800001	54
150900001	51.8
151000001	48.3
151100001	47.9
151200001	43.6
151300001	47
151400001	51.5
151500001	51.7
151600001	43.9
151700001	41.3
151800001	40.3
151900001	36.6
152000001	39.3
152100001	45.5
152200001	48
152300001	43.2
152400001	43.8
152500001	47.1
152600001	43.8
152700001	45.1
152800001	40.9
152900001	40.4
153000001	41.6
153100001	42.3
153200001	41.5
153300001	40
153400001	39
153500001	40.3
153600001	43.9
153700001	45.5
153800001	44.2
153900001	42.5
154000001	43.4
154100001	41.8
154200001	37.6
154300001	44.2
154400001	44.1
154500001	46.8
154600001	48.2
154700001	42.9
154800001	44.1
154900001	46.3
155000001	50.3
155100001	52.6
155200001	51.6
155300001	50.2
155400001	40.4
155500001	45.4
155600001	50.7
155700001	49.6
155800001	47.8
155900001	47.5
156000001	42.4
156100001	44
156200001	44.9
156300001	43.8
156400001	41.8
156500001	37.9
156600001	40.7
156700001	47.8
156800001	48.6
156900001	43.5
157000001	47.1
157100001	47.4
157200001	52.3
157300001	51.3
157400001	52.4
157500001	54.2
157600001	53.6
157700001	50.1
157800001	50.5
157900001	49.2
158000001	47.2
158100001	53.1
158200001	51.5
158300001	51.5
158400001	42.4
158500001	43.5
158600001	45
158700001	48.6
158800001	50
158900001	46.7
159000001	40.7
