0.0
0.0
0.0
0.0
0.0
0.0
0.0
0.0
0.0
0.0
0.0
0.0
0.0
0.0
0.0
0.0
0.14683755403673796
-0.10759660980291524
-0.14341204645631345
-0.21609480100758005
-0.2365435711098982
-0.20896801449569088
-0.22085217252860675
-0.1954315623262038
0.16945635319971095
0.2478330902287366
0.22093899032489067
0.2230586658300299
0.24327485925414186
0.11627701907836754
0.06358274486520944
0.008374565955147325
0.10103441051401824
0.18327131874201294
0.21712300187193007
0.1279023842058714
0.008389926766900455
0.02474798577221393
0.0366475374838203
0.08134322178694867
0.07444215228635656
0.04498981837099815
0.022114949794802653
0.07513773820352178
0.15073430360771445
0.13646477553358702
0.06446084157691573
0.12341622792425055
0.14910105269857177
0.12566123135148685
0.018199177936907698
0.18553611060005817