variableStep chrom=chr9 span=100000
1	45.3
100001	39
200001	40.6
300001	42.3
400001	42
500001	41.8
600001	41.2
700001	44.2
800001	44.8
900001	43.6
1000001	42.3
1100001	39
1200001	40.2
1300001	39.6
1400001	38.8
1500001	38.8
1600001	38.7
1700001	40.1
1800001	39.4
1900001	40.1
2000001	40.1
2100001	41
2200001	41.6
2300001	39.2
2400001	39.2
2500001	39.6
2600001	41.3
2700001	40.5
2800001	39.7
2900001	39.4
3000001	38.1
3100001	38.2
3200001	35.6
3300001	35.6
3400001	35
3500001	37
3600001	38.4
3700001	39.7
3800001	40.8
3900001	38.9
4000001	40.4
4100001	40
4200001	40.2
4300001	41.3
4400001	40.8
4500001	42.1
4600001	40
4700001	41.8
4800001	42.1
4900001	39.7
5000001	36.5
5100001	38.7
5200001	37.9
5300001	38.8
5400001	40
5500001	40.9
5600001	38.3
5700001	37.5
5800001	42.8
5900001	36
6000001	40.9
6100001	39.9
6200001	38.2
6300001	40.5
6400001	39.5
6500001	42.5
6600001	45.6
6700001	45.4
6800001	40.6
6900001	38.6
7000001	37.6
7100001	41.6
7200001	41.3
7300001	40.3
7400001	40
7500001	38.8
7600001	39
7700001	39.7
7800001	38.2
7900001	37.7
8000001	37.9
8100001	37.6
8200001	39
8300001	37.1
8400001	36.7
8500001	36.2
8600001	37.1
8700001	38.4
8800001	38.4
8900001	35.7
9000001	35.6
9100001	35.9
9200001	35.2
9300001	34.8
9400001	34.9
9500001	33.9
9600001	34.9
9700001	35.1
9800001	35.2
9900001	35.5
10000001	34.6
10100001	34.7
10200001	34.7
10300001	34.4
10400001	34
10500001	34.2
10600001	35.8
10700001	36.2
10800001	36.6
10900001	36.2
11000001	35.2
11100001	35.7
11200001	35.6
11300001	34.8
11400001	36.3
11500001	33.8
11600001	34.7
11700001	34.2
11800001	34.2
11900001	34.6
12000001	34.3
12100001	34.4
12200001	35.4
12300001	35.3
12400001	35.6
12500001	35.3
12600001	35.1
12700001	35.7
12800001	36.1
12900001	37.8
13000001	38
13100001	35.6
13200001	36.6
13300001	37.7
13400001	37.8
13500001	37.9
13600001	37.6
13700001	38.7
13800001	37.3
13900001	38.6
14000001	39.4
14100001	35.6
14200001	38.1
14300001	41.6
14400001	40
14500001	39.7
14600001	35.6
14700001	38.3
14800001	39.8
14900001	39.8
15000001	37.7
15100001	39.8
15200001	40.7
15300001	42.9
15400001	40
15500001	40.3
15600001	37.9
15700001	36.7
15800001	34.8
15900001	36.7
16000001	42.3
16100001	43.3
16200001	44
16300001	45
16400001	39.8
16500001	38.2
16600001	38
16700001	39.2
16800001	41
16900001	42
17000001	39
17100001	37.6
17200001	37.4
17300001	35.6
17400001	35.3
17500001	40
17600001	38.8
17700001	38.7
17800001	40.1
17900001	38.1
18000001	38
18100001	38.4
18200001	37.5
18300001	38.4
18400001	37.9
18500001	37.2
18600001	38
18700001	41
18800001	41
18900001	43
19000001	41.3
19100001	45.1
19200001	41.5
19300001	38.1
19400001	44.2
19500001	40.7
19600001	39.7
19700001	38.7
19800001	37.7
19900001	39.2
20000001	39.1
20100001	37.7
20200001	41.4
20300001	39.3
20400001	35.8
20500001	38.4
20600001	38.4
20700001	37.5
20800001	35.1
20900001	37.2
21000001	37.6
21100001	37.5
21200001	37.6
21300001	37.2
21400001	38.4
21500001	37.2
21600001	38.2
21700001	37.7
21800001	40.4
21900001	40.6
22000001	38.7
22100001	38
22200001	37.5
22300001	36.8
22400001	36.7
22500001	36.1
22600001	36.1
22700001	34.6
22800001	36.8
22900001	35.7
23000001	34.3
23100001	35.7
23200001	35.6
23300001	36.2
23400001	37.4
23500001	39.6
23600001	39.4
23700001	38.2
23800001	37.5
23900001	37.9
24000001	36.4
24100001	35.9
24200001	36.8
24300001	37.4
24400001	35
24500001	35.2
24600001	35.6
24700001	35.9
24800001	34.8
24900001	34.3
25000001	35.2
25100001	33.6
25200001	35
25300001	34.4
25400001	35.5
25500001	35.2
25600001	36.9
25700001	35.8
25800001	36.5
25900001	37.2
26000001	35.4
26100001	36.6
26200001	37
26300001	36.4
26400001	37.2
26500001	37.9
26600001	39.5
26700001	38.7
26800001	38.4
26900001	37.7
27000001	38.6
27100001	40.2
27200001	39.6
27300001	42.6
27400001	41.1
27500001	39
27600001	39.7
27700001	39.3
27800001	38.3
27900001	36.9
28000001	36.9
28100001	37.5
28200001	35.7
28300001	36.7
28400001	35.5
28500001	35.5
28600001	34.7
28700001	35.3
28800001	35.6
28900001	36.1
29000001	33.8
29100001	35.6
29200001	36.3
29300001	35.6
29400001	35.6
29500001	34.5
29600001	34.7
29700001	35.8
29800001	34.9
29900001	34.6
30000001	34.8
30100001	34.4
30200001	34.7
30300001	34.5
30400001	34.5
30500001	35.3
30600001	33.4
30700001	34.3
30800001	34.6
30900001	35
31000001	35.8
31100001	35.7
31200001	35
31300001	35.3
31400001	35.2
31500001	36.3
31600001	34.8
31700001	35.8
31800001	36.6
31900001	37.9
32000001	36.2
32100001	37.8
32200001	37.9
32300001	39.5
32400001	40.8
32500001	40.1
32600001	40.9
32700001	41.6
32800001	41.2
32900001	42.1
33000001	42.3
33100001	46.6
33200001	45.6
33300001	45.3
33400001	50
33500001	40.9
33600001	40.6
33700001	41.8
33800001	42.5
33900001	42.4
34000001	45.8
34100001	46.2
34200001	42.8
34300001	45.3
34400001	46.3
34500001	52.7
34600001	51.1
34700001	42.4
34800001	42.1
34900001	45.1
35000001	46.4
35100001	45
35200001	39
35300001	43.3
35400001	41.3
35500001	44.6
35600001	50.2
35700001	48.4
35800001	46.4
35900001	43.1
36000001	39.8
36100001	47
36200001	44.4
36300001	41.3
36400001	43.5
36500001	45.3
36600001	41
36700001	47.4
36800001	50
36900001	48.1
37000001	45.3
37100001	38.4
37200001	35.9
37300001	41.2
37400001	46.9
37500001	45.5
37600001	43.7
37700001	43.9
37800001	39.6
37900001	50.6
38000001	49.5
38100001	45.4
38200001	45.7
38300001	46.7
38400001	44.6
38500001	41.5
38600001	42.8
38700001	41.5
38800001	40.6
38900001	41.9
39000001	38.4
39100001	38.4
39200001	38.6
39300001	40.7
39400001	38.9
39500001	40.8
39600001	40.6
39700001	38
39800001	40.6
39900001	39.4
40000001	38.8
40100001	41.7
40200001	39.8
40300001	38.3
40400001	39.2
40500001	38
40600001	39
40700001	41
40800001	39.8
40900001	39.7
41000001	41.1
41100001	40
41200001	40.2
41300001	41.9
41400001	39
41500001	40.7
41600001	39.9
41700001	41
41800001	39.3
41900001	39.5
42000001	34.9
42100001	34.3
42200001	39.9
42300001	39.2
42400001	42
42500001	35
42600001	36.9
42700001	38.4
42800001	43.5
42900001	34.9
43000001	41.9
43100001	39.4
43200001	0
43300001	39.3
43400001	40.8
43500001	40.3
43600001	39.8
43700001	38.4
43800001	38.2
43900001	37.8
44000001	40.9
44100001	40
44200001	40
44300001	39.9
44400001	40
44500001	39.9
44600001	40.5
44700001	46.5
44800001	46
44900001	42.3
45000001	45.5
45100001	43.2
45200001	40.3
45300001	38.1
45400001	40.1
45500001	33.8
45600001	35.2
45700001	45.4
45800001	36.5
45900001	34.2
46000001	35.4
46100001	45.6
46200001	46.7
46300001	45.6
46400001	37.9
46500001	35.5
46600001	34.8
46700001	40.1
46800001	40
46900001	39.4
47000001	40.8
47100001	48.7
47200001	39.4
47300001	0
47400001	0
47500001	0
47600001	0
47700001	0
47800001	0
47900001	0
48000001	0
48100001	0
48200001	0
48300001	0
48400001	0
48500001	0
48600001	0
48700001	0
48800001	0
48900001	0
49000001	0
49100001	0
49200001	0
49300001	0
49400001	0
49500001	0
49600001	0
49700001	0
49800001	0
49900001	0
50000001	0
50100001	0
50200001	0
50300001	0
50400001	0
50500001	0
50600001	0
50700001	0
50800001	0
50900001	0
51000001	0
51100001	0
51200001	0
51300001	0
51400001	0
51500001	0
51600001	0
51700001	0
51800001	0
51900001	0
52000001	0
52100001	0
52200001	0
52300001	0
52400001	0
52500001	0
52600001	0
52700001	0
52800001	0
52900001	0
53000001	0
53100001	0
53200001	0
53300001	0
53400001	0
53500001	0
53600001	0
53700001	0
53800001	0
53900001	0
54000001	0
54100001	0
54200001	0
54300001	0
54400001	0
54500001	0
54600001	0
54700001	0
54800001	0
54900001	0
55000001	0
55100001	0
55200001	0
55300001	0
55400001	0
55500001	0
55600001	0
55700001	0
55800001	0
55900001	0
56000001	0
56100001	0
56200001	0
56300001	0
56400001	0
56500001	0
56600001	0
56700001	0
56800001	0
56900001	0
57000001	0
57100001	0
57200001	0
57300001	0
57400001	0
57500001	0
57600001	0
57700001	0
57800001	0
57900001	0
58000001	0
58100001	0
58200001	0
58300001	0
58400001	0
58500001	0
58600001	0
58700001	0
58800001	0
58900001	0
59000001	0
59100001	0
59200001	0
59300001	0
59400001	0
59500001	0
59600001	0
59700001	0
59800001	0
59900001	0
60000001	0
60100001	0
60200001	0
60300001	0
60400001	0
60500001	0
60600001	0
60700001	0
60800001	0
60900001	0
61000001	0
61100001	0
61200001	0
61300001	0
61400001	0
61500001	0
61600001	0
61700001	0
61800001	0
61900001	0
62000001	0
62100001	0
62200001	0
62300001	0
62400001	0
62500001	0
62600001	0
62700001	0
62800001	0
62900001	0
63000001	0
63100001	0
63200001	0
63300001	0
63400001	0
63500001	0
63600001	0
63700001	0
63800001	0
63900001	0
64000001	0
64100001	0
64200001	0
64300001	0
64400001	0
64500001	0
64600001	0
64700001	0
64800001	0
64900001	0
65000001	0
65100001	0
65200001	0
65300001	0
65400001	40.3
65500001	40.5
65600001	37.7
65700001	41.1
65800001	41.6
65900001	39.2
66000001	39.8
66100001	41.1
66200001	34.8
66300001	41.3
66400001	41.4
66500001	39
66600001	36.2
66700001	38
66800001	38.9
66900001	39.3
67000001	40.5
67100001	0
67200001	40.2
67300001	41.1
67400001	0
67500001	41.8
67600001	43.3
67700001	46.2
67800001	36
67900001	37.6
68000001	0
68100001	34.4
68200001	34.1
68300001	42
68400001	39.2
68500001	0
68600001	40.4
68700001	38
68800001	41.1
68900001	0
69000001	39
69100001	41.3
69200001	37.1
69300001	36.9
69400001	41.1
69500001	35.3
69600001	41
69700001	40.7
69800001	36.8
69900001	38
70000001	42.7
70100001	37.6
70200001	0
70300001	40.7
70400001	37.3
70500001	33.8
70600001	40
70700001	40.9
70800001	36.9
70900001	41.6
71000001	39.9
71100001	41.5
71200001	41.1
71300001	39.7
71400001	40.2
71500001	40
71600001	45.1
71700001	44.4
71800001	42.6
71900001	40.6
72000001	45.3
72100001	40.9
72200001	40
72300001	36.3
72400001	39.1
72500001	39.6
72600001	41
72700001	40.3
72800001	38.6
72900001	37.4
73000001	44
73100001	42.2
73200001	40.3
73300001	38.8
73400001	38.2
73500001	37.9
73600001	37.1
73700001	37.2
73800001	37.7
73900001	35.6
74000001	37
74100001	38
74200001	39.8
74300001	40.3
74400001	39.3
74500001	38.9
74600001	42.4
74700001	41.1
74800001	40.7
74900001	41.2
75000001	39.9
75100001	41.5
75200001	39.1
75300001	37.9
75400001	39.5
75500001	36.5
75600001	36
75700001	35.6
75800001	36
75900001	35.4
76000001	34.9
76100001	34.5
76200001	34.7
76300001	35.7
76400001	34.4
76500001	35
76600001	35.2
76700001	36.8
76800001	37.1
76900001	35.7
77000001	36.1
77100001	36.9
77200001	38.4
77300001	39
77400001	40.1
77500001	40.6
77600001	39.7
77700001	40
77800001	40
77900001	39
78000001	39.8
78100001	38.6
78200001	38.5
78300001	38.6
78400001	38.3
78500001	40.5
78600001	38.2
78700001	38.6
78800001	41
78900001	43
79000001	42.4
79100001	41.8
79200001	40.9
79300001	42
79400001	40.4
79500001	41.9
79600001	43.6
79700001	39.7
79800001	36.2
79900001	35
80000001	41
80100001	41.3
80200001	42.1
80300001	39.9
80400001	39.2
80500001	39.1
80600001	40.3
80700001	39.6
80800001	39.4
80900001	44.2
81000001	41.3
81100001	40.7
81200001	38
81300001	38.1
81400001	38.4
81500001	37.8
81600001	36.9
81700001	38.6
81800001	39.5
81900001	38.5
82000001	37.4
82100001	39.7
82200001	38.6
82300001	40.6
82400001	39.4
82500001	39.4
82600001	36.9
82700001	37.9
82800001	37
82900001	38.1
83000001	36.4
83100001	36.3
83200001	36.6
83300001	35.9
83400001	35.8
83500001	36.8
83600001	36.6
83700001	38.4
83800001	37.4
83900001	38.1
84000001	38.5
84100001	41.1
84200001	43.1
84300001	44.3
84400001	42.5
84500001	41.9
84600001	39.6
84700001	38.9
84800001	38.1
84900001	37.4
85000001	38.9
85100001	38.2
85200001	37.7
85300001	40.1
85400001	37
85500001	40
85600001	39.5
85700001	37.6
85800001	41.1
85900001	41.6
86000001	41.9
86100001	40.6
86200001	41.7
86300001	38.5
86400001	39.3
86500001	41.3
86600001	40.2
86700001	39.9
86800001	41.9
86900001	42.6
87000001	43.4
87100001	40.4
87200001	40.6
87300001	39.8
87400001	40.8
87500001	41.3
87600001	41.9
87700001	39.4
87800001	41
87900001	40.7
88000001	42.3
88100001	41.6
88200001	35.3
88300001	39.2
88400001	39.3
88500001	39.7
88600001	42.4
88700001	43.5
88800001	42.1
88900001	39.1
89000001	40.3
89100001	41
89200001	41.9
89300001	41.1
89400001	41.4
89500001	41.4
89600001	39.2
89700001	39.8
89800001	41.6
89900001	41.2
90000001	42.9
90100001	44
90200001	46.2
90300001	43.1
90400001	46.1
90500001	45.1
90600001	44.7
90700001	43.8
90800001	44.1
90900001	45.3
91000001	41.5
91100001	47
91200001	41.4
91300001	42.4
91400001	41
91500001	42.6
91600001	45.2
91700001	41.7
91800001	41.6
91900001	44.8
92000001	51.2
92100001	45.9
92200001	50.1
92300001	46.9
92400001	47.8
92500001	47.4
92600001	0
92700001	44.8
92800001	42.4
92900001	41
93000001	39.1
93100001	38.5
93200001	39.9
93300001	40.1
93400001	40.6
93500001	42.6
93600001	46
93700001	43.9
93800001	43.9
93900001	44.2
94000001	38.4
94100001	42
94200001	40
94300001	41.2
94400001	44.5
94500001	46.4
94600001	46.2
94700001	44.1
94800001	42.3
94900001	45.8
95000001	40.5
95100001	38.6
95200001	39.1
95300001	42.8
95400001	48.4
95500001	45.8
95600001	42.6
95700001	49.6
95800001	54
95900001	52.7
96000001	50.7
96100001	41.5
96200001	42.8
96300001	47.8
96400001	49
96500001	41.9
96600001	47.9
96700001	46.3
96800001	40.1
96900001	42.6
97000001	43.8
97100001	42.3
97200001	40
97300001	45.9
97400001	44.9
97500001	41.8
97600001	43.2
97700001	42.8
97800001	46.9
97900001	40.2
98000001	40.5
98100001	43.2
98200001	46.7
98300001	47.1
98400001	43.5
98500001	44.6
98600001	36.6
98700001	41.3
98800001	46.6
98900001	46.4
99000001	43.5
99100001	43.5
99200001	44.2
99300001	42.1
99400001	44.1
99500001	38.9
99600001	43.1
99700001	42.3
99800001	42.5
99900001	40.3
100000001	42.6
100100001	45.2
100200001	42.5
100300001	44.6
100400001	40.3
100500001	43.6
100600001	43.3
100700001	43.7
100800001	47.1
100900001	49.5
101000001	46.5
101100001	45.7
101200001	44.8
101300001	45.6
101400001	46.4
101500001	46.3
101600001	45.1
101700001	47.3
101800001	43.1
101900001	41.8
102000001	41.7
102100001	44.2
102200001	40.7
102300001	39.4
102400001	38.1
102500001	39.7
102600001	39.4
102700001	37.4
102800001	37.9
102900001	38.6
103000001	39.2
103100001	41.2
103200001	40.3
103300001	39.6
103400001	40.4
103500001	38.2
103600001	38.3
103700001	37.4
103800001	38.9
103900001	37.8
104000001	38.7
104100001	39.3
104200001	39.7
104300001	39.4
104400001	37.3
104500001	37.2
104600001	36.5
104700001	36.4
104800001	35.9
104900001	35.6
105000001	35.2
105100001	36.3
105200001	34.8
105300001	35
105400001	34
105500001	35
105600001	34
105700001	33.9
105800001	34.2
105900001	36.1
106000001	35.3
106100001	34.6
106200001	36.3
106300001	35.5
106400001	35.5
106500001	35
106600001	34.5
106700001	36.5
106800001	36.6
106900001	37.1
107000001	37.6
107100001	37.7
107200001	37.4
107300001	36.5
107400001	37.2
107500001	40.6
107600001	43.6
107700001	41.9
107800001	44
107900001	42.5
108000001	39.5
108100001	38.3
108200001	38.6
108300001	37
108400001	40
108500001	39.7
108600001	40.8
108700001	39.3
108800001	39.3
108900001	37.5
109000001	37.7
109100001	37.5
109200001	39.2
109300001	39.3
109400001	39.2
109500001	39
109600001	39.7
109700001	39.7
109800001	42.2
109900001	41.9
110000001	40.5
110100001	45.8
110200001	45.6
110300001	45.4
110400001	44.3
110500001	43.7
110600001	42.1
110700001	41.5
110800001	41.4
110900001	40.3
111000001	39.9
111100001	38.2
111200001	40.2
111300001	41.8
111400001	42.1
111500001	42.3
111600001	42
111700001	39.3
111800001	39.9
111900001	43.9
112000001	45.8
112100001	45
112200001	45.2
112300001	40.8
112400001	39.4
112500001	42.3
112600001	43
112700001	42.1
112800001	43.3
112900001	43.6
113000001	41.9
113100001	39.1
113200001	37.1
113300001	37.7
113400001	35.6
113500001	38.1
113600001	37.9
113700001	38.1
113800001	39.7
113900001	37.3
114000001	38.9
114100001	38
114200001	42.8
114300001	43
114400001	38.6
114500001	38.6
114600001	40.9
114700001	43.8
114800001	42.5
114900001	41.6
115000001	38.4
115100001	41.8
115200001	40.6
115300001	38
115400001	41.4
115500001	43.4
115600001	44.7
115700001	39.8
115800001	49.1
115900001	42.3
116000001	43.1
116100001	46.9
116200001	47.1
116300001	50.6
116400001	45.9
116500001	41.3
116600001	42.2
116700001	47.3
116800001	49.2
116900001	52
117000001	51.7
117100001	50.8
117200001	45.6
117300001	45.6
117400001	43.8
117500001	41.9
117600001	41.2
117700001	41.5
117800001	41.6
117900001	40.3
118000001	38.9
118100001	40
118200001	38.4
118300001	38
118400001	36.9
118500001	37.7
118600001	37.5
118700001	38.2
118800001	37.6
118900001	42.1
119000001	41.2
119100001	43
119200001	42
119300001	41.2
119400001	41.5
119500001	41.6
119600001	43
119700001	41.2
119800001	41.6
119900001	40.9
120000001	42.6
120100001	42.6
120200001	39.9
120300001	38.1
120400001	38.7
120500001	39.7
120600001	37.7
120700001	38.1
120800001	36.3
120900001	36.8
121000001	36.5
121100001	36.8
121200001	38.2
121300001	36.9
121400001	38.4
121500001	37.9
121600001	36.5
121700001	38
121800001	37.9
121900001	39.5
122000001	40.9
122100001	39.9
122200001	39.4
122300001	41
122400001	39.9
122500001	40
122600001	41.5
122700001	43.9
122800001	43.2
122900001	44.2
123000001	43.5
123100001	45.7
123200001	43
123300001	41.1
123400001	40.2
123500001	41.2
123600001	49.2
123700001	39.1
123800001	38.5
123900001	40.4
124000001	47.7
124100001	39.5
124200001	46.5
124300001	52.1
124400001	52.4
124500001	52
124600001	44.9
124700001	43.6
124800001	47
124900001	47.9
125000001	41.5
125100001	45.9
125200001	41
125300001	38.4
125400001	38.5
125500001	42.8
125600001	41
125700001	37.7
125800001	41.2
125900001	37.6
126000001	44.7
126100001	54.2
126200001	45.6
126300001	43.2
126400001	40.4
126500001	37.7
126600001	40.2
126700001	49.7
126800001	48.3
126900001	44.9
127000001	53.8
127100001	46.1
127200001	54.1
127300001	41.2
127400001	39.2
127500001	47.2
127600001	48.5
127700001	40.1
127800001	41.8
127900001	44.6
128000001	43.2
128100001	48.9
128200001	43.5
128300001	41.2
128400001	41.6
128500001	39.1
128600001	35.8
128700001	47.7
128800001	49.2
128900001	45.7
129000001	43.5
129100001	45.1
129200001	50.2
129300001	51.2
129400001	52
129500001	44.9
129600001	46.4
129700001	43.9
129800001	46.5
129900001	49
130000001	41.9
130100001	47.4
130200001	52.4
130300001	50.3
130400001	50.1
130500001	54
130600001	55
130700001	52.1
130800001	51.2
130900001	53.9
131000001	52.6
131100001	53.9
131200001	47.8
131300001	47.3
131400001	52.2
131500001	51.9
131600001	50.8
131700001	49.6
131800001	53.7
131900001	54.3
132000001	50.4
132100001	53.5
132200001	52.8
132300001	54
132400001	54.5
132500001	50.3
132600001	48.3
132700001	43.2
132800001	46.7
132900001	53.6
133000001	50.6
133100001	0
133200001	55.2
133300001	54.3
133400001	47.5
133500001	51.2
133600001	43.4
133700001	51
133800001	53.8
133900001	53.9
134000001	41.7
134100001	53
134200001	48.9
134300001	50.4
134400001	52.4
134500001	45.8
134600001	50.2
134700001	49.1
134800001	41.9
134900001	44.3
135000001	52.9
135100001	46.2
135200001	44.4
135300001	49.1
135400001	49.8
135500001	43.6
135600001	47
135700001	48.1
135800001	47.7
135900001	53.7
136000001	52.5
136100001	49.3
136200001	54.4
136300001	56.8
136400001	56.6
136500001	56.4
136600001	54.7
136700001	56.2
136800001	55
136900001	53.1
137000001	53.9
137100001	56.6
137200001	60.9
137300001	58.5
137400001	50.6
137500001	53.8
137600001	56.4
137700001	52.1
137800001	51.8
137900001	52.5
138000001	54.7
138100001	54.5
138200001	53.6
138300001	51.4
138400001	51.8
138500001	53.3
138600001	60.5
138700001	47.2
138800001	55.3
138900001	56
139000001	58.8
139100001	56.4
139200001	62.8
139300001	55.8
139400001	61.4
139500001	60.5
139600001	57.1
139700001	57.7
139800001	58.6
139900001	61
140000001	60.5
140100001	60.6
140200001	57.3
140300001	58.4
140400001	54.3
140500001	48.7
140600001	49.9
140700001	52.5
140800001	47.2
140900001	50.5
141000001	48.4
141100001	44.2
