variableStep chrom=chr5 span=100000
1	46.5
100001	50.4
200001	49.1
300001	52.6
400001	55.1
500001	55.5
600001	56.6
700001	50.4
800001	51.4
900001	49.8
1000001	60.4
1100001	57.6
1200001	58.8
1300001	51.9
1400001	54.4
1500001	51
1600001	50.1
1700001	51
1800001	54.2
1900001	47.1
2000001	45.1
2100001	48.6
2200001	45.9
2300001	45.6
2400001	43.8
2500001	45.6
2600001	45.4
2700001	45.7
2800001	44.5
2900001	41.2
3000001	45.1
3100001	43.7
3200001	46.1
3300001	47.4
3400001	41.2
3500001	44.7
3600001	46.5
3700001	43.1
3800001	42.2
3900001	40.5
4000001	42
4100001	40.5
4200001	41.8
4300001	38.8
4400001	38.5
4500001	40
4600001	39.7
4700001	37.4
4800001	39.9
4900001	41.3
5000001	40.6
5100001	41.3
5200001	41.7
5300001	46.1
5400001	40.5
5500001	44
5600001	41.8
5700001	41.5
5800001	41
5900001	41.1
6000001	41.8
6100001	42.9
6200001	42.8
6300001	46.4
6400001	45.9
6500001	46.6
6600001	42.9
6700001	48.3
6800001	43.3
6900001	40.1
7000001	40.5
7100001	39.2
7200001	40.3
7300001	41.6
7400001	39.8
7500001	39.8
7600001	41.4
7700001	41.1
7800001	42.6
7900001	39.3
8000001	39.6
8100001	37.6
8200001	39.8
8300001	39
8400001	39.1
8500001	38.5
8600001	37.1
8700001	38.7
8800001	38.2
8900001	37.5
9000001	40.3
9100001	40.7
9200001	39.6
9300001	39.3
9400001	40.2
9500001	41.3
9600001	38.8
9700001	41.3
9800001	41.1
9900001	41.6
10000001	41.4
10100001	43.9
10200001	43.9
10300001	42
10400001	45.1
10500001	47.2
10600001	48.2
10700001	44.8
10800001	42.3
10900001	42.3
11000001	40.7
11100001	41.7
11200001	40.5
11300001	40.7
11400001	38.3
11500001	38.4
11600001	37.5
11700001	37.9
11800001	37.7
11900001	37
12000001	36.7
12100001	35.8
12200001	35.1
12300001	35.7
12400001	36
12500001	35.7
12600001	35.8
12700001	34.8
12800001	34.9
12900001	35.5
13000001	34.8
13100001	36.1
13200001	36.6
13300001	37.2
13400001	39.2
13500001	39.1
13600001	39.3
13700001	38.9
13800001	39.1
13900001	40.6
14000001	42.8
14100001	43.6
14200001	41.4
14300001	42.9
14400001	45
14500001	44.8
14600001	41.1
14700001	45.2
14800001	43.2
14900001	41.9
15000001	40.8
15100001	38.2
15200001	38.3
15300001	39
15400001	37.9
15500001	40.7
15600001	39.4
15700001	39
15800001	39.6
15900001	39.5
16000001	40
16100001	40.2
16200001	38.9
16300001	39.3
16400001	40.9
16500001	43
16600001	44.5
16700001	43.6
16800001	44
16900001	45.2
17000001	44
17100001	43.7
17200001	42
17300001	42.4
17400001	40.1
17500001	46.7
17600001	40.7
17700001	38.6
17800001	36.3
17900001	36.1
18000001	35.9
18100001	36.1
18200001	36.4
18300001	36.9
18400001	35
18500001	37.2
18600001	35.3
18700001	35.6
18800001	34.4
18900001	33.6
19000001	35.2
19100001	34.3
19200001	36.4
19300001	35.2
19400001	34.5
19500001	34.9
19600001	34
19700001	35.9
19800001	35.3
19900001	34
20000001	34.5
20100001	35.4
20200001	34.2
20300001	36.4
20400001	34.6
20500001	34.7
20600001	36.1
20700001	35.3
20800001	35.3
20900001	35.2
21000001	35.2
21100001	35.5
21200001	35.6
21300001	35.1
21400001	39.9
21500001	35.2
21600001	35.6
21700001	34.1
21800001	35.2
21900001	35.2
22000001	36.9
22100001	36
22200001	34.1
22300001	35.8
22400001	35.1
22500001	35.2
22600001	35.5
22700001	34.3
22800001	35.1
22900001	35.9
23000001	35.8
23100001	35.9
23200001	35.6
23300001	34.8
23400001	35.7
23500001	35.6
23600001	36.1
23700001	34.3
23800001	35.9
23900001	34.7
24000001	35.3
24100001	34.4
24200001	35.1
24300001	37.3
24400001	34.7
24500001	34
24600001	35.8
24700001	35
24800001	35.3
24900001	34
25000001	35.2
25100001	35.9
25200001	34.1
25300001	35.8
25400001	33.8
25500001	34.2
25600001	35.2
25700001	34.4
25800001	36.1
25900001	34.5
26000001	34.3
26100001	33.9
26200001	37.4
26300001	35.4
26400001	37.3
26500001	34
26600001	34.8
26700001	34
26800001	34.5
26900001	33.9
27000001	34.3
27100001	34.9
27200001	35.1
27300001	33.8
27400001	34.2
27500001	34.5
27600001	35
27700001	34.6
27800001	34.6
27900001	34
28000001	35.8
28100001	34.3
28200001	34.5
28300001	33.9
28400001	35.8
28500001	35.5
28600001	33.2
28700001	34.2
28800001	36.1
28900001	35.6
29000001	35.1
29100001	35.3
29200001	34.3
29300001	33.8
29400001	34.9
29500001	35
29600001	34.3
29700001	33.9
29800001	34.4
29900001	35.6
30000001	34.8
30100001	34.8
30200001	36.3
30300001	34.5
30400001	36.2
30500001	35
30600001	34.8
30700001	35.7
30800001	37.1
30900001	37.1
31000001	37.6
31100001	38.6
31200001	38.3
31300001	40.9
31400001	39.1
31500001	41.3
31600001	45.7
31700001	46.1
31800001	44.9
31900001	44.5
32000001	45.6
32100001	42.2
32200001	44.8
32300001	41.4
32400001	42.3
32500001	43.9
32600001	42.6
32700001	41.4
32800001	39.2
32900001	38.6
33000001	38
33100001	37.4
33200001	37.6
33300001	38.9
33400001	39.8
33500001	42.7
33600001	39.7
33700001	40.1
33800001	40.4
33900001	41.4
34000001	39
34100001	38.6
34200001	35.1
34300001	36.3
34400001	41.7
34500001	43
34600001	42.8
34700001	42.2
34800001	40.1
34900001	40
35000001	41.4
35100001	41.2
35200001	38.9
35300001	39.1
35400001	38.2
35500001	37.9
35600001	37.2
35700001	37.8
35800001	39.7
35900001	41.1
36000001	40.7
36100001	37.2
36200001	36.9
36300001	39.9
36400001	40.6
36500001	39.7
36600001	40.8
36700001	42
36800001	36.6
36900001	34.2
37000001	37.2
37100001	38.8
37200001	41.1
37300001	42.3
37400001	40.3
37500001	38.5
37600001	38.2
37700001	39.6
37800001	44.2
37900001	40.7
38000001	39.8
38100001	41.8
38200001	40.5
38300001	42.3
38400001	43.5
38500001	39.5
38600001	41.6
38700001	41.5
38800001	41.1
38900001	36.5
39000001	37.1
39100001	37.1
39200001	38.3
39300001	38.9
39400001	38.1
39500001	38.3
39600001	38.1
39700001	36.5
39800001	35.7
39900001	36.6
40000001	36
40100001	37.4
40200001	36.8
40300001	37.5
40400001	38.6
40500001	37.8
40600001	39.1
40700001	38.5
40800001	42.8
40900001	38.8
41000001	38.8
41100001	36.9
41200001	37.3
41300001	37.6
41400001	36.9
41500001	38.1
41600001	38.1
41700001	37.4
41800001	37.5
41900001	37
42000001	36
42100001	37.8
42200001	36.9
42300001	37.8
42400001	39.1
42500001	38.6
42600001	38.4
42700001	36.2
42800001	39.5
42900001	43.2
43000001	44.4
43100001	43.5
43200001	41.9
43300001	41.5
43400001	39.7
43500001	40.5
43600001	38.2
43700001	38.6
43800001	36.7
43900001	37.8
44000001	37.2
44100001	37.6
44200001	35.4
44300001	35.8
44400001	35.4
44500001	36.7
44600001	37
44700001	36
44800001	35.9
44900001	36.9
45000001	34.9
45100001	36.7
45200001	36.7
45300001	34.3
45400001	34.7
45500001	35
45600001	34.9
45700001	37
45800001	36.4
45900001	36.3
46000001	36
46100001	37.4
46200001	36
46300001	37.3
46400001	0
46500001	0
46600001	0
46700001	0
46800001	0
46900001	0
47000001	0
47100001	0
47200001	0
47300001	0
47400001	0
47500001	0
47600001	0
47700001	0
47800001	0
47900001	0
48000001	0
48100001	0
48200001	0
48300001	0
48400001	0
48500001	0
48600001	0
48700001	0
48800001	0
48900001	0
49000001	0
49100001	0
49200001	0
49300001	0
49400001	38
49500001	37.1
49600001	37.3
49700001	38.5
49800001	36.5
49900001	37.5
50000001	35.2
50100001	36.6
50200001	39.3
50300001	35.8
50400001	35.9
50500001	35.4
50600001	39.1
50700001	35.1
50800001	33
50900001	35.4
51000001	35
51100001	35.3
51200001	35.6
51300001	34.3
51400001	33.8
51500001	34.1
51600001	36.2
51700001	35.6
51800001	35.2
51900001	37.4
52000001	37.9
52100001	36.9
52200001	37.6
52300001	37.9
52400001	39.5
52500001	39
52600001	37.5
52700001	39.7
52800001	37.7
52900001	36.1
53000001	39.5
53100001	40.8
53200001	38.8
53300001	38.4
53400001	37
53500001	39.6
53600001	39.8
53700001	41.6
53800001	42.5
53900001	41.4
54000001	41.1
54100001	41.8
54200001	40
54300001	40.5
54400001	39.2
54500001	40.7
54600001	37.2
54700001	38.8
54800001	41.5
54900001	39.4
55000001	38.7
55100001	40.2
55200001	41
55300001	44
55400001	41.7
55500001	42.1
55600001	41.5
55700001	42.2
55800001	42.3
55900001	41.2
56000001	39.9
56100001	38.6
56200001	40
56300001	41
56400001	43.4
56500001	39.6
56600001	40.9
56700001	40.7
56800001	39.8
56900001	38.1
57000001	37.3
57100001	38.3
57200001	37.8
57300001	37.6
57400001	37.9
57500001	37.7
57600001	37.3
57700001	38.8
57800001	38
57900001	38.3
58000001	37.9
58100001	39.6
58200001	39.7
58300001	37.7
58400001	38.2
58500001	36.5
58600001	37.6
58700001	37.5
58800001	36.3
58900001	36.9
59000001	37.3
59100001	38.1
59200001	36.9
59300001	36.9
59400001	36.3
59500001	36.3
59600001	39.2
59700001	38.8
59800001	38.8
59900001	39
60000001	39.4
60100001	39.3
60200001	37.4
60300001	35.4
60400001	37.9
60500001	41.3
60600001	41
60700001	37.5
60800001	40.7
60900001	44
61000001	40.9
61100001	39.9
61200001	40.6
61300001	40.2
61400001	41.6
61500001	40.6
61600001	39.1
61700001	39.1
61800001	37.2
61900001	42
62000001	40.2
62100001	39
62200001	37.7
62300001	38.3
62400001	36.8
62500001	36.1
62600001	35.8
62700001	34.6
62800001	36.6
62900001	36
63000001	36.8
63100001	35.9
63200001	37
63300001	38.2
63400001	38.2
63500001	37.3
63600001	35.2
63700001	37.7
63800001	39.3
63900001	39.5
64000001	36
64100001	34.8
64200001	36.3
64300001	40.6
64400001	39.7
64500001	34.9
64600001	35.6
64700001	37
64800001	37
64900001	37.7
65000001	40.3
65100001	40.5
65200001	39.6
65300001	35.8
65400001	37.6
65500001	41.4
65600001	41.6
65700001	40.4
65800001	39.2
65900001	39.5
66000001	39.5
66100001	39
66200001	39.1
66300001	37.7
66400001	40.9
66500001	41.6
66600001	38.6
66700001	36.6
66800001	36.8
66900001	38.4
67000001	38.5
67100001	38.2
67200001	38.5
67300001	40.5
67400001	40.7
67500001	39.7
67600001	41.1
67700001	41.1
67800001	39.1
67900001	38.9
68000001	40.9
68100001	39.3
68200001	41.2
68300001	42.5
68400001	41.9
68500001	42.5
68600001	42
68700001	43.5
68800001	40.9
68900001	41.3
69000001	35.5
69100001	36.8
69200001	37
69300001	41.1
69400001	38
69500001	39.1
69600001	35.2
69700001	42.4
69800001	39
69900001	35.9
70000001	38.5
70100001	35.4
70200001	42.3
70300001	41.2
70400001	37.9
70500001	39.1
70600001	36
70700001	38.8
70800001	40.9
70900001	40.6
71000001	41.2
71100001	40.9
71200001	40.7
71300001	40.7
71400001	42.5
71500001	38.9
71600001	41
71700001	42.2
71800001	41.1
71900001	41
72000001	38.7
72100001	37.5
72200001	40.5
72300001	36.5
72400001	44
72500001	43.9
72600001	42.4
72700001	42.9
72800001	40.2
72900001	40.3
73000001	39.4
73100001	39.1
73200001	40.5
73300001	40.2
73400001	41.3
73500001	40.7
73600001	42.3
73700001	40.7
73800001	41.6
73900001	43
74000001	38.1
74100001	39.4
74200001	40.9
74300001	41
74400001	36.9
74500001	40
74600001	39.4
74700001	36.8
74800001	36.8
74900001	39.8
75000001	38.9
75100001	38.7
75200001	39.3
75300001	39.1
75400001	40.9
75500001	41
75600001	44.5
75700001	41.6
75800001	40.7
75900001	39
76000001	43.7
76100001	44.8
76200001	42.7
76300001	40.6
76400001	41
76500001	40.9
76600001	41.7
76700001	39.2
76800001	36.6
76900001	41.1
77000001	38
77100001	42.4
77200001	41.8
77300001	37.1
77400001	35.9
77500001	37.1
77600001	39.3
77700001	38.3
77800001	43.8
77900001	42.9
78000001	43
78100001	40.8
78200001	40.4
78300001	40.6
78400001	41.5
78500001	42.3
78600001	39
78700001	37.2
78800001	41.2
78900001	37.5
79000001	40.6
79100001	42.8
79200001	41.1
79300001	43.1
79400001	43.9
79500001	45
79600001	40.7
79700001	38.5
79800001	40.8
79900001	39.6
80000001	37.6
80100001	39.4
80200001	41.3
80300001	39.7
80400001	41.7
80500001	42.1
80600001	40.4
80700001	35.8
80800001	35.3
80900001	36.5
81000001	38.9
81100001	40.4
81200001	41.1
81300001	37.1
81400001	37.5
81500001	38.7
81600001	41
81700001	39.3
81800001	38.7
81900001	38
82000001	38.4
82100001	38.5
82200001	38.1
82300001	37.1
82400001	35.4
82500001	34.6
82600001	36.2
82700001	37.8
82800001	36.9
82900001	37.1
83000001	37.9
83100001	36.6
83200001	35.3
83300001	36.1
83400001	35.3
83500001	35.6
83600001	35.4
83700001	35.1
83800001	35
83900001	36.2
84000001	33.7
84100001	35.1
84200001	33.8
84300001	33.8
84400001	34.5
84500001	33.7
84600001	33.4
84700001	35.1
84800001	34.4
84900001	34.5
85000001	34.4
85100001	34.9
85200001	34
85300001	33.9
85400001	34.7
85500001	37
85600001	33.6
85700001	35.4
85800001	35.8
85900001	36.3
86000001	36.5
86100001	36.3
86200001	35.2
86300001	38
86400001	37.6
86500001	37.7
86600001	35
86700001	36.5
86800001	37.4
86900001	34.4
87000001	35.2
87100001	35.9
87200001	37.1
87300001	37.3
87400001	37.7
87500001	36.1
87600001	37.3
87700001	36.6
87800001	36.3
87900001	40.2
88000001	37.2
88100001	35.2
88200001	36.7
88300001	36.9
88400001	35.8
88500001	36.8
88600001	34.7
88700001	35.3
88800001	35.8
88900001	36.3
89000001	35.2
89100001	36
89200001	35.5
89300001	36.6
89400001	38.1
89500001	37.1
89600001	36.6
89700001	37.4
89800001	38.2
89900001	35.8
90000001	36.7
90100001	37
90200001	36.5
90300001	37.5
90400001	38.7
90500001	40.6
90600001	40.7
90700001	37.9
90800001	36.5
90900001	35.1
91000001	35.5
91100001	35.3
91200001	34.5
91300001	34.9
91400001	33.3
91500001	36.6
91600001	34.1
91700001	34.8
91800001	34.5
91900001	34.5
92000001	34.1
92100001	36.6
92200001	36.1
92300001	35.1
92400001	37
92500001	37.3
92600001	38.9
92700001	38.4
92800001	36.1
92900001	42.3
93000001	37
93100001	36.2
93200001	34.3
93300001	37.3
93400001	37.2
93500001	36.6
93600001	36
93700001	37
93800001	36.4
93900001	37.4
94000001	36.6
94100001	37.3
94200001	35.8
94300001	37.3
94400001	37.3
94500001	37.6
94600001	39.2
94700001	37.8
94800001	35.9
94900001	38.4
95000001	38.9
95100001	43.2
95200001	39.4
95300001	37.1
95400001	38.2
95500001	37.3
95600001	38.8
95700001	39.1
95800001	39.1
95900001	40.4
96000001	38.7
96100001	39.7
96200001	39.5
96300001	37.4
96400001	39.4
96500001	37.1
96600001	38.2
96700001	36.8
96800001	38.2
96900001	36.5
97000001	37
97100001	36.5
97200001	35.5
97300001	35.8
97400001	37.9
97500001	35.5
97600001	36.5
97700001	37.6
97800001	37.3
97900001	36.9
98000001	37.2
98100001	39
98200001	37.3
98300001	39.3
98400001	36.8
98500001	38.5
98600001	35.8
98700001	35.9
98800001	38
98900001	34.3
99000001	33.8
99100001	34.3
99200001	35.2
99300001	35.2
99400001	35.4
99500001	35
99600001	35.9
99700001	38.3
99800001	35.3
99900001	35.8
100000001	35.3
100100001	35.5
100200001	35.4
100300001	35.8
100400001	34.3
100500001	35.3
100600001	34
100700001	33.4
100800001	35.1
100900001	35.9
101000001	35.8
101100001	35.3
101200001	35.7
101300001	33.8
101400001	37.5
101500001	36.6
101600001	36.7
101700001	35.2
101800001	36.8
101900001	36.3
102000001	38.9
102100001	35.9
102200001	35.2
102300001	36.8
102400001	36.2
102500001	35.5
102600001	37.3
102700001	38.4
102800001	36.4
102900001	36
103000001	37.4
103100001	37.9
103200001	35.5
103300001	37.7
103400001	34.7
103500001	35.2
103600001	33.3
103700001	34.2
103800001	34.4
103900001	35.2
104000001	35.5
104100001	34.1
104200001	35.1
104300001	35.5
104400001	34.8
104500001	33
104600001	32.7
104700001	34.2
104800001	34.4
104900001	33.5
105000001	35
105100001	34.2
105200001	34.2
105300001	34.7
105400001	34.5
105500001	34.5
105600001	35
105700001	33.8
105800001	34.4
105900001	34.3
106000001	34.8
106100001	34.9
106200001	36.1
106300001	36
106400001	35.1
106500001	36.6
106600001	38.2
106700001	38.4
106800001	39.4
106900001	37
107000001	38.8
107100001	39.7
107200001	37.2
107300001	35.6
107400001	36.1
107500001	36.4
107600001	33.1
107700001	39.4
107800001	39.4
107900001	40
108000001	39.1
108100001	37
108200001	34.2
108300001	36
108400001	34.6
108500001	40.8
108600001	40.7
108700001	38.2
108800001	37.4
108900001	39
109000001	37.8
109100001	35.9
109200001	40
109300001	38.2
109400001	37.7
109500001	37.1
109600001	38.6
109700001	36
109800001	35.1
109900001	34.7
110000001	36.4
110100001	36.3
110200001	38.9
110300001	37.4
110400001	37.6
110500001	36.9
110600001	36.1
110700001	37.8
110800001	37.6
110900001	40.1
111000001	39.5
111100001	37.3
111200001	38.3
111300001	38.6
111400001	37.1
111500001	38.9
111600001	39.4
111700001	40.5
111800001	40.9
111900001	41.8
112000001	38.4
112100001	37.9
112200001	41.7
112300001	42
112400001	42.8
112500001	41.1
112600001	40.5
112700001	40.5
112800001	37.3
112900001	38.6
113000001	39.8
113100001	38
113200001	38.6
113300001	38
113400001	38.4
113500001	35.6
113600001	38.6
113700001	37.9
113800001	37
113900001	37.1
114000001	38.1
114100001	38.7
114200001	38.8
114300001	40.1
114400001	39.3
114500001	38.3
114600001	37.9
114700001	41.1
114800001	38.2
114900001	38.6
115000001	38.9
115100001	38.6
115200001	38.6
115300001	37.6
115400001	37.1
115500001	35.6
115600001	37.7
115700001	42.4
115800001	40.2
115900001	41.6
116000001	40
116100001	40.1
116200001	38.1
116300001	37.6
116400001	36.8
116500001	37
116600001	35.7
116700001	35
116800001	34.5
116900001	35.9
117000001	35.4
117100001	36.2
117200001	35.6
117300001	35.3
117400001	35.1
117500001	35.3
117600001	36.6
117700001	37.1
117800001	37.6
117900001	38.9
118000001	38.4
118100001	37.3
118200001	37.4
118300001	40.2
118400001	39.2
118500001	35.6
118600001	42.1
118700001	41.2
118800001	35.7
118900001	38.9
119000001	38.6
119100001	36.6
119200001	34.9
119300001	36.2
119400001	35.7
119500001	36.1
119600001	35
119700001	37.4
119800001	35.5
119900001	35.5
120000001	34.9
120100001	36
120200001	36.1
120300001	34.9
120400001	34.8
120500001	35.1
120600001	34.3
120700001	35
120800001	34.1
120900001	35.9
121000001	36.1
121100001	37
121200001	35.1
121300001	36.1
121400001	38.2
121500001	37.8
121600001	38.2
121700001	39.3
121800001	39.2
121900001	39.5
122000001	39.5
122100001	38.3
122200001	40
122300001	39.9
122400001	40.8
122500001	40
122600001	37.6
122700001	37.5
122800001	36.4
122900001	35.6
123000001	36.3
123100001	37.8
123200001	37.3
123300001	37.5
123400001	36.9
123500001	38.1
123600001	39.9
123700001	38.6
123800001	40.6
123900001	40.7
124000001	40.1
124100001	40.2
124200001	40.1
124300001	39.6
124400001	37.7
124500001	37.5
124600001	38.1
124700001	37.1
124800001	35.2
124900001	36.3
125000001	36.8
125100001	36.2
125200001	35.8
125300001	37.1
125400001	37.7
125500001	38.8
125600001	38.1
125700001	38.6
125800001	41.8
125900001	43.3
126000001	43.6
126100001	43.4
126200001	41.5
126300001	40.5
126400001	40.7
126500001	38.3
126600001	38.6
126700001	39.4
126800001	36.8
126900001	39.3
127000001	38.3
127100001	38.8
127200001	39.5
127300001	37.7
127400001	36.3
127500001	38.7
127600001	37.5
127700001	35.9
127800001	37.2
127900001	37.7
128000001	37.9
128100001	36.7
128200001	36.6
128300001	36.9
128400001	37.5
128500001	35.7
128600001	36.8
128700001	36.3
128800001	34.2
128900001	34.8
129000001	35.6
129100001	37.8
129200001	36.6
129300001	35.7
129400001	36.2
129500001	35.6
129600001	35.8
129700001	35.8
129800001	37.1
129900001	37.1
130000001	36.2
130100001	36.9
130200001	38.4
130300001	38.9
130400001	40.1
130500001	39.8
130600001	39.9
130700001	38.5
130800001	36.2
130900001	40.3
131000001	37.3
131100001	38.7
131200001	39.4
131300001	48.3
131400001	44.2
131500001	46
131600001	46.2
131700001	46.1
131800001	45.3
131900001	40.4
132000001	42.6
132100001	47.4
132200001	41.3
132300001	44.5
132400001	43.6
132500001	45.7
132600001	50
132700001	46.4
132800001	43.9
132900001	42.2
133000001	46
133100001	47.1
133200001	48
133300001	47.4
133400001	50.6
133500001	43.1
133600001	40.1
133700001	45.7
133800001	49.3
133900001	46.8
134000001	42.6
134100001	41.7
134200001	43.7
134300001	48.8
134400001	49.1
134500001	46.1
134600001	44.8
134700001	45.5
134800001	47.2
134900001	45.9
135000001	44
135100001	44.7
135200001	41.3
135300001	44.6
135400001	41.8
135500001	44.1
135600001	41.6
135700001	40.2
135800001	38.7
135900001	38.8
136000001	39.4
136100001	40.4
136200001	38.9
136300001	40.7
136400001	43.9
136500001	42.1
136600001	43.4
136700001	42.8
136800001	42.9
136900001	43.9
137000001	42.7
137100001	38.3
137200001	38.6
137300001	41.3
137400001	43.6
137500001	44.8
137600001	45.3
137700001	46.2
137800001	45.8
137900001	47.5
138000001	46.5
138100001	40.8
138200001	44.7
138300001	43.4
138400001	43.9
138500001	46.3
138600001	42.1
138700001	48.5
138800001	49.1
138900001	44.9
139000001	54.6
139100001	53.2
139200001	51
139300001	43.5
139400001	40.8
139500001	44.6
139600001	42.9
139700001	46.3
139800001	37.7
139900001	44.1
140000001	46
140100001	39.5
140200001	40.8
140300001	39.3
140400001	38
140500001	40.9
140600001	41.3
140700001	44.2
140800001	45.7
140900001	41
141000001	49.9
141100001	50.1
141200001	50.1
141300001	45.5
141400001	43.8
141500001	43.6
141600001	46.6
141700001	46
141800001	44.6
141900001	43
142000001	44.8
142100001	43.6
142200001	43.3
142300001	40.8
142400001	41.4
142500001	42.3
142600001	39.5
142700001	38.1
142800001	39.4
142900001	39.5
143000001	39.5
143100001	39.2
143200001	39.4
143300001	38.1
143400001	38.6
143500001	37.8
143600001	37.3
143700001	38.5
143800001	37.6
143900001	37.6
144000001	36.9
144100001	36.2
144200001	37
144300001	35.2
144400001	36.8
144500001	36.3
144600001	37.3
144700001	37.7
144800001	38.8
144900001	37.9
145000001	38.8
145100001	38.6
145200001	41
145300001	40.9
145400001	42.3
145500001	40.6
145600001	38.4
145700001	43.3
145800001	37.9
145900001	41.6
146000001	41
146100001	39.5
146200001	39.3
146300001	38.7
146400001	38.1
146500001	38.4
146600001	38.9
146700001	40.4
146800001	40.6
146900001	39.3
147000001	38.5
147100001	38
147200001	38.8
147300001	37.8
147400001	35.6
147500001	35.9
147600001	37.1
147700001	36.7
147800001	38.6
147900001	38.5
148000001	38.7
148100001	39.5
148200001	41.9
148300001	43.1
148400001	41
148500001	43.6
148600001	46.9
148700001	47.6
148800001	45.6
148900001	43
149000001	45.3
149100001	48.4
149200001	45.9
149300001	42.5
149400001	47.4
149500001	54.1
149600001	51.5
149700001	50.3
149800001	50.6
149900001	50.5
150000001	47.8
150100001	39.8
150200001	38.1
150300001	40
150400001	49.8
150500001	47
150600001	45
150700001	42.2
150800001	43.8
150900001	46.1
151000001	45.9
151100001	42.2
151200001	41.7
151300001	39.8
151400001	40.4
151500001	40.4
151600001	39.8
151700001	38.7
151800001	38.5
151900001	38
152000001	37.4
152100001	37.5
152200001	37.4
152300001	37.2
152400001	38.8
152500001	37.7
152600001	37.9
152700001	39
152800001	41
152900001	40.1
153000001	41.9
153100001	41.6
153200001	39.6
153300001	41.4
153400001	41.5
153500001	44.4
153600001	42.3
153700001	45.7
153800001	45.7
153900001	45.3
154000001	46.7
154100001	46.6
154200001	44.1
154300001	41.7
154400001	41.4
154500001	40.3
154600001	41.8
154700001	39.3
154800001	37.9
154900001	39.1
155000001	39
155100001	40.8
155200001	38.1
155300001	38.4
155400001	38.9
155500001	38.5
155600001	36.5
155700001	38
155800001	38.5
155900001	38.8
156000001	39.4
156100001	39.2
156200001	38.9
156300001	41.9
156400001	42.3
156500001	42.1
156600001	41.9
156700001	44.1
156800001	43.1
156900001	45.8
157000001	41.7
157100001	43.4
157200001	39.3
157300001	44.6
157400001	42.3
157500001	41.5
157600001	41
157700001	39.1
157800001	40.5
157900001	40.6
158000001	39.3
158100001	39.9
158200001	40.1
158300001	40.5
158400001	39.6
158500001	40.5
158600001	39.2
158700001	40.2
158800001	43.1
158900001	41.4
159000001	41.1
159100001	40.2
159200001	42.9
159300001	44.2
159400001	42.7
159500001	44.1
159600001	48.7
159700001	46.4
159800001	40.7
159900001	42.5
160000001	41.4
160100001	40.1
160200001	37.8
160300001	41.1
160400001	39.4
160500001	37.7
160600001	37.9
160700001	36.4
160800001	36.2
160900001	36.1
161000001	35.4
161100001	35.6
161200001	34.7
161300001	34.6
161400001	35.3
161500001	35.5
161600001	36.8
161700001	37.1
161800001	36.5
161900001	36.7
162000001	36.3
162100001	37
162200001	35.9
162300001	35.9
162400001	36.6
162500001	37
162600001	37.5
162700001	40
162800001	38.3
162900001	38.8
163000001	39.2
163100001	37.3
163200001	36.6
163300001	37.6
163400001	35.7
163500001	36.8
163600001	35.3
163700001	35.3
163800001	35.1
163900001	36.5
164000001	35.1
164100001	36.1
164200001	35.3
164300001	34.7
164400001	35.9
164500001	35.9
164600001	36.3
164700001	36
164800001	36
164900001	36.2
165000001	37
165100001	35.9
165200001	34.9
165300001	36.8
165400001	36.8
165500001	38.4
165600001	36.4
165700001	37.2
165800001	37.9
165900001	36.3
166000001	36.9
166100001	39.2
166200001	39.4
166300001	39.2
166400001	37.5
166500001	38.6
166600001	38.1
166700001	38.5
166800001	36.9
166900001	37.7
167000001	38
167100001	39.6
167200001	41.2
167300001	41.1
167400001	42
167500001	43.6
167600001	45.7
167700001	47.3
167800001	46.1
167900001	41
168000001	44
168100001	47.3
168200001	45.3
168300001	44.3
168400001	44.2
168500001	45.1
168600001	43.2
168700001	41.3
168800001	40.2
168900001	39.3
169000001	40.2
169100001	42.8
169200001	42.3
169300001	43.5
169400001	44.2
169500001	46.2
169600001	42.7
169700001	46.6
169800001	46.2
169900001	47.1
170000001	47.7
170100001	44.7
170200001	42.5
170300001	35.8
170400001	36.5
170500001	37.7
170600001	37.9
170700001	46.3
170800001	49
170900001	46.6
171000001	46.2
171100001	44.3
171200001	45.4
171300001	39.4
171400001	44.5
171500001	49.1
171600001	43.5
171700001	46.3
171800001	47.8
171900001	47.5
172000001	49.6
172100001	50.6
172200001	48.6
172300001	50
172400001	44.7
172500001	42.1
172600001	48.1
172700001	46.8
172800001	44.8
172900001	44.5
173000001	46.3
173100001	48.1
173200001	45.9
173300001	39.2
173400001	41.5
173500001	45.4
173600001	44
173700001	46.1
173800001	42.4
173900001	44.1
174000001	44.1
174100001	45.7
174200001	42.6
174300001	42.3
174400001	42.3
174500001	40.8
174600001	43
174700001	42.6
174800001	41.5
174900001	43.3
175000001	46.9
175100001	47.8
175200001	48.9
175300001	46.1
175400001	44.5
175500001	44
175600001	45.2
175700001	44.5
175800001	47.3
175900001	49.2
176000001	55
176100001	50
176200001	55.9
176300001	45.4
176400001	45.2
176500001	50
176600001	41.2
176700001	50.4
176800001	56.2
176900001	53.5
177000001	45.1
177100001	44.3
177200001	44.4
177300001	46.5
177400001	46.6
177500001	51.7
177600001	51.8
177700001	52.5
177800001	49.2
177900001	48.2
178000001	44.3
178100001	44.9
178200001	47
178300001	43.2
178400001	45.5
178500001	48.9
178600001	53.1
178700001	54.3
178800001	51.1
178900001	47.1
179000001	49.2
179100001	46.6
179200001	54.2
179300001	47.5
179400001	42.3
179500001	50.7
179600001	46.5
179700001	50.7
179800001	48.7
179900001	43.7
180000001	53.6
180100001	40.8
180200001	46
180300001	40.9
180400001	44.2
180500001	47.1
180600001	50.1
180700001	42.9
180800001	43.7
