variableStep chrom=chr4 span=100000
1	40.4
100001	41.3
200001	39.1
300001	42.5
400001	41.4
500001	49.1
600001	56.6
700001	55.7
800001	56.8
900001	57.4
1000001	56.5
1100001	48.1
1200001	54
1300001	57
1400001	52.7
1500001	58.1
1600001	56.5
1700001	59.9
1800001	53.9
1900001	48.3
2000001	52
2100001	43.2
2200001	50.1
2300001	51.3
2400001	53.1
2500001	47.2
2600001	45.3
2700001	50.2
2800001	49.8
2900001	49.1
3000001	46.3
3100001	43.4
3200001	52.3
3300001	48.9
3400001	58.4
3500001	54.1
3600001	54.4
3700001	57.1
3800001	54
3900001	47.7
4000001	44.2
4100001	47.9
4200001	44.7
4300001	48.2
4400001	44.7
4500001	41.9
4600001	46.5
4700001	46.3
4800001	48.7
4900001	44.6
5000001	42.6
5100001	43.2
5200001	41.3
5300001	42.2
5400001	45.5
5500001	43.6
5600001	44.9
5700001	46.9
5800001	50.1
5900001	48.5
6000001	50.2
6100001	48.7
6200001	51.5
6300001	53.9
6400001	50
6500001	52.2
6600001	50.7
6700001	48.9
6800001	42.8
6900001	49.8
7000001	49.8
7100001	51.9
7200001	54.3
7300001	53.1
7400001	54.1
7500001	52.3
7600001	52.9
7700001	53.3
7800001	45.7
7900001	48.7
8000001	54
8100001	55.1
8200001	57.4
8300001	51.4
8400001	49.6
8500001	52.2
8600001	53.1
8700001	52.6
8800001	55.1
8900001	48.4
9000001	44.9
9100001	46.1
9200001	48
9300001	45.8
9400001	42.3
9500001	45.8
9600001	46
9700001	47.3
9800001	44.3
9900001	45.1
10000001	48.4
10100001	48.3
10200001	44.1
10300001	42.7
10400001	41.6
10500001	41.7
10600001	41.2
10700001	40
10800001	39
10900001	39.7
11000001	39.7
11100001	39.3
11200001	39.9
11300001	40.7
11400001	40.7
11500001	39.2
11600001	38.8
11700001	37
11800001	37.1
11900001	37.4
12000001	37
12100001	36.1
12200001	36.5
12300001	36.6
12400001	37.9
12500001	36.8
12600001	37.8
12700001	37.8
12800001	38
12900001	38.6
13000001	39
13100001	40.6
13200001	40
13300001	39
13400001	36.4
13500001	42
13600001	39.8
13700001	40
13800001	40.4
13900001	41
14000001	39.5
14100001	38.9
14200001	37.4
14300001	38.5
14400001	38.6
14500001	37.4
14600001	39.4
14700001	39.8
14800001	41.8
14900001	37.4
15000001	35.9
15100001	40.9
15200001	39
15300001	41.2
15400001	40.1
15500001	40.1
15600001	38
15700001	43.1
15800001	40
15900001	44.3
16000001	42.3
16100001	41.7
16200001	40
16300001	40.4
16400001	40.2
16500001	40.5
16600001	40.4
16700001	40.2
16800001	39.7
16900001	40.6
17000001	41.3
17100001	39.3
17200001	40.3
17300001	40.2
17400001	43.3
17500001	44.1
17600001	44.6
17700001	42.9
17800001	36.1
17900001	35.6
18000001	38.3
18100001	38.2
18200001	38.9
18300001	37.9
18400001	38.3
18500001	37.7
18600001	38.4
18700001	36
18800001	36.9
18900001	36
19000001	37.5
19100001	35.4
19200001	36.1
19300001	35.5
19400001	36
19500001	36.4
19600001	36.1
19700001	37.1
19800001	37.3
19900001	36.6
20000001	36.7
20100001	36.7
20200001	36.4
20300001	35.4
20400001	35.8
20500001	35.8
20600001	39.7
20700001	38.2
20800001	38.5
20900001	38.1
21000001	37.6
21100001	38.2
21200001	37.6
21300001	37.3
21400001	37.9
21500001	36.9
21600001	37.4
21700001	37.3
21800001	37.2
21900001	38.7
22000001	38.2
22100001	37.3
22200001	38.5
22300001	38.9
22400001	38.2
22500001	40
22600001	39.2
22700001	38
22800001	39.2
22900001	38
23000001	36.8
23100001	37.2
23200001	36
23300001	36.2
23400001	36.6
23500001	37.1
23600001	36.8
23700001	39.7
23800001	37.8
23900001	39.2
24000001	40.1
24100001	40.9
24200001	41.3
24300001	40.2
24400001	43.3
24500001	39.4
24600001	42.5
24700001	41.5
24800001	43.7
24900001	44
25000001	44.6
25100001	39.9
25200001	41.2
25300001	40.1
25400001	42.6
25500001	45.1
25600001	46.2
25700001	43.1
25800001	44.3
25900001	45.2
26000001	44.6
26100001	43.2
26200001	42.2
26300001	40
26400001	41.5
26500001	40
26600001	36.7
26700001	37.1
26800001	41.2
26900001	36
27000001	40.9
27100001	41.4
27200001	39
27300001	39.9
27400001	36.5
27500001	35.3
27600001	35.3
27700001	36
27800001	35
27900001	35.5
28000001	35.7
28100001	35
28200001	35.8
28300001	35.2
28400001	36.7
28500001	36.1
28600001	34.9
28700001	35.2
28800001	35.9
28900001	34.7
29000001	34.9
29100001	34.5
29200001	33.8
29300001	34.4
29400001	34.1
29500001	33.8
29600001	34.2
29700001	34.9
29800001	34.7
29900001	34.2
30000001	35
30100001	35.1
30200001	35.1
30300001	34.6
30400001	34.1
30500001	36.2
30600001	36
30700001	37.3
30800001	36
30900001	34.7
31000001	34.9
31100001	36.3
31200001	36.1
31300001	35.3
31400001	35.2
31500001	35
31600001	34.4
31700001	34.3
31800001	33
31900001	36
32000001	36.3
32100001	35.2
32200001	34.6
32300001	35.1
32400001	33.6
32500001	33.6
32600001	35
32700001	34.7
32800001	34.1
32900001	34.8
33000001	34.8
33100001	35.1
33200001	35.3
33300001	34.5
33400001	34.6
33500001	34.6
33600001	35.6
33700001	35.1
33800001	34.4
33900001	34.6
34000001	34.2
34100001	33.5
34200001	35.3
34300001	35.2
34400001	33.7
34500001	34
34600001	35.2
34700001	34
34800001	34.3
34900001	33.3
35000001	34
35100001	35.6
35200001	34.7
35300001	35.4
35400001	34.6
35500001	33.3
35600001	34.4
35700001	35.2
35800001	36.5
35900001	36
36000001	35.6
36100001	34.9
36200001	36.6
36300001	37.5
36400001	36.7
36500001	36.3
36600001	36.5
36700001	36.6
36800001	36.9
36900001	37
37000001	37.2
37100001	37.4
37200001	38.9
37300001	38.7
37400001	39.3
37500001	41.6
37600001	43.2
37700001	41.5
37800001	41.2
37900001	42.7
38000001	42.5
38100001	44.4
38200001	42.5
38300001	41.3
38400001	40.6
38500001	41.5
38600001	42.9
38700001	41.8
38800001	41.8
38900001	41.6
39000001	37.6
39100001	39.2
39200001	39.4
39300001	40
39400001	42.1
39500001	42.1
39600001	42.7
39700001	42.3
39800001	41.4
39900001	42.2
40000001	44.6
40100001	40.1
40200001	43.8
40300001	43.9
40400001	42.1
40500001	44.2
40600001	44.6
40700001	39.9
40800001	44.4
40900001	43.6
41000001	40.7
41100001	40.3
41200001	42
41300001	41.8
41400001	41.1
41500001	40
41600001	39.7
41700001	40.7
41800001	41.8
41900001	39.6
42000001	37
42100001	41.9
42200001	43.1
42300001	42.9
42400001	38.9
42500001	37.9
42600001	37.9
42700001	37.7
42800001	37.5
42900001	37.4
43000001	37.7
43100001	36.2
43200001	36
43300001	36
43400001	35
43500001	35.1
43600001	36.1
43700001	35
43800001	35.9
43900001	35.7
44000001	35.5
44100001	36.7
44200001	35.5
44300001	34.6
44400001	36.8
44500001	36.2
44600001	36.3
44700001	36.1
44800001	37.5
44900001	35.8
45000001	35.2
45100001	35.3
45200001	35.3
45300001	34.5
45400001	35.4
45500001	36.3
45600001	36
45700001	34.3
45800001	34.7
45900001	35.7
46000001	33.8
46100001	34.9
46200001	35
46300001	35.7
46400001	36.5
46500001	35.9
46600001	36.5
46700001	37.1
46800001	36.8
46900001	35.5
47000001	36.6
47100001	35.5
47200001	37
47300001	37.4
47400001	37.3
47500001	37.7
47600001	39
47700001	37.5
47800001	37.2
47900001	38.5
48000001	40.1
48100001	39.8
48200001	41.1
48300001	38.5
48400001	40
48500001	36.1
48600001	35.5
48700001	40
48800001	39.7
48900001	41.9
49000001	39.1
49100001	41.4
49200001	45.5
49300001	50.9
49400001	0
49500001	43.3
49600001	41.4
49700001	0
49800001	0
49900001	0
50000001	0
50100001	0
50200001	0
50300001	0
50400001	0
50500001	0
50600001	0
50700001	0
50800001	0
50900001	0
51000001	0
51100001	0
51200001	0
51300001	0
51400001	0
51500001	0
51600001	0
51700001	0
51800001	0
51900001	0
52000001	0
52100001	0
52200001	0
52300001	0
52400001	0
52500001	0
52600001	39.6
52700001	40.6
52800001	40
52900001	40.3
53000001	39.6
53100001	39.3
53200001	40.8
53300001	39.6
53400001	41.2
53500001	41.8
53600001	42.2
53700001	43.8
53800001	41.2
53900001	38
54000001	37.8
54100001	40
54200001	38.1
54300001	39.6
54400001	41.6
54500001	41.5
54600001	40.7
54700001	41.4
54800001	39.3
54900001	40.8
55000001	44.5
55100001	42.3
55200001	41.2
55300001	40.6
55400001	42.2
55500001	41.2
55600001	39.9
55700001	39.9
55800001	40.1
55900001	40
56000001	38.9
56100001	39.6
56200001	42.1
56300001	37
56400001	38.9
56500001	39.5
56600001	38.6
56700001	37.6
56800001	38.4
56900001	41.2
57000001	40
57100001	42.6
57200001	38.5
57300001	40.5
57400001	41.1
57500001	43.8
57600001	44.4
57700001	44.8
57800001	41.9
57900001	42.8
58000001	42.4
58100001	40.6
58200001	39.5
58300001	38.7
58400001	38.5
58500001	38.3
58600001	36.2
58700001	35.4
58800001	36.7
58900001	35.8
59000001	35.8
59100001	36.3
59200001	36.9
59300001	35.8
59400001	35
59500001	35
59600001	33.7
59700001	33.4
59800001	33.4
59900001	34.4
60000001	35.6
60100001	34.4
60200001	35.2
60300001	34.2
60400001	35.9
60500001	34.9
60600001	33.4
60700001	35.6
60800001	34.4
60900001	34.2
61000001	34.5
61100001	34.5
61200001	35.3
61300001	35
61400001	35.6
61500001	35
61600001	35.6
61700001	34.6
61800001	35.2
61900001	36.5
62000001	36.4
62100001	35
62200001	35.1
62300001	33.8
62400001	35.1
62500001	34.9
62600001	37.6
62700001	36.5
62800001	34.8
62900001	34.1
63000001	36
63100001	36.5
63200001	36
63300001	36.4
63400001	35.8
63500001	33.8
63600001	34.3
63700001	33.8
63800001	34.6
63900001	36.2
64000001	35.8
64100001	33.6
64200001	34.2
64300001	34.2
64400001	36.1
64500001	33.2
64600001	33
64700001	33.2
64800001	35.1
64900001	33.7
65000001	35.8
65100001	33.1
65200001	34.9
65300001	34.3
65400001	34.5
65500001	35.8
65600001	34.9
65700001	34.6
65800001	34.6
65900001	35.2
66000001	35.2
66100001	34.7
66200001	33.5
66300001	33.9
66400001	32.7
66500001	34.4
66600001	36.4
66700001	34.7
66800001	34.2
66900001	34.8
67000001	34.6
67100001	34.5
67200001	34.9
67300001	34.1
67400001	35.6
67500001	35.5
67600001	35.2
67700001	35.6
67800001	36.5
67900001	36.1
68000001	37.5
68100001	39.5
68200001	38.7
68300001	37
68400001	36.5
68500001	37.9
68600001	35.9
68700001	36.9
68800001	37.1
68900001	36.2
69000001	37.3
69100001	35.9
69200001	39.6
69300001	36.6
69400001	38
69500001	36.6
69600001	35.6
69700001	35.6
69800001	34.8
69900001	35.7
70000001	35
70100001	35.8
70200001	34.8
70300001	36
70400001	35
70500001	35.6
70600001	37.8
70700001	34.6
70800001	34.5
70900001	34.4
71000001	34.1
71100001	35.7
71200001	36.6
71300001	38.2
71400001	37.3
71500001	40.2
71600001	39.6
71700001	43.2
71800001	39.1
71900001	39.7
72000001	39.4
72100001	38.4
72200001	37.5
72300001	36.3
72400001	36.5
72500001	38.2
72600001	37.6
72700001	35.7
72800001	35.9
72900001	36.7
73000001	37
73100001	36.2
73200001	35.4
73300001	35.3
73400001	37.4
73500001	37.6
73600001	37.7
73700001	39.6
73800001	38.3
73900001	38.2
74000001	35.5
74100001	39.2
74200001	36.9
74300001	36.7
74400001	37.5
74500001	38.3
74600001	36.6
74700001	37.2
74800001	38.1
74900001	37.9
75000001	36
75100001	36.1
75200001	37.2
75300001	37.4
75400001	36.7
75500001	37
75600001	37.9
75700001	38.5
75800001	38.8
75900001	41.2
76000001	38.6
76100001	38.9
76200001	39.5
76300001	40
76400001	38.5
76500001	39.1
76600001	41.1
76700001	40
76800001	42.7
76900001	40.4
77000001	38.8
77100001	41.8
77200001	39.5
77300001	40.2
77400001	41.2
77500001	41.2
77600001	42
77700001	40.8
77800001	42
77900001	40.4
78000001	41.2
78100001	44.2
78200001	43
78300001	42
78400001	40.9
78500001	40.5
78600001	36.4
78700001	39.9
78800001	36.7
78900001	39
79000001	38.9
79100001	40
79200001	40.6
79300001	39.5
79400001	40.6
79500001	39.9
79600001	39.7
79700001	35.8
79800001	36.6
79900001	36.2
80000001	36.6
80100001	37.7
80200001	36.9
80300001	35.1
80400001	36
80500001	36.1
80600001	35.8
80700001	35
80800001	35.3
80900001	35.7
81000001	37
81100001	40.1
81200001	37.6
81300001	37.5
81400001	34.9
81500001	35
81600001	35.6
81700001	34.9
81800001	35.3
81900001	37.6
82000001	37.1
82100001	38.3
82200001	38.1
82300001	40.5
82400001	38.4
82500001	38.5
82600001	38.8
82700001	39.6
82800001	38.9
82900001	39.8
83000001	38.9
83100001	38.8
83200001	40.4
83300001	43.3
83400001	42
83500001	42.2
83600001	44
83700001	41.1
83800001	37.9
83900001	41.5
84000001	41.9
84100001	42.2
84200001	41.8
84300001	39.5
84400001	42.4
84500001	40.2
84600001	37.3
84700001	37.6
84800001	37.7
84900001	37.7
85000001	37.1
85100001	38.4
85200001	38.2
85300001	37.5
85400001	41.4
85500001	39.6
85600001	37.5
85700001	36
85800001	37
85900001	37.9
86000001	37.8
86100001	37.1
86200001	36.6
86300001	38.1
86400001	37
86500001	36
86600001	37.2
86700001	36.6
86800001	36.9
86900001	37.1
87000001	36.1
87100001	36.3
87200001	37.3
87300001	38.7
87400001	38.5
87500001	36.3
87600001	35.8
87700001	39.8
87800001	42.9
87900001	41.3
88000001	39.4
88100001	39
88200001	40
88300001	39.7
88400001	39.9
88500001	38.2
88600001	39.1
88700001	38.3
88800001	39.7
88900001	40
89000001	41
89100001	41.2
89200001	41.5
89300001	40.4
89400001	39.7
89500001	39.2
89600001	39.4
89700001	37
89800001	38.4
89900001	38
90000001	39.4
90100001	38.3
90200001	38
90300001	37.5
90400001	37.4
90500001	36.9
90600001	36
90700001	36.4
90800001	35.1
90900001	36
91000001	35.9
91100001	36.3
91200001	34.1
91300001	36.2
91400001	35.7
91500001	34.3
91600001	35.2
91700001	35.7
91800001	33.8
91900001	35
92000001	36.5
92100001	35.1
92200001	34.7
92300001	35.2
92400001	34.6
92500001	35.5
92600001	36.1
92700001	35.2
92800001	34.5
92900001	37.2
93000001	35.8
93100001	36.1
93200001	35
93300001	34.3
93400001	34.3
93500001	33
93600001	35
93700001	33.9
93800001	34.6
93900001	33.7
94000001	35
94100001	34.4
94200001	35
94300001	34.2
94400001	35.8
94500001	37
94600001	36.1
94700001	38.4
94800001	36
94900001	36.2
95000001	40
95100001	36.4
95200001	38.3
95300001	37.9
95400001	36.9
95500001	36.8
95600001	38.9
95700001	37.7
95800001	36.6
95900001	36.1
96000001	37.6
96100001	39.5
96200001	37
96300001	36.5
96400001	36
96500001	36.7
96600001	36.5
96700001	35.7
96800001	36.5
96900001	36
97000001	35
97100001	34.7
97200001	34.5
97300001	36.1
97400001	36.1
97500001	35.2
97600001	34.8
97700001	35.4
97800001	35.6
97900001	35.2
98000001	35.7
98100001	36.2
98200001	36
98300001	36.9
98400001	34.7
98500001	34.3
98600001	35.7
98700001	35.4
98800001	37
98900001	36.4
99000001	36.5
99100001	38
99200001	36.2
99300001	38
99400001	42.3
99500001	41.5
99600001	39.9
99700001	39.2
99800001	39.4
99900001	39.6
100000001	39.4
100100001	39.1
100200001	37.8
100300001	37.6
100400001	37.5
100500001	38.5
100600001	39.4
100700001	40
100800001	36.8
100900001	39.1
101000001	38.2
101100001	38
101200001	37.6
101300001	35.6
101400001	35.6
101500001	36.6
101600001	35.5
101700001	37.3
101800001	36.8
101900001	36.7
102000001	35.9
102100001	34.9
102200001	37.4
102300001	37.7
102400001	36.8
102500001	38
102600001	35.9
102700001	35.8
102800001	35
102900001	35.2
103000001	37.6
103100001	39.8
103200001	38
103300001	38.2
103400001	37.7
103500001	38.9
103600001	40
103700001	38.8
103800001	37.3
103900001	37.3
104000001	35.7
104100001	38.4
104200001	37
104300001	36.7
104400001	38
104500001	35.5
104600001	35.5
104700001	35.6
104800001	36.5
104900001	34.5
105000001	34.6
105100001	34.4
105200001	35.4
105300001	34.4
105400001	36.5
105500001	36.7
105600001	36.1
105700001	35.9
105800001	37.1
105900001	37.3
106000001	37.5
106100001	36
106200001	38.3
106300001	36.9
106400001	37
106500001	36.5
106600001	36.1
106700001	36.2
106800001	37.5
106900001	38.8
107000001	37.2
107100001	34
107200001	35.9
107300001	37
107400001	38
107500001	36
107600001	36.3
107700001	34.7
107800001	36.7
107900001	35.9
108000001	35.4
108100001	36.4
108200001	36.4
108300001	38.5
108400001	36.5
108500001	38.3
108600001	39.6
108700001	39.4
108800001	38.6
108900001	42.2
109000001	40
109100001	39.6
109200001	40.5
109300001	40.8
109400001	39.2
109500001	39.9
109600001	41
109700001	38.4
109800001	36.3
109900001	38.6
110000001	36.5
110100001	36.2
110200001	39.6
110300001	40.2
110400001	38.9
110500001	40.8
110600001	40.8
110700001	38.3
110800001	38.4
110900001	40.3
111000001	38.7
111100001	42.8
111200001	39.8
111300001	40.1
111400001	37.1
111500001	42.1
111600001	36.7
111700001	36.5
111800001	34.7
111900001	36.5
112000001	37
112100001	35.1
112200001	34.9
112300001	35.5
112400001	35.1
112500001	35.8
112600001	34.6
112700001	36.2
112800001	36.2
112900001	37.3
113000001	38.5
113100001	37.8
113200001	40.2
113300001	40.1
113400001	40.3
113500001	39.1
113600001	42.3
113700001	40.2
113800001	36.8
113900001	37.4
114000001	35.9
114100001	36.6
114200001	36.9
114300001	38.4
114400001	35.9
114500001	36.5
114600001	36.2
114700001	36.4
114800001	36.1
114900001	37.8
115000001	36.2
115100001	35.6
115200001	35.8
115300001	36.8
115400001	36.2
115500001	36.9
115600001	36
115700001	35.1
115800001	34.2
115900001	34.8
116000001	34.2
116100001	33.7
116200001	34
116300001	35.4
116400001	33.2
116500001	34.3
116600001	33.5
116700001	33.7
116800001	35.1
116900001	34.8
117000001	33.7
117100001	35.2
117200001	34.2
117300001	33.9
117400001	35.4
117500001	34
117600001	34.8
117700001	33.8
117800001	34
117900001	33.9
118000001	35.6
118100001	34.4
118200001	33.4
118300001	34.4
118400001	34.1
118500001	35.6
118600001	35.7
118700001	35.5
118800001	37.4
118900001	36.3
119000001	36
119100001	37
119200001	37.5
119300001	40.4
119400001	37.2
119500001	43.1
119600001	37.6
119700001	39.2
119800001	38.3
119900001	39
120000001	37.5
120100001	36.9
120200001	37.5
120300001	43.1
120400001	35.9
120500001	37.4
120600001	37
120700001	36.1
120800001	36.5
120900001	37.2
121000001	36.3
121100001	36.4
121200001	35.4
121300001	36.1
121400001	36.2
121500001	37
121600001	36.8
121700001	37.4
121800001	38.1
121900001	38.3
122000001	37
122100001	38.4
122200001	37.9
122300001	37.5
122400001	38.2
122500001	37.8
122600001	40.3
122700001	37.5
122800001	38.2
122900001	37.9
123000001	38.5
123100001	34.1
123200001	35.4
123300001	36.6
123400001	38.7
123500001	39.7
123600001	38.8
123700001	40
123800001	38.6
123900001	37.5
124000001	36.2
124100001	36.7
124200001	40.2
124300001	40
124400001	40.5
124500001	38.3
124600001	38.1
124700001	36.5
124800001	36.5
124900001	36.4
125000001	35.6
125100001	35.6
125200001	36.4
125300001	36.8
125400001	35.1
125500001	36.2
125600001	35.7
125700001	36.1
125800001	35.6
125900001	35.5
126000001	34.8
126100001	35.8
126200001	35.4
126300001	34.2
126400001	36.1
126500001	36.1
126600001	36.8
126700001	34.2
126800001	34.7
126900001	34.9
127000001	35
127100001	35.2
127200001	33.7
127300001	34.9
127400001	35.3
127500001	36.2
127600001	35.2
127700001	34.9
127800001	36.4
127900001	36.9
128000001	36.7
128100001	37.1
128200001	36.7
128300001	38
128400001	37.9
128500001	38.2
128600001	37
128700001	37.1
128800001	39.1
128900001	41.7
129000001	38.5
129100001	38.6
129200001	40.6
129300001	40.6
129400001	40.5
129500001	42.1
129600001	41.2
129700001	43.5
129800001	35.3
129900001	36.1
130000001	37.6
130100001	36.2
130200001	38.1
130300001	37.7
130400001	36
130500001	35.4
130600001	35.3
130700001	36.3
130800001	34.9
130900001	36.7
131000001	34.8
131100001	34.4
131200001	34.8
131300001	34.8
131400001	35
131500001	34.7
131600001	35.9
131700001	35
131800001	32.6
131900001	34
132000001	34.4
132100001	33.2
132200001	34.5
132300001	36.2
132400001	33.7
132500001	34.7
132600001	47.5
132700001	34
132800001	34.3
132900001	33
133000001	36.7
133100001	33.7
133200001	34.5
133300001	34.2
133400001	34.1
133500001	34.7
133600001	33.5
133700001	34.1
133800001	35.6
133900001	34.6
134000001	34.1
134100001	35.1
134200001	33.3
134300001	35
134400001	34.9
134500001	35.2
134600001	35
134700001	33.6
134800001	35.1
134900001	35.6
135000001	33.5
135100001	34.5
135200001	34
135300001	34.6
135400001	34.7
135500001	33.3
135600001	35.5
135700001	34.4
135800001	35.1
135900001	34.4
136000001	35
136100001	33.8
136200001	33.8
136300001	35.9
136400001	33.5
136500001	34.9
136600001	34
136700001	33.9
136800001	33.3
136900001	33.1
137000001	33.1
137100001	34.5
137200001	35.8
137300001	34.5
137400001	34.1
137500001	35.8
137600001	35.3
137700001	36.3
137800001	35.9
137900001	34.5
138000001	33.7
138100001	34.1
138200001	34.7
138300001	36.3
138400001	37.1
138500001	35.7
138600001	35.2
138700001	35.2
138800001	35.3
138900001	36.5
139000001	37.5
139100001	35.2
139200001	37.4
139300001	37.2
139400001	38.6
139500001	39.5
139600001	39.8
139700001	41.5
139800001	42.3
139900001	42.3
140000001	40.2
140100001	41.6
140200001	40
140300001	40.3
140400001	42.6
140500001	43.5
140600001	43.4
140700001	41.6
140800001	41.3
140900001	39.9
141000001	41.6
141100001	41.6
141200001	40.8
141300001	35.8
141400001	38.5
141500001	42
141600001	40.6
141700001	40.4
141800001	38.6
141900001	37.4
142000001	39.4
142100001	38.2
142200001	38.6
142300001	37
142400001	36.8
142500001	36.4
142600001	36.8
142700001	36.9
142800001	37.5
142900001	36.3
143000001	36.1
143100001	36
143200001	36.8
143300001	36.9
143400001	36.2
143500001	36.4
143600001	36.6
143700001	37.3
143800001	37.7
143900001	37.2
144000001	37.8
144100001	37.7
144200001	41.8
144300001	37.8
144400001	37.1
144500001	39.2
144600001	37.7
144700001	37.8
144800001	38.1
144900001	38
145000001	37.5
145100001	36.3
145200001	37.3
145300001	36
145400001	38.1
145500001	38.2
145600001	36.7
145700001	37.5
145800001	37.4
145900001	37.6
146000001	37
146100001	40.8
146200001	39.5
146300001	38.3
146400001	39
146500001	39.2
146600001	41.9
146700001	41.1
146800001	40.7
146900001	39.2
147000001	39.5
147100001	41.3
147200001	37.7
147300001	35.6
147400001	38.9
147500001	40.4
147600001	36.5
147700001	36.5
147800001	36.4
147900001	38.2
148000001	38.6
148100001	36.3
148200001	38.4
148300001	37.7
148400001	40.2
148500001	39.1
148600001	42.8
148700001	40.8
148800001	39.2
148900001	42.2
149000001	40.8
149100001	38.1
149200001	37.1
149300001	37.9
149400001	37.4
149500001	37.3
149600001	37.2
149700001	37.7
149800001	38.1
149900001	38
150000001	37.7
150100001	36.7
150200001	35.6
150300001	35
150400001	36
150500001	35.6
150600001	35.8
150700001	35.9
150800001	37.2
150900001	39.2
151000001	39.7
151100001	41.8
151200001	36.2
151300001	35.2
151400001	34.7
151500001	36.6
151600001	35.5
151700001	36.1
151800001	37
151900001	42.8
152000001	41.8
152100001	40.8
152200001	41.1
152300001	39
152400001	39.4
152500001	41.2
152600001	42.5
152700001	42
152800001	42.8
152900001	43
153000001	43
153100001	42.3
153200001	37.1
153300001	35.6
153400001	38.6
153500001	42.3
153600001	42.1
153700001	38.2
153800001	40.5
153900001	44.1
154000001	44.3
154100001	43.4
154200001	39.3
154300001	42
154400001	42.5
154500001	40.8
154600001	40.2
154700001	40.9
154800001	39.5
154900001	41.2
155000001	39
155100001	37.5
155200001	37.1
155300001	38.5
155400001	38.7
155500001	37.9
155600001	38.3
155700001	37
155800001	39.3
155900001	38.4
156000001	36.7
156100001	35.5
156200001	36.3
156300001	39.1
156400001	37.3
156500001	37.4
156600001	37.3
156700001	36.1
156800001	37.9
156900001	36
157000001	35.7
157100001	36.1
157200001	35.3
157300001	35.7
157400001	35.8
157500001	36.3
157600001	36.2
157700001	35.5
157800001	37.2
157900001	36.6
158000001	35
158100001	36
158200001	33.5
158300001	35.3
158400001	36.5
158500001	34.8
158600001	36.2
158700001	35.7
158800001	35.6
158900001	36
159000001	37.2
159100001	37.2
159200001	38.1
159300001	37.9
159400001	37.9
159500001	38.8
159600001	39.7
159700001	40.6
159800001	40.6
159900001	40.3
160000001	38.7
160100001	36.5
160200001	37.3
160300001	41.9
160400001	40.2
160500001	37.9
160600001	36.4
160700001	37.3
160800001	37.1
160900001	36.8
161000001	36.5
161100001	36.1
161200001	34.3
161300001	35.4
161400001	35.8
161500001	35.2
161600001	34.2
161700001	34.3
161800001	32.9
161900001	34
162000001	35.1
162100001	35.5
162200001	35.5
162300001	34.6
162400001	33.2
162500001	34.4
162600001	33.7
162700001	34.6
162800001	33.1
162900001	33.4
163000001	33.6
163100001	34.8
163200001	34.1
163300001	34.9
163400001	35.7
163500001	35.8
163600001	35.9
163700001	36.2
163800001	36.7
163900001	37.5
164000001	38.4
164100001	38.4
164200001	37.2
164300001	37
164400001	37.5
164500001	36.4
164600001	36.1
164700001	35
164800001	35.4
164900001	35.7
165000001	34.8
165100001	35.4
165200001	35.1
165300001	35.9
165400001	38.4
165500001	37.9
165600001	39.2
165700001	38.7
165800001	41.6
165900001	44
166000001	42.1
166100001	38.8
166200001	38.4
166300001	38.6
166400001	39
166500001	37.5
166600001	36.9
166700001	36.4
166800001	37.2
166900001	33.7
167000001	35.5
167100001	35.9
167200001	34.7
167300001	34.9
167400001	36.2
167500001	33.7
167600001	36.4
167700001	34.6
167800001	34.9
167900001	34.6
168000001	35
168100001	34.8
168200001	35.1
168300001	36.1
168400001	35.6
168500001	35.8
168600001	34.8
168700001	35.3
168800001	37.8
168900001	36.2
169000001	35.3
169100001	37.2
169200001	37.4
169300001	38.1
169400001	38.6
169500001	40.3
169600001	39.9
169700001	41.2
169800001	38.9
169900001	42.4
170000001	40.1
170100001	39.3
170200001	40.7
170300001	37.5
170400001	37.6
170500001	36.7
170600001	38.6
170700001	41.3
170800001	42.1
170900001	41.7
171000001	40.4
171100001	38.3
171200001	37.7
171300001	36.9
171400001	36.6
171500001	35.8
171600001	36.4
171700001	34.1
171800001	34
171900001	35.4
172000001	34.2
172100001	34.3
172200001	34.8
172300001	33.8
172400001	35.8
172500001	36.8
172600001	35.7
172700001	35.4
172800001	35.2
172900001	35.6
173000001	35.1
173100001	35.1
173200001	36.6
173300001	35.2
173400001	36.5
173500001	36.3
173600001	36.3
173700001	38.9
173800001	39.2
173900001	39.9
174000001	39.9
174100001	38.2
174200001	39.1
174300001	39.2
174400001	43
174500001	38.4
174600001	38
174700001	36.4
174800001	37.2
174900001	35.9
175000001	36.5
175100001	35.6
175200001	36.5
175300001	37.7
175400001	37.2
175500001	35.9
175600001	35.4
175700001	36.1
175800001	35.4
175900001	37.1
176000001	35.2
176100001	34.9
176200001	36.3
176300001	38.1
176400001	36.1
176500001	34.9
176600001	36.3
176700001	35.4
176800001	35.8
176900001	37
177000001	34.3
177100001	37.6
177200001	38.9
177300001	36.8
177400001	36.7
177500001	38.5
177600001	35.1
177700001	36.8
177800001	35.6
177900001	37.2
178000001	35.6
178100001	38.4
178200001	37.8
178300001	39.8
178400001	39.1
178500001	36.5
178600001	36.3
178700001	37
178800001	34.5
178900001	34.6
179000001	34.7
179100001	36.4
179200001	34
179300001	35.7
179400001	34.8
179500001	34.9
179600001	34.2
179700001	34.9
179800001	36.1
179900001	35.5
180000001	34.5
180100001	35.2
180200001	35.9
180300001	36
180400001	36.5
180500001	36.3
180600001	36.5
180700001	35.7
180800001	35
180900001	35.2
181000001	34.3
181100001	36.3
181200001	35
181300001	36.2
181400001	37.4
181500001	36.8
181600001	36.3
181700001	37.8
181800001	36.9
181900001	36.2
182000001	37.5
182100001	38.8
182200001	36.8
182300001	37.5
182400001	38.3
182500001	39.9
182600001	37.5
182700001	38.4
182800001	38.9
182900001	39.3
183000001	39.1
183100001	40.3
183200001	39.7
183300001	39
183400001	37
183500001	37.7
183600001	39.1
183700001	48.6
183800001	43.6
183900001	41.2
184000001	40.8
184100001	38.7
184200001	43.9
184300001	45.4
184400001	43.8
184500001	41.5
184600001	43.3
184700001	43.4
184800001	42.3
184900001	42.2
185000001	44.7
185100001	43.3
185200001	43.1
185300001	45.6
185400001	41.7
185500001	43.2
185600001	42.2
185700001	44.6
185800001	45.1
185900001	45
186000001	41.6
186100001	42.1
186200001	40.9
186300001	39.8
186400001	40.8
186500001	39.8
186600001	40.5
186700001	40.6
186800001	40.7
186900001	42.4
187000001	43.8
187100001	40.8
187200001	41.8
187300001	41.8
187400001	43.5
187500001	40.8
187600001	42.3
187700001	38.7
187800001	43.1
187900001	39.5
188000001	39.4
188100001	37.9
188200001	39
188300001	38.7
188400001	39.1
188500001	38.4
188600001	38.6
188700001	37.9
188800001	39.9
188900001	42.8
189000001	45.2
189100001	42.6
189200001	40.9
189300001	40.6
189400001	38.8
189500001	38.2
189600001	38.3
189700001	36.9
189800001	38.3
189900001	38.7
190000001	38.8
190100001	38.9
190200001	39.5
190300001	40.4
190400001	41
190500001	43.3
190600001	41.2
190700001	42.7
190800001	38.8
190900001	48.9
191000001	52.4
