variableStep chrom=chr6 span=100000
1	37.5
100001	41.6
200001	43.5
300001	48.9
400001	46
500001	40.6
600001	41.2
700001	41.6
800001	43.7
900001	42.2
1000001	44.6
1100001	43.1
1200001	44.3
1300001	45.6
1400001	45.8
1500001	45.5
1600001	48.7
1700001	43
1800001	39.5
1900001	40.9
2000001	36.9
2100001	39
2200001	41.3
2300001	41.4
2400001	44
2500001	42.5
2600001	43.4
2700001	43.1
2800001	43.5
2900001	45.8
3000001	45.9
3100001	46.9
3200001	49.4
3300001	46.8
3400001	46.1
3500001	43.6
3600001	43.8
3700001	48.2
3800001	44.9
3900001	42.3
4000001	40.3
4100001	41.3
4200001	42.5
4300001	43.2
4400001	42.5
4500001	42.1
4600001	43.9
4700001	43
4800001	39.8
4900001	44
5000001	45
5100001	44.3
5200001	41.6
5300001	39.4
5400001	40.4
5500001	40.6
5600001	42.7
5700001	45.9
5800001	45.8
5900001	42.6
6000001	41.1
6100001	41.8
6200001	40.6
6300001	41.1
6400001	40
6500001	41.9
6600001	44.6
6700001	45.8
6800001	45.8
6900001	45.6
7000001	44.2
7100001	44.6
7200001	47.1
7300001	41.9
7400001	44
7500001	42.5
7600001	42.7
7700001	43.2
7800001	43.8
7900001	42.8
8000001	39.7
8100001	41.9
8200001	40.9
8300001	39.3
8400001	36.8
8500001	36.2
8600001	38.4
8700001	37.1
8800001	38.8
8900001	35.7
9000001	37.8
9100001	37.4
9200001	36.5
9300001	36.4
9400001	37.1
9500001	37.3
9600001	36.4
9700001	38.2
9800001	38.1
9900001	38.4
10000001	38.2
10100001	39.9
10200001	40
10300001	44.4
10400001	46
10500001	43.6
10600001	42.3
10700001	43.5
10800001	42.4
10900001	40.2
11000001	41.4
11100001	42.2
11200001	43
11300001	42.7
11400001	41.4
11500001	37.8
11600001	41.7
11700001	43.6
11800001	39.7
11900001	39.1
12000001	39.4
12100001	38.3
12200001	40.3
12300001	41.3
12400001	39.3
12500001	38.9
12600001	38.8
12700001	39.6
12800001	40.4
12900001	41.2
13000001	40.6
13100001	40.7
13200001	44.9
13300001	44.1
13400001	44.6
13500001	43.1
13600001	37.1
13700001	44.6
13800001	42.5
13900001	39
14000001	44.2
14100001	43.1
14200001	44.1
14300001	42.6
14400001	42.4
14500001	43.2
14600001	42.9
14700001	43.4
14800001	44.5
14900001	44.8
15000001	45.4
15100001	45.2
15200001	45.4
15300001	42.1
15400001	43.6
15500001	43.9
15600001	39.8
15700001	41.8
15800001	41.7
15900001	42.8
16000001	41.7
16100001	41.6
16200001	46.9
16300001	44.4
16400001	41.9
16500001	41.2
16600001	40.7
16700001	40.8
16800001	40.7
16900001	39.8
17000001	40.5
17100001	41.1
17200001	41.3
17300001	43.2
17400001	42.3
17500001	41.7
17600001	39.8
17700001	43.6
17800001	41.1
17900001	41.6
18000001	43.4
18100001	41.8
18200001	41.7
18300001	41.5
18400001	39.4
18500001	39.9
18600001	38.3
18700001	37.8
18800001	35.4
18900001	37.4
19000001	37
19100001	37.1
19200001	38.4
19300001	38.8
19400001	39.1
19500001	38.3
19600001	38.1
19700001	39.2
19800001	40.8
19900001	39.6
20000001	42
20100001	41.7
20200001	41.8
20300001	43.2
20400001	42.9
20500001	39.8
20600001	37.3
20700001	37.6
20800001	37
20900001	38.3
21000001	37.6
21100001	38.7
21200001	41.6
21300001	43.3
21400001	42.3
21500001	42.5
21600001	43.5
21700001	42.4
21800001	42.8
21900001	40.8
22000001	39
22100001	38.8
22200001	38.1
22300001	38.9
22400001	37
22500001	37
22600001	36.7
22700001	37.7
22800001	37.5
22900001	36.3
23000001	37.1
23100001	37.4
23200001	36.1
23300001	37.2
23400001	36.9
23500001	37.6
23600001	37.6
23700001	36.4
23800001	36.7
23900001	37.5
24000001	38.6
24100001	39.9
24200001	38.8
24300001	39.6
24400001	42.9
24500001	42.6
24600001	40.5
24700001	41
24800001	41.7
24900001	41.7
25000001	41.2
25100001	39.1
25200001	40.2
25300001	41
25400001	39
25500001	38
25600001	39.9
25700001	39.2
25800001	37.8
25900001	40.2
26000001	41.8
26100001	41.6
26200001	42.5
26300001	43.2
26400001	44.4
26500001	43.2
26600001	39.6
26700001	41.1
26800001	38.9
26900001	36.2
27000001	38.9
27100001	42.7
27200001	41.8
27300001	40.9
27400001	40.2
27500001	42.2
27600001	42.9
27700001	43.4
27800001	40.9
27900001	37.5
28000001	39.4
28100001	40.3
28200001	40.3
28300001	40.8
28400001	40.9
28500001	40.1
28600001	41.1
28700001	42.9
28800001	43.4
28900001	42.6
29000001	36.4
29100001	37.5
29200001	37.3
29300001	36.5
29400001	43
29500001	44.6
29600001	46.4
29700001	45.5
29800001	45
29900001	45.2
30000001	43.7
30100001	44.6
30200001	41.7
30300001	42.1
30400001	44.7
30500001	47.2
30600001	50.3
30700001	47.3
30800001	49.7
30900001	47.3
31000001	47.1
31100001	48.9
31200001	42.5
31300001	44
31400001	46.3
31500001	49.8
31600001	52
31700001	51.1
31800001	51.4
31900001	53.1
32000001	54.2
32100001	51.3
32200001	40.1
32300001	39.6
32400001	41.2
32500001	41.2
32600001	39.6
32700001	40.5
32800001	41.4
32900001	43.7
33000001	42.5
33100001	50.4
33200001	50.1
33300001	48.9
33400001	47.7
33500001	51.2
33600001	53.1
33700001	53.3
33800001	52
33900001	51.2
34000001	55.5
34100001	50.2
34200001	46.1
34300001	44.4
34400001	50.4
34500001	49.9
34600001	42.2
34700001	44.2
34800001	42.6
34900001	42
35000001	47.4
35100001	46.7
35200001	48.1
35300001	49.1
35400001	52.4
35500001	43
35600001	43.1
35700001	47.8
35800001	40.9
35900001	42.7
36000001	41.5
36100001	44.2
36200001	47.5
36300001	46.2
36400001	41.9
36500001	45
36600001	48.8
36700001	51.8
36800001	45
36900001	50.7
37000001	48
37100001	46.1
37200001	43
37300001	42.7
37400001	48.3
37500001	50.8
37600001	51.1
37700001	47.6
37800001	38.7
37900001	37.8
38000001	39
38100001	47.8
38200001	40.3
38300001	39.6
38400001	39.9
38500001	38.7
38600001	41.3
38700001	38.3
38800001	38.2
38900001	40.4
39000001	47
39100001	48.5
39200001	49.4
39300001	45.1
39400001	40.6
39500001	38.2
39600001	38
39700001	43.2
39800001	48.6
39900001	41.8
40000001	42.2
40100001	42.9
40200001	46.2
40300001	46.1
40400001	48.1
40500001	47.5
40600001	46.4
40700001	46.2
40800001	44.3
40900001	44.7
41000001	43
41100001	44.9
41200001	42
41300001	47.7
41400001	50.3
41500001	51.9
41600001	53.1
41700001	48.6
41800001	43.1
41900001	46.6
42000001	49.3
42100001	47.7
42200001	46.3
42300001	45.6
42400001	42.2
42500001	40.1
42600001	42.9
42700001	44.9
42800001	46.6
42900001	50.2
43000001	50.5
43100001	50.3
43200001	50.5
43300001	44.6
43400001	50.9
43500001	44.6
43600001	48.8
43700001	50.9
43800001	50.8
43900001	49.5
44000001	51.3
44100001	51.3
44200001	51.2
44300001	41.4
44400001	44.6
44500001	45.9
44600001	45.6
44700001	41.5
44800001	38.7
44900001	35.4
45000001	35.4
45100001	36.1
45200001	36.3
45300001	38
45400001	39.4
45500001	41.6
45600001	44.7
45700001	41.1
45800001	42.3
45900001	42.5
46000001	40.3
46100001	39.1
46200001	40
46300001	39.5
46400001	38.4
46500001	37
46600001	38
46700001	38.9
46800001	41.5
46900001	40.4
47000001	40.4
47100001	40.5
47200001	41.2
47300001	39.6
47400001	38.7
47500001	35.5
47600001	40.7
47700001	37.7
47800001	37.3
47900001	36.1
48000001	36.6
48100001	35.1
48200001	36.6
48300001	35.9
48400001	35
48500001	35.4
48600001	35.1
48700001	34.8
48800001	35.8
48900001	35.8
49000001	35.8
49100001	35.1
49200001	36
49300001	36.5
49400001	37.2
49500001	39.6
49600001	35.5
49700001	36.6
49800001	35.5
49900001	34.7
50000001	34.7
50100001	35.4
50200001	36.9
50300001	36.3
50400001	35.9
50500001	35.7
50600001	38.1
50700001	37.9
50800001	38.3
50900001	37.6
51000001	38.6
51100001	37
51200001	37.6
51300001	38.1
51400001	36.6
51500001	37.1
51600001	36.4
51700001	39.5
51800001	39.7
51900001	40.4
52000001	40.6
52100001	43.2
52200001	41.9
52300001	41.7
52400001	43.5
52500001	42
52600001	42.2
52700001	42.2
52800001	41.9
52900001	41
53000001	43
53100001	42
53200001	41.5
53300001	39.9
53400001	39.9
53500001	40.5
53600001	39.6
53700001	39.3
53800001	38.2
53900001	36.7
54000001	35.5
54100001	36.4
54200001	34.6
54300001	36.1
54400001	36
54500001	36.1
54600001	36.4
54700001	36.1
54800001	36.8
54900001	35.5
55000001	35.7
55100001	34.6
55200001	36.6
55300001	34.2
55400001	35.4
55500001	35.1
55600001	34.8
55700001	34.5
55800001	36.9
55900001	34.8
56000001	35.6
56100001	37.7
56200001	39.8
56300001	36.3
56400001	37.1
56500001	37.9
56600001	38.5
56700001	40.7
56800001	38.6
56900001	38.6
57000001	37.5
57100001	40.5
57200001	37.3
57300001	37.2
57400001	37.4
57500001	37.9
57600001	37.4
57700001	37.1
57800001	37.2
57900001	38.1
58000001	37.3
58100001	38.9
58200001	40.5
58300001	37.2
58400001	37
58500001	37.8
58600001	36.3
58700001	38
58800001	0
58900001	0
59000001	0
59100001	0
59200001	0
59300001	0
59400001	0
59500001	0
59600001	0
59700001	0
59800001	0
59900001	0
60000001	0
60100001	0
60200001	0
60300001	0
60400001	0
60500001	0
60600001	0
60700001	0
60800001	0
60900001	0
61000001	0
61100001	0
61200001	0
61300001	0
61400001	0
61500001	0
61600001	0
61700001	0
61800001	0
61900001	36.8
62000001	37.3
62100001	37.1
62200001	36.3
62300001	35.9
62400001	34.6
62500001	35.3
62600001	34.9
62700001	34.2
62800001	35.2
62900001	35
63000001	35.5
63100001	33.9
63200001	35.9
63300001	35.7
63400001	33.7
63500001	38.6
63600001	34.5
63700001	37.7
63800001	36.9
63900001	38
64000001	38.7
64100001	40.9
64200001	39.6
64300001	37.5
64400001	36.4
64500001	38.1
64600001	37.4
64700001	36.5
64800001	35.5
64900001	35.1
65000001	36.3
65100001	34.9
65200001	34.7
65300001	35.6
65400001	35.5
65500001	33.6
65600001	33.7
65700001	35.4
65800001	32.8
65900001	33.6
66000001	34.3
66100001	33
66200001	34.2
66300001	35.1
66400001	35.9
66500001	34
66600001	34.5
66700001	34.6
66800001	36.4
66900001	35
67000001	34.5
67100001	34.4
67200001	34.3
67300001	35
67400001	34.2
67500001	34.4
67600001	34.6
67700001	33.8
67800001	33
67900001	34
68000001	33.7
68100001	33.6
68200001	34.9
68300001	33.8
68400001	33.5
68500001	36.3
68600001	34.6
68700001	34.5
68800001	35.6
68900001	36.3
69000001	34.6
69100001	34.7
69200001	34.6
69300001	35.9
69400001	34.8
69500001	35.2
69600001	34.5
69700001	34.6
69800001	36.7
69900001	35.7
70000001	34.8
70100001	38.9
70200001	36.5
70300001	37.4
70400001	34.8
70500001	37
70600001	35.4
70700001	35.8
70800001	37.9
70900001	37.8
71000001	38.9
71100001	36.6
71200001	37.2
71300001	41.1
71400001	38.3
71500001	37.7
71600001	40
71700001	38.8
71800001	38.1
71900001	38.8
72000001	36.7
72100001	37.1
72200001	37.4
72300001	37
72400001	37.2
72500001	36.8
72600001	36.3
72700001	36.5
72800001	36.3
72900001	33.6
73000001	34.9
73100001	37.4
73200001	37
73300001	37.6
73400001	36.1
73500001	36.2
73600001	37.8
73700001	37.9
73800001	38.6
73900001	43.3
74000001	45.1
74100001	43.1
74200001	44.1
74300001	42.5
74400001	39.3
74500001	38.4
74600001	39.5
74700001	38.3
74800001	36.9
74900001	36.8
75000001	35.5
75100001	36.2
75200001	36.7
75300001	36.5
75400001	35
75500001	36.9
75600001	36.6
75700001	37.3
75800001	36.4
75900001	38.9
76000001	38.3
76100001	37.8
76200001	38.3
76300001	37.4
76400001	39.8
76500001	37.3
76600001	38.4
76700001	37.9
76800001	38.5
76900001	36.5
77000001	36.4
77100001	36.5
77200001	35.7
77300001	37
77400001	37.7
77500001	35.3
77600001	35.9
77700001	35.8
77800001	35.3
77900001	36.3
78000001	35.1
78100001	36.1
78200001	37.1
78300001	36.7
78400001	38.7
78500001	35.7
78600001	35.7
78700001	36.6
78800001	36.2
78900001	36.6
79000001	35.6
79100001	35.6
79200001	37.6
79300001	37.4
79400001	38
79500001	38.4
79600001	35.9
79700001	34.5
79800001	36
79900001	38.8
80000001	38.7
80100001	38.3
80200001	36.3
80300001	39.5
80400001	38.6
80500001	38.7
80600001	37.3
80700001	37.5
80800001	37.7
80900001	35.8
81000001	37.7
81100001	37.5
81200001	37.8
81300001	36.7
81400001	34.9
81500001	34.6
81600001	35
81700001	35.3
81800001	34.3
81900001	35
82000001	36.7
82100001	36.1
82200001	35.7
82300001	36.2
82400001	37.1
82500001	37.6
82600001	37.6
82700001	37.5
82800001	37.9
82900001	38.1
83000001	38.2
83100001	38.3
83200001	38.3
83300001	37.1
83400001	38.7
83500001	38
83600001	38.2
83700001	38.7
83800001	36.1
83900001	36.9
84000001	37.5
84100001	38.9
84200001	38.7
84300001	35.9
84400001	37.3
84500001	38.4
84600001	37
84700001	41.4
84800001	38
84900001	37.8
85000001	36.8
85100001	37.1
85200001	38
85300001	37.8
85400001	39.5
85500001	37.6
85600001	37.9
85700001	39.8
85800001	38.4
85900001	38.7
86000001	40.2
86100001	41
86200001	37.6
86300001	40.8
86400001	39.9
86500001	40.1
86600001	39.7
86700001	37.5
86800001	37.9
86900001	38.4
87000001	37.7
87100001	40.1
87200001	37.8
87300001	38.8
87400001	38.4
87500001	38.2
87600001	38.8
87700001	39.5
87800001	38.6
87900001	37.6
88000001	40
88100001	39.1
88200001	38.1
88300001	39.3
88400001	43.3
88500001	40.5
88600001	40.3
88700001	38.2
88800001	39.5
88900001	37.9
89000001	38.5
89100001	39
89200001	43.1
89300001	38.4
89400001	35.6
89500001	35.4
89600001	40
89700001	43
89800001	41.3
89900001	43.9
90000001	41.5
90100001	42.7
90200001	42.9
90300001	43.4
90400001	40.3
90500001	44
90600001	43.3
90700001	39.9
90800001	39.8
90900001	39.5
91000001	41.1
91100001	42.5
91200001	36.6
91300001	38.8
91400001	37.6
91500001	38.5
91600001	38
91700001	37.3
91800001	37.3
91900001	37.4
92000001	36.3
92100001	35.9
92200001	35.1
92300001	36.1
92400001	35.6
92500001	34.9
92600001	35.3
92700001	34.7
92800001	35.2
92900001	35.2
93000001	34.1
93100001	34.8
93200001	34.8
93300001	34.6
93400001	35.6
93500001	36.2
93600001	35.7
93700001	36.3
93800001	35
93900001	34.3
94000001	33.3
94100001	34.2
94200001	34.2
94300001	36.1
94400001	34.7
94500001	34.9
94600001	34.2
94700001	33.5
94800001	34.8
94900001	34.7
95000001	35
95100001	33.8
95200001	34.9
95300001	33.8
95400001	34.6
95500001	34.5
95600001	35
95700001	0
95800001	35.9
95900001	35.5
96000001	35.8
96100001	35.1
96200001	35.2
96300001	34.9
96400001	35.6
96500001	34.8
96600001	35.5
96700001	36.7
96800001	36.9
96900001	36.7
97000001	36.1
97100001	38.2
97200001	38.1
97300001	38.7
97400001	38.9
97500001	38.2
97600001	35.5
97700001	37.8
97800001	35.5
97900001	35.2
98000001	34.3
98100001	35.3
98200001	36.8
98300001	33.8
98400001	34.6
98500001	35.4
98600001	36.2
98700001	36.1
98800001	36.1
98900001	36.9
99000001	37.4
99100001	37
99200001	40.7
99300001	36.7
99400001	38.9
99500001	40.3
99600001	39.9
99700001	42.5
99800001	38.6
99900001	37.9
100000001	41
100100001	38.2
100200001	38.1
100300001	38
100400001	37.6
100500001	37.1
100600001	37.4
100700001	35.8
100800001	38.4
100900001	39.4
101000001	34
101100001	33.6
101200001	33.9
101300001	37.7
101400001	36.8
101500001	36.9
101600001	37.2
101700001	35.8
101800001	36.8
101900001	33.8
102000001	33.7
102100001	34.9
102200001	34.2
102300001	32.7
102400001	33.1
102500001	34.8
102600001	34.8
102700001	34.7
102800001	33.5
102900001	33.7
103000001	33.3
103100001	33.9
103200001	34.5
103300001	35.7
103400001	34.1
103500001	33.6
103600001	34.7
103700001	34.2
103800001	34.8
103900001	35.4
104000001	34.3
104100001	35.3
104200001	34.7
104300001	35.9
104400001	35.1
104500001	36.3
104600001	37.1
104700001	36.6
104800001	37.7
104900001	38.4
105000001	37.3
105100001	37.9
105200001	37.7
105300001	39.7
105400001	36.9
105500001	39.4
105600001	40.7
105700001	41.1
105800001	40.6
105900001	39.4
106000001	39.6
106100001	38.6
106200001	40.9
106300001	41.1
106400001	40.5
106500001	42.3
106600001	38.6
106700001	37.9
106800001	40.3
106900001	39.9
107000001	40.7
107100001	42
107200001	43.1
107300001	46.3
107400001	45.3
107500001	40.8
107600001	38.7
107700001	39
107800001	41
107900001	43.3
108000001	43.8
108100001	42.8
108200001	41
108300001	42.3
108400001	44.9
108500001	42.9
108600001	40.2
108700001	38.2
108800001	42.5
108900001	41
109000001	45
109100001	42.3
109200001	41.6
109300001	37.8
109400001	37.3
109500001	40.5
109600001	43.1
109700001	45.3
109800001	39.5
109900001	37.1
110000001	39.2
110100001	41.7
110200001	43.9
110300001	42.3
110400001	36.4
110500001	38.3
110600001	41.2
110700001	42.4
110800001	42.8
110900001	39.7
111000001	39.7
111100001	43
111200001	43
111300001	43
111400001	40.3
111500001	40.8
111600001	38
111700001	36.4
111800001	41.6
111900001	44.5
112000001	42.7
112100001	41.7
112200001	40.3
112300001	42
112400001	37.6
112500001	40.3
112600001	40.2
112700001	36.3
112800001	36.9
112900001	36.9
113000001	35.9
113100001	35.4
113200001	36.5
113300001	34.8
113400001	34.9
113500001	37.5
113600001	36.9
113700001	37.4
113800001	37.9
113900001	39.4
114000001	40
114100001	38.6
114200001	38.4
114300001	40.3
114400001	38.1
114500001	37.2
114600001	37
114700001	36.5
114800001	37
114900001	36.4
115000001	35.6
115100001	34.8
115200001	35.1
115300001	36
115400001	35.8
115500001	36.5
115600001	35.6
115700001	34.8
115800001	36.7
115900001	35.5
116000001	37.5
116100001	37.3
116200001	38
116300001	36.5
116400001	37.5
116500001	37
116600001	38.5
116700001	38.2
116800001	38.4
116900001	37.3
117000001	36.6
117100001	36.9
117200001	35.6
117300001	37.1
117400001	38.4
117500001	39.3
117600001	37.2
117700001	38
117800001	39.1
117900001	39.7
118000001	38.1
118100001	37.9
118200001	39
118300001	37.5
118400001	38.6
118500001	38.6
118600001	39.4
118700001	38.6
118800001	36.3
118900001	40
119000001	41.6
119100001	40.5
119200001	38.1
119300001	38.6
119400001	41.6
119500001	37.1
119600001	38.2
119700001	38.5
119800001	37.3
119900001	36.3
120000001	37
120100001	35.8
120200001	36
120300001	34.3
120400001	34
120500001	35.6
120600001	34.1
120700001	34.5
120800001	34.9
120900001	35.1
121000001	35.2
121100001	37
121200001	35.6
121300001	36.1
121400001	35
121500001	36.6
121600001	35.8
121700001	39.6
121800001	39
121900001	37.6
122000001	37.1
122100001	37.4
122200001	35.5
122300001	36.6
122400001	35.7
122500001	34.8
122600001	37.1
122700001	36.3
122800001	37.8
122900001	37.1
123000001	37.5
123100001	39.9
123200001	37
123300001	36.4
123400001	35.8
123500001	35
123600001	34.3
123700001	35.8
123800001	34.9
123900001	36.3
124000001	36.2
124100001	37
124200001	36.4
124300001	35.9
124400001	35
124500001	35.5
124600001	35.7
124700001	35.7
124800001	36.8
124900001	35.9
125000001	37
125100001	37.3
125200001	39
125300001	36.5
125400001	38.8
125500001	39.5
125600001	39.6
125700001	39.9
125800001	38.8
125900001	39.1
126000001	38.9
126100001	38.9
126200001	39.5
126300001	38.1
126400001	38
126500001	36.9
126600001	36.1
126700001	35.3
126800001	35.6
126900001	35.6
127000001	36.5
127100001	36.7
127200001	36.2
127300001	36.2
127400001	36.9
127500001	37.1
127600001	37.3
127700001	38.8
127800001	37.1
127900001	35.5
128000001	35
128100001	36
128200001	36.8
128300001	34.8
128400001	34.1
128500001	35.4
128600001	35.7
128700001	35.9
128800001	36.9
128900001	36.7
129000001	36.6
129100001	36.1
129200001	36.1
129300001	35.7
129400001	35.7
129500001	35.4
129600001	36.1
129700001	36.5
129800001	37.9
129900001	38.1
130000001	39.1
130100001	37
130200001	37.9
130300001	38.9
130400001	38.4
130500001	39.3
130600001	39.2
130700001	38.4
130800001	38.6
130900001	37.2
131000001	39.1
131100001	39
131200001	37.9
131300001	39.3
131400001	39.2
131500001	38
131600001	41.1
131700001	39.6
131800001	39.4
131900001	37.4
132000001	38.2
132100001	38.3
132200001	39.5
132300001	36.8
132400001	37.3
132500001	37.4
132600001	36.4
132700001	37.7
132800001	37.7
132900001	38
133000001	39
133100001	39.5
133200001	38.2
133300001	36.7
133400001	37.8
133500001	37.3
133600001	36.4
133700001	36.7
133800001	38.2
133900001	39.2
134000001	36.8
134100001	37.8
134200001	39.7
134300001	40.8
134400001	42.2
134500001	41.7
134600001	41.6
134700001	40.4
134800001	38.5
134900001	40.6
135000001	39.6
135100001	42.8
135200001	41.1
135300001	36.7
135400001	39.2
135500001	41.7
135600001	37.6
135700001	34.9
135800001	37.8
135900001	37.6
136000001	36.8
136100001	37.5
136200001	37.6
136300001	39
136400001	38.9
136500001	39.3
136600001	40.9
136700001	38.4
136800001	40.3
136900001	39.7
137000001	39.7
137100001	40.3
137200001	41.1
137300001	40.8
137400001	39.9
137500001	39.1
137600001	39.4
137700001	38.9
137800001	41
137900001	39.1
138000001	41.4
138100001	41.3
138200001	40.1
138300001	40.7
138400001	40
138500001	41.2
138600001	41
138700001	42.3
138800001	40.5
138900001	41.1
139000001	41.9
139100001	41.3
139200001	37.6
139300001	41.7
139400001	41.4
139500001	40
139600001	41.1
139700001	41
139800001	40.9
139900001	39.4
140000001	38.1
140100001	37.7
140200001	36.4
140300001	37.2
140400001	35.9
140500001	36.2
140600001	36.9
140700001	34.8
140800001	34.1
140900001	35.5
141000001	35
141100001	34.6
141200001	35.2
141300001	35
141400001	35.7
141500001	35.2
141600001	33.3
141700001	35.9
141800001	35
141900001	34.5
142000001	35.1
142100001	35.7
142200001	38.1
142300001	35.9
142400001	35.8
142500001	37.1
142600001	36
142700001	37
142800001	40.1
142900001	38.1
143000001	40.3
143100001	37.7
143200001	39.4
143300001	38.1
143400001	39.3
143500001	40.4
143600001	38.7
143700001	39.3
143800001	41.1
143900001	39.6
144000001	39.6
144100001	40.4
144200001	39.9
144300001	40.1
144400001	40.5
144500001	40.8
144600001	41.6
144700001	38.9
144800001	37.4
144900001	36.5
145000001	37.3
145100001	37.2
145200001	39.5
145300001	38.3
145400001	38.4
145500001	37.5
145600001	37.7
145700001	36.8
145800001	38.4
145900001	37.4
146000001	37.3
146100001	37.2
146200001	35.6
146300001	36.7
146400001	37.1
146500001	37
146600001	37.5
146700001	37.9
146800001	37.3
146900001	36.2
147000001	35.4
147100001	37.9
147200001	38.9
147300001	37.8
147400001	36.8
147500001	36.3
147600001	34.3
147700001	38.4
147800001	39.8
147900001	39.5
148000001	38.8
148100001	38.2
148200001	39.3
148300001	39.2
148400001	39.9
148500001	42.3
148600001	44.3
148700001	43.1
148800001	42.7
148900001	39.6
149000001	40.9
149100001	41.2
149200001	41.5
149300001	41.4
149400001	40.9
149500001	41.6
149600001	37.8
149700001	44.2
149800001	41.6
149900001	41.8
150000001	42.1
150100001	42.8
150200001	48.5
150300001	48.4
150400001	45.4
150500001	44.1
150600001	44.7
150700001	41.6
150800001	42.3
150900001	41.5
151000001	42.6
151100001	44.2
151200001	42.8
151300001	43.3
151400001	44.7
151500001	43
151600001	44.1
151700001	42.1
151800001	41
151900001	40.5
152000001	39.8
152100001	39.6
152200001	38.2
152300001	39.3
152400001	41.1
152500001	38.8
152600001	39.7
152700001	37
152800001	36.9
152900001	39
153000001	37
153100001	36.1
153200001	37.8
153300001	37.7
153400001	39.6
153500001	36.1
153600001	36.6
153700001	36.1
153800001	35.5
153900001	34.4
154000001	36.2
154100001	38.3
154200001	37.5
154300001	36.8
154400001	39.9
154500001	39.6
154600001	40.9
154700001	42.5
154800001	42.4
154900001	41.2
155000001	41.3
155100001	37.2
155200001	45.1
155300001	44
155400001	43.2
155500001	43.7
155600001	38.1
155700001	39.7
155800001	36.5
155900001	37.6
156000001	36.9
156100001	37.3
156200001	38.2
156300001	39.7
156400001	39.5
156500001	38
156600001	40.3
156700001	40.6
156800001	42.4
156900001	42
157000001	42
157100001	41.2
157200001	39.6
157300001	39.6
157400001	42
157500001	47.1
157600001	50.2
157700001	43
157800001	44.3
157900001	45.5
158000001	47.1
158100001	46.5
158200001	41.1
158300001	42.4
158400001	50.4
158500001	41.2
158600001	44.6
158700001	41.8
158800001	42.6
158900001	47.6
159000001	45.6
159100001	47
159200001	45.2
159300001	42.9
159400001	42
159500001	44.4
159600001	43.3
159700001	42.3
159800001	43
159900001	42.1
160000001	42
160100001	42.5
160200001	45.6
160300001	43.9
160400001	44.7
160500001	46.5
160600001	41.7
160700001	42.8
160800001	40.5
160900001	41.5
161000001	42.1
161100001	41.3
161200001	38.5
161300001	40.6
161400001	38.7
161500001	44.2
161600001	43.4
161700001	43.3
161800001	44
161900001	41.3
162000001	41.8
162100001	40.8
162200001	41.3
162300001	41
162400001	38.9
162500001	39.4
162600001	39.4
162700001	38.8
162800001	39.1
162900001	41.1
163000001	37.7
163100001	37
163200001	37.3
163300001	38.9
163400001	38.6
163500001	41.3
163600001	42.3
163700001	46.3
163800001	39.2
163900001	36.1
164000001	45.2
164100001	44.7
164200001	41.4
164300001	41.6
164400001	40.5
164500001	42.6
164600001	40.3
164700001	38.3
164800001	36.6
164900001	38.2
165000001	35
165100001	38.1
165200001	38.2
165300001	37.6
165400001	38.6
165500001	39.2
165600001	39.8
165700001	39.6
165800001	37.2
165900001	37.4
166000001	42.9
166100001	42.4
166200001	44.2
166300001	43.6
166400001	41.4
166500001	42.6
166600001	44.2
166700001	43.3
166800001	48.6
166900001	47.3
167000001	46.8
167100001	47.1
167200001	42.5
167300001	46.1
167400001	40.9
167500001	46.7
167600001	46.9
167700001	47.5
167800001	47.2
167900001	49.5
168000001	49.2
168100001	48.1
168200001	39.2
168300001	43
168400001	52.7
168500001	48.5
168600001	49.1
168700001	50.4
168800001	46.1
168900001	47.4
169000001	47.5
169100001	44.5
169200001	45.6
169300001	43
169400001	42.3
169500001	45.3
169600001	46.4
169700001	43.6
169800001	41.4
169900001	40.4
170000001	44.8
170100001	42.6
170200001	48.2
170300001	51.8
170400001	53.5
170500001	52.3
170600001	44
170700001	48.4
170800001	41.8
170900001	39
171000001	47
