variableStep chrom=chr18 span=100000
1	45.4
100001	40.6
200001	38.6
300001	44
400001	42.3
500001	43.6
600001	43.6
700001	40.7
800001	42.3
900001	42.2
1000001	38.3
1100001	37.1
1200001	35.8
1300001	37.6
1400001	35.9
1500001	37.2
1600001	34.9
1700001	35.4
1800001	36.2
1900001	37.5
2000001	36.7
2100001	38.4
2200001	38.4
2300001	37.2
2400001	39.1
2500001	37.9
2600001	39.7
2700001	36.3
2800001	44.1
2900001	42.9
3000001	43.6
3100001	40.3
3200001	40.9
3300001	41.3
3400001	43.2
3500001	42.8
3600001	43.3
3700001	41.5
3800001	39.9
3900001	39.6
4000001	39.2
4100001	37.6
4200001	37.2
4300001	36.7
4400001	37.5
4500001	36.2
4600001	37.5
4700001	38.2
4800001	38.3
4900001	37.9
5000001	40.2
5100001	38.6
5200001	39.1
5300001	38.6
5400001	38.7
5500001	40.3
5600001	40.5
5700001	40.7
5800001	39.7
5900001	42.4
6000001	39.1
6100001	40
6200001	39.1
6300001	38.9
6400001	40
6500001	40.4
6600001	40.2
6700001	39.4
6800001	39.4
6900001	42.3
7000001	42.6
7100001	44.8
7200001	43.1
7300001	44.5
7400001	42.5
7500001	41.6
7600001	40.6
7700001	39.3
7800001	40
7900001	38.7
8000001	38.2
8100001	39.6
8200001	40.1
8300001	43.2
8400001	45.6
8500001	43.8
8600001	42.9
8700001	45.8
8800001	43.7
8900001	43.3
9000001	42.9
9100001	38.3
9200001	37.5
9300001	39.4
9400001	41.8
9500001	40.3
9600001	42.5
9700001	44.1
9800001	43.3
9900001	40.6
10000001	45.8
10100001	43.7
10200001	44.2
10300001	42.4
10400001	44.6
10500001	42.5
10600001	42.8
10700001	41.8
10800001	40.1
10900001	38.5
11000001	42
11100001	42.1
11200001	39.7
11300001	38.4
11400001	38.6
11500001	42.3
11600001	45.1
11700001	43.5
11800001	44.5
11900001	47.8
12000001	47.5
12100001	40.1
12200001	46.7
12300001	45.9
12400001	44.8
12500001	40
12600001	41.6
12700001	44.4
12800001	41.8
12900001	44.2
13000001	40
13100001	43.4
13200001	48
13300001	44.4
13400001	47.5
13500001	45
13600001	44.8
13700001	40
13800001	44.6
13900001	41.2
14000001	39.9
14100001	42.3
14200001	42.3
14300001	44.1
14400001	42.5
14500001	37.6
14600001	37.6
14700001	37
14800001	38.7
14900001	46
15000001	38.4
15100001	35.5
15200001	37.3
15300001	37.8
15400001	0
15500001	0
15600001	0
15700001	0
15800001	0
15900001	0
16000001	0
16100001	0
16200001	0
16300001	0
16400001	0
16500001	0
16600001	0
16700001	0
16800001	0
16900001	0
17000001	0
17100001	0
17200001	0
17300001	0
17400001	0
17500001	0
17600001	0
17700001	0
17800001	0
17900001	0
18000001	0
18100001	0
18200001	0
18300001	0
18400001	0
18500001	37.2
18600001	37.4
18700001	40.7
18800001	40.3
18900001	39.9
19000001	42.2
19100001	41.8
19200001	42.8
19300001	39.1
19400001	38.6
19500001	43.2
19600001	45.5
19700001	44.1
19800001	42.7
19900001	41.6
20000001	39.9
20100001	40.2
20200001	39
20300001	39.1
20400001	37
20500001	38.2
20600001	44.7
20700001	47.7
20800001	47.8
20900001	43.4
21000001	43
21100001	44.6
21200001	43.7
21300001	42.2
21400001	42.1
21500001	43.3
21600001	41.1
21700001	41.4
21800001	39.6
21900001	42.6
22000001	41.4
22100001	41.2
22200001	40.5
22300001	41.1
22400001	42.1
22500001	41.1
22600001	40
22700001	36.9
22800001	38.3
22900001	39.6
23000001	39.5
23100001	38.2
23200001	39.4
23300001	39.2
23400001	40
23500001	39.6
23600001	36
23700001	39.6
23800001	40.2
23900001	38.5
24000001	42.8
24100001	41.9
24200001	42.1
24300001	39.8
24400001	40.2
24500001	39.5
24600001	37.5
24700001	38
24800001	37.6
24900001	37.3
25000001	37.6
25100001	37.3
25200001	37.3
25300001	37.9
25400001	37.1
25500001	37
25600001	36
25700001	38.9
25800001	37.1
25900001	36.6
26000001	37.3
26100001	34.5
26200001	36.7
26300001	35.2
26400001	35.6
26500001	35
26600001	33.8
26700001	34.7
26800001	35.4
26900001	34.4
27000001	33.2
27100001	34.7
27200001	34.7
27300001	35.2
27400001	35
27500001	33.9
27600001	35.1
27700001	35.7
27800001	33.5
27900001	35.1
28000001	34.4
28100001	34.7
28200001	36.9
28300001	36
28400001	35.6
28500001	36.5
28600001	37.5
28700001	36.4
28800001	37.3
28900001	36.5
29000001	38.4
29100001	41
29200001	39.1
29300001	41.7
29400001	37.2
29500001	44.7
29600001	42.1
29700001	39.7
29800001	40.4
29900001	38.8
30000001	38.6
30100001	39.1
30200001	38.1
30300001	38.9
30400001	38.9
30500001	34.5
30600001	34.4
30700001	35.3
30800001	35.9
30900001	34.3
31000001	35.8
31100001	35.9
31200001	35.5
31300001	37.3
31400001	36.3
31500001	34.9
31600001	34.4
31700001	34.2
31800001	37.4
31900001	37
32000001	36.3
32100001	37.3
32200001	37.7
32300001	38.4
32400001	38.7
32500001	37.6
32600001	38.7
32700001	41.3
32800001	40.3
32900001	40.5
33000001	43
33100001	39.3
33200001	38.1
33300001	41.9
33400001	42.7
33500001	40.4
33600001	40
33700001	43
33800001	42.3
33900001	44
34000001	42.8
34100001	42.3
34200001	42.1
34300001	43.4
34400001	36.2
34500001	37.1
34600001	37.7
34700001	37.3
34800001	51.6
34900001	52.9
35000001	52.2
35100001	47.4
35200001	43
35300001	41.7
35400001	41
35500001	39.2
35600001	38.6
35700001	35.4
35800001	36.9
35900001	37.1
36000001	38.1
36100001	37.4
36200001	37.4
36300001	36.2
36400001	37.2
36500001	37
36600001	35.1
36700001	35.8
36800001	36.9
36900001	36.8
37000001	37.1
37100001	37.6
37200001	36.8
37300001	37.6
37400001	37.5
37500001	35.4
37600001	38
37700001	35.9
37800001	35
37900001	36.5
38000001	34.6
38100001	35.9
38200001	35.2
38300001	35.2
38400001	36.2
38500001	35.6
38600001	35.1
38700001	34.6
38800001	36.5
38900001	37
39000001	36.4
39100001	38.2
39200001	37.8
39300001	38.8
39400001	39.2
39500001	35.8
39600001	36.7
39700001	38.5
39800001	38.2
39900001	38.4
40000001	38.3
40100001	37
40200001	36.1
40300001	36.6
40400001	35.2
40500001	35.7
40600001	36.1
40700001	35.8
40800001	35.6
40900001	37.3
41000001	37.3
41100001	36.3
41200001	35.3
41300001	35.1
41400001	36.3
41500001	35.2
41600001	36.4
41700001	35.8
41800001	36.7
41900001	37
42000001	37.1
42100001	38.3
42200001	41.2
42300001	42.6
42400001	42.4
42500001	41.7
42600001	39.9
42700001	38.3
42800001	41.7
42900001	41.6
43000001	42.6
43100001	44.4
43200001	44.9
43300001	42.6
43400001	43.6
43500001	41.8
43600001	43.5
43700001	44.2
43800001	42.8
43900001	49.9
44000001	46.7
44100001	44.5
44200001	48.1
44300001	42.8
44400001	39
44500001	44.1
44600001	39.6
44700001	42.1
44800001	42.9
44900001	45.4
45000001	44.1
45100001	43.7
45200001	45.2
45300001	39.9
45400001	39.6
45500001	48.3
45600001	48.3
45700001	44
45800001	47.1
45900001	45.8
46000001	43.7
46100001	49.5
46200001	50.7
46300001	51.3
46400001	50.1
46500001	49.1
46600001	38.1
46700001	37.7
46800001	37.5
46900001	39.5
47000001	44.5
47100001	46.2
47200001	44.8
47300001	43.4
47400001	45.7
47500001	43.6
47600001	43.6
47700001	43.5
47800001	42.8
47900001	42.4
48000001	41.6
48100001	45.1
48200001	46.2
48300001	43.2
48400001	39.5
48500001	40.3
48600001	44
48700001	41.7
48800001	41.5
48900001	39.8
49000001	40.2
49100001	41
49200001	39.3
49300001	38.9
49400001	39.1
49500001	37.3
49600001	37.9
49700001	37.7
49800001	38.2
49900001	38
50000001	36.9
50100001	38.1
50200001	38.3
50300001	38.1
50400001	35.8
50500001	35.7
50600001	36.7
50700001	36.4
50800001	35.8
50900001	36.1
51000001	37.1
51100001	36.5
51200001	36.6
51300001	37.6
51400001	38.6
51500001	38.6
51600001	39.9
51700001	39.9
51800001	36.6
51900001	38.2
52000001	36.9
52100001	0
52200001	37.2
52300001	37.4
52400001	38.4
52500001	38.2
52600001	38.8
52700001	39.6
52800001	40
52900001	37.4
53000001	37.8
53100001	37.9
53200001	37.5
53300001	38.7
53400001	38
53500001	38.5
53600001	37.7
53700001	39.1
53800001	39.4
53900001	40.8
54000001	39.1
54100001	40.2
54200001	38.8
54300001	37.7
54400001	35.3
54500001	36.2
54600001	36.9
54700001	45.7
54800001	43
54900001	42.9
55000001	40.8
55100001	43.8
55200001	44
55300001	43.2
55400001	43.9
55500001	42.7
55600001	41.8
55700001	44.3
55800001	43.6
55900001	42.2
56000001	44.2
56100001	45.2
56200001	44
56300001	40.9
56400001	44.9
56500001	44.6
56600001	42.2
56700001	44.1
56800001	42.9
56900001	42.6
57000001	40.6
57100001	43.3
57200001	42.3
57300001	43.3
57400001	42.3
57500001	43.3
57600001	39.9
57700001	36.9
57800001	37.5
57900001	36
58000001	36.1
58100001	35.9
58200001	34.8
58300001	35.7
58400001	34.7
58500001	36.2
58600001	36.3
58700001	36
58800001	37.4
58900001	38.7
59000001	38
59100001	39.6
59200001	41.1
59300001	40.5
59400001	41.6
59500001	42.9
59600001	39.9
59700001	36.3
59800001	35.9
59900001	36.1
60000001	44.2
60100001	42.6
60200001	44
60300001	42.4
60400001	38.6
60500001	39.7
60600001	42.4
60700001	43.1
60800001	43.4
60900001	42.1
61000001	41.3
61100001	41.1
61200001	38.4
61300001	38.2
61400001	38
61500001	37.8
61600001	40.7
61700001	37.7
61800001	39.1
61900001	37.9
62000001	37.7
62100001	35.7
62200001	36.2
62300001	37.2
62400001	35.1
62500001	34.4
62600001	35
62700001	34.2
62800001	34.9
62900001	34.9
63000001	34.2
63100001	33.8
63200001	34.6
63300001	34.7
63400001	35.6
63500001	34.6
63600001	35.5
63700001	34.8
63800001	34.2
63900001	35.5
64000001	34.3
64100001	33.9
64200001	33
64300001	35.4
64400001	34.2
64500001	33.9
64600001	33.7
64700001	34.8
64800001	34.4
64900001	35.1
65000001	35.8
65100001	36.9
65200001	35.4
65300001	35.3
65400001	35.5
65500001	34
65600001	34.6
65700001	33.9
65800001	34
65900001	35.4
66000001	35.6
66100001	36.5
66200001	37.1
66300001	37.2
66400001	35.4
66500001	35
66600001	34.6
66700001	33.5
66800001	34.8
66900001	35.2
67000001	36.4
67100001	36
67200001	35.3
67300001	37
67400001	36
67500001	39.1
67600001	40.6
67700001	36.2
67800001	37.2
67900001	40.2
68000001	41.9
68100001	40.4
68200001	38.1
68300001	38.2
68400001	38.2
68500001	37.9
68600001	38.4
68700001	35.6
68800001	36.3
68900001	35.4
69000001	34.5
69100001	34.9
69200001	34.8
69300001	35.5
69400001	35.3
69500001	35.1
69600001	34.7
69700001	34.3
69800001	35.5
69900001	35.7
70000001	36.4
70100001	36.2
70200001	38.4
70300001	38.6
70400001	36.1
70500001	38.2
70600001	37.6
70700001	36
70800001	35
70900001	36.6
71000001	36.1
71100001	35.9
71200001	36.4
71300001	38.1
71400001	40
71500001	41.2
71600001	42.5
71700001	40.9
71800001	44.5
71900001	42.5
72000001	42.9
72100001	47.4
72200001	44.7
72300001	37.9
72400001	36.2
72500001	36.7
72600001	38.4
72700001	42.4
72800001	46.7
72900001	45.3
73000001	43.7
73100001	41.8
73200001	42
73300001	40
73400001	40.8
73500001	41.4
73600001	40
73700001	40.2
73800001	41.4
73900001	41.5
74000001	43.5
74100001	47.2
74200001	45.1
74300001	44.9
74400001	45.4
74500001	44.5
74600001	43.2
74700001	48
74800001	46.9
74900001	42
75000001	42.8
75100001	39.8
75200001	40.4
75300001	43.1
75400001	39.3
75500001	39.8
75600001	41.2
75700001	41.1
75800001	43.1
75900001	41.8
76000001	40.8
76100001	45.1
76200001	46.1
76300001	47.6
76400001	50.1
76500001	49.4
76600001	46.6
76700001	48
76800001	41.6
76900001	40.5
77000001	42.5
77100001	53.8
77200001	55.5
77300001	54.8
77400001	49.6
77500001	52.5
77600001	51.6
77700001	48.3
77800001	44.5
77900001	46.4
