variableStep chrom=chr13 span=100000
1	0
100001	0
200001	0
300001	0
400001	0
500001	0
600001	0
700001	0
800001	0
900001	0
1000001	0
1100001	0
1200001	0
1300001	0
1400001	0
1500001	0
1600001	0
1700001	0
1800001	0
1900001	0
2000001	0
2100001	0
2200001	0
2300001	0
2400001	0
2500001	0
2600001	0
2700001	0
2800001	0
2900001	0
3000001	0
3100001	0
3200001	0
3300001	0
3400001	0
3500001	0
3600001	0
3700001	0
3800001	0
3900001	0
4000001	0
4100001	0
4200001	0
4300001	0
4400001	0
4500001	0
4600001	0
4700001	0
4800001	0
4900001	0
5000001	0
5100001	0
5200001	0
5300001	0
5400001	0
5500001	0
5600001	0
5700001	0
5800001	0
5900001	0
6000001	0
6100001	0
6200001	0
6300001	0
6400001	0
6500001	0
6600001	0
6700001	0
6800001	0
6900001	0
7000001	0
7100001	0
7200001	0
7300001	0
7400001	0
7500001	0
7600001	0
7700001	0
7800001	0
7900001	0
8000001	0
8100001	0
8200001	0
8300001	0
8400001	0
8500001	0
8600001	0
8700001	0
8800001	0
8900001	0
9000001	0
9100001	0
9200001	0
9300001	0
9400001	0
9500001	0
9600001	0
9700001	0
9800001	0
9900001	0
10000001	0
10100001	0
10200001	0
10300001	0
10400001	0
10500001	0
10600001	0
10700001	0
10800001	0
10900001	0
11000001	0
11100001	0
11200001	0
11300001	0
11400001	0
11500001	0
11600001	0
11700001	0
11800001	0
11900001	0
12000001	0
12100001	0
12200001	0
12300001	0
12400001	0
12500001	0
12600001	0
12700001	0
12800001	0
12900001	0
13000001	0
13100001	0
13200001	0
13300001	0
13400001	0
13500001	0
13600001	0
13700001	0
13800001	0
13900001	0
14000001	0
14100001	0
14200001	0
14300001	0
14400001	0
14500001	0
14600001	0
14700001	0
14800001	0
14900001	0
15000001	0
15100001	0
15200001	0
15300001	0
15400001	0
15500001	0
15600001	0
15700001	0
15800001	0
15900001	0
16000001	0
16100001	0
16200001	0
16300001	0
16400001	0
16500001	0
16600001	0
16700001	0
16800001	0
16900001	0
17000001	0
17100001	0
17200001	0
17300001	0
17400001	0
17500001	0
17600001	0
17700001	0
17800001	0
17900001	0
18000001	0
18100001	0
18200001	0
18300001	0
18400001	0
18500001	0
18600001	0
18700001	0
18800001	0
18900001	0
19000001	37.4
19100001	39.1
19200001	41.4
19300001	45.1
19400001	38.4
19500001	44.2
19600001	43.9
19700001	45.1
19800001	38.2
19900001	41.3
20000001	38.3
20100001	42.4
20200001	39.9
20300001	44.4
20400001	43.3
20500001	39.4
20600001	39.6
20700001	45.3
20800001	44.3
20900001	45.9
21000001	44.2
21100001	40.6
21200001	42.5
21300001	40
21400001	40.2
21500001	45.5
21600001	44.9
21700001	42.8
21800001	41.6
21900001	43
22000001	40.8
22100001	39.1
22200001	41.6
22300001	42.3
22400001	43.3
22500001	42.2
22600001	42
22700001	40.2
22800001	39.5
22900001	37
23000001	37.9
23100001	36.8
23200001	38.9
23300001	38.4
23400001	39.4
23500001	45.5
23600001	39.3
23700001	40
23800001	39.2
23900001	41.1
24000001	42.1
24100001	40.9
24200001	42.7
24300001	40.4
24400001	39.5
24500001	43.7
24600001	43.6
24700001	43.8
24800001	45
24900001	44.2
25000001	42.5
25100001	41.9
25200001	46.5
25300001	40.6
25400001	39.7
25500001	42.4
25600001	41.4
25700001	44.3
25800001	39.2
25900001	41.3
26000001	42.8
26100001	39.6
26200001	40.5
26300001	40.6
26400001	42.5
26500001	43.6
26600001	42.2
26700001	40.2
26800001	39.1
26900001	37.5
27000001	44
27100001	40
27200001	42.5
27300001	44.1
27400001	44.8
27500001	47.4
27600001	40.8
27700001	41.8
27800001	43.3
27900001	45.9
28000001	43.6
28100001	39.7
28200001	39.1
28300001	46.2
28400001	42.8
28500001	46.2
28600001	43.3
28700001	39.2
28800001	38.8
28900001	41.2
29000001	41
29100001	44.5
29200001	39.9
29300001	43.1
29400001	39.6
29500001	40.1
29600001	40
29700001	39.6
29800001	40.5
29900001	41.3
30000001	45.9
30100001	44.9
30200001	41.5
30300001	38.4
30400001	41.3
30500001	43.9
30600001	44
30700001	44.2
30800001	39.1
30900001	44.6
31000001	43.1
31100001	41
31200001	42.1
31300001	45.5
31400001	46.1
31500001	42.1
31600001	45.8
31700001	42.4
31800001	40.4
31900001	41.6
32000001	38.5
32100001	39.3
32200001	38.6
32300001	38.7
32400001	39.7
32500001	40.1
32600001	38.7
32700001	38.4
32800001	40.3
32900001	38.8
33000001	40
33100001	39.8
33200001	36.6
33300001	36.8
33400001	42.4
33500001	41.7
33600001	40.6
33700001	40.8
33800001	40.2
33900001	40.6
34000001	37.6
34100001	37.5
34200001	39.7
34300001	39.1
34400001	37.7
34500001	38.1
34600001	39
34700001	37.9
34800001	37.9
34900001	40.1
35000001	38.9
35100001	40.6
35200001	38.6
35300001	38.9
35400001	38.7
35500001	36.6
35600001	33
35700001	33.6
35800001	34.9
35900001	34.5
36000001	35.8
36100001	35.9
36200001	41.9
36300001	40.8
36400001	40.9
36500001	41
36600001	38.4
36700001	38.7
36800001	38.6
36900001	38.7
37000001	39
37100001	38.9
37200001	40.1
37300001	40.3
37400001	40.8
37500001	38.3
37600001	38.6
37700001	37.6
37800001	37.7
37900001	37.4
38000001	36.2
38100001	35.5
38200001	35.6
38300001	34.2
38400001	36
38500001	35.2
38600001	36.8
38700001	35.9
38800001	36.2
38900001	35.1
39000001	35.9
39100001	36.3
39200001	38
39300001	37.1
39400001	38.2
39500001	38.6
39600001	38
39700001	38.4
39800001	38.5
39900001	39.4
40000001	39.1
40100001	39.6
40200001	35
40300001	37.7
40400001	38.8
40500001	39.5
40600001	41.4
40700001	43.6
40800001	41.5
40900001	43.3
41000001	44.2
41100001	41.5
41200001	43.3
41300001	42.3
41400001	40.2
41500001	38.1
41600001	41.2
41700001	39.9
41800001	40.7
41900001	38.2
42000001	43.9
42100001	41.8
42200001	36.7
42300001	35.9
42400001	37.3
42500001	39.4
42600001	39.8
42700001	37.4
42800001	37.3
42900001	41
43000001	39.7
43100001	41.6
43200001	39.6
43300001	39.7
43400001	39.1
43500001	41.2
43600001	38.5
43700001	41.7
43800001	40.4
43900001	40.4
44000001	37.4
44100001	38
44200001	38.1
44300001	39.8
44400001	36.7
44500001	40.8
44600001	39.1
44700001	42.6
44800001	43.6
44900001	44.9
45000001	38.6
45100001	39.7
45200001	43
45300001	43.5
45400001	44.6
45500001	39.4
45600001	43.2
45700001	38.8
45800001	42
45900001	45.7
46000001	41
46100001	44.1
46200001	41.8
46300001	44
46400001	43.6
46500001	37.2
46600001	37.8
46700001	40.2
46800001	37.8
46900001	41.6
47000001	40.3
47100001	41.4
47200001	39.2
47300001	38.3
47400001	38.7
47500001	38.6
47600001	37.4
47700001	37.9
47800001	37.9
47900001	36.9
48000001	37.9
48100001	39.1
48200001	39.7
48300001	39.9
48400001	41.2
48500001	39
48600001	40.9
48700001	41
48800001	39.5
48900001	35.4
49000001	38.6
49100001	41.3
49200001	39.8
49300001	40.9
49400001	40.6
49500001	37.6
49600001	37.3
49700001	39
49800001	41.4
49900001	37.9
50000001	39.1
50100001	43.5
50200001	43.1
50300001	40.9
50400001	42.7
50500001	41.5
50600001	37.3
50700001	40.6
50800001	39.3
50900001	40.9
51000001	38.2
51100001	39.1
51200001	40.4
51300001	39.8
51400001	39.1
51500001	40.3
51600001	43.2
51700001	42.4
51800001	44.2
51900001	37.5
52000001	39.3
52100001	40.2
52200001	39
52300001	44.8
52400001	44.5
52500001	44.3
52600001	41
52700001	41.3
52800001	39.5
52900001	41.7
53000001	39.7
53100001	40.9
53200001	38.7
53300001	44
53400001	44.7
53500001	43
53600001	40.6
53700001	40.1
53800001	40.4
53900001	38.1
54000001	38.4
54100001	36
54200001	34.6
54300001	35.9
54400001	34.7
54500001	35.6
54600001	35.8
54700001	36.2
54800001	35.9
54900001	35.8
55000001	35
55100001	34.6
55200001	37.8
55300001	35.8
55400001	35.8
55500001	36.1
55600001	34.5
55700001	34.4
55800001	34.2
55900001	32.8
56000001	34.4
56100001	35
56200001	34.8
56300001	32.9
56400001	35
56500001	33.8
56600001	35
56700001	33.9
56800001	33
56900001	35
57000001	34.4
57100001	32.7
57200001	33.4
57300001	34.6
57400001	34.2
57500001	33.9
57600001	32.8
57700001	40.5
57800001	33.5
57900001	33.3
58000001	34.3
58100001	34.6
58200001	33.8
58300001	34.6
58400001	35.1
58500001	33.9
58600001	33.7
58700001	35.1
58800001	35.3
58900001	34.4
59000001	35.9
59100001	35.6
59200001	35.9
59300001	35
59400001	35.8
59500001	36.4
59600001	37
59700001	37.2
59800001	38.7
59900001	39.1
60000001	39.9
60100001	38.8
60200001	38.6
60300001	35.9
60400001	34.9
60500001	35.5
60600001	36.1
60700001	38.1
60800001	39.9
60900001	38.2
61000001	36.2
61100001	38.5
61200001	38.7
61300001	37.5
61400001	37.3
61500001	36.2
61600001	36.6
61700001	35.9
61800001	36
61900001	35.9
62000001	33.7
62100001	34.5
62200001	36.1
62300001	34.2
62400001	34.5
62500001	33
62600001	34.3
62700001	36.4
62800001	34.3
62900001	34.8
63000001	33.7
63100001	33.3
63200001	33.5
63300001	33.3
63400001	33.4
63500001	34.1
63600001	32.8
63700001	34.3
63800001	34.8
63900001	34.1
64000001	34.7
64100001	35.6
64200001	33.6
64300001	36.1
64400001	35.9
64500001	33.5
64600001	34.6
64700001	34.3
64800001	33.7
64900001	34
65000001	33.2
65100001	33.7
65200001	35
65300001	34.2
65400001	34.4
65500001	34.2
65600001	34.5
65700001	34.6
65800001	34.4
65900001	34.8
66000001	33.6
66100001	34.4
66200001	33.9
66300001	34.3
66400001	35
66500001	35
66600001	34
66700001	36.3
66800001	37.3
66900001	35.3
67000001	34.2
67100001	34.7
67200001	34.8
67300001	34.8
67400001	34
67500001	34.4
67600001	35
67700001	34.3
67800001	35.9
67900001	35.9
68000001	34.6
68100001	34
68200001	34.9
68300001	34.7
68400001	36.6
68500001	33.3
68600001	35.3
68700001	34.8
68800001	34.8
68900001	34.1
69000001	33.8
69100001	34.2
69200001	32.6
69300001	32.8
69400001	34.4
69500001	33.1
69600001	32.9
69700001	33.5
69800001	33.3
69900001	34.2
70000001	35.2
70100001	35.5
70200001	34.2
70300001	35
70400001	34.2
70500001	32.8
70600001	34.3
70700001	34.2
70800001	35.2
70900001	34.1
71000001	35.1
71100001	33.6
71200001	33.8
71300001	33.5
71400001	34.5
71500001	33.7
71600001	35.7
71700001	35.1
71800001	34.6
71900001	34.7
72000001	33.9
72100001	32.2
72200001	34.5
72300001	34.6
72400001	36
72500001	36.4
72600001	36.4
72700001	36.7
72800001	36
72900001	36.1
73000001	36.9
73100001	38
73200001	38.1
73300001	37
73400001	35.9
73500001	38.5
73600001	41.2
73700001	41
73800001	38.9
73900001	38.6
74000001	39.3
74100001	39
74200001	39.8
74300001	38.5
74400001	36.7
74500001	37.2
74600001	37.1
74700001	38.9
74800001	38
74900001	37.2
75000001	37.3
75100001	37
75200001	37.6
75300001	38.4
75400001	36.7
75500001	37
75600001	36.8
75700001	39
75800001	38.6
75900001	38.4
76000001	40
76100001	37.2
76200001	39.5
76300001	38.2
76400001	38.2
76500001	36.4
76600001	35.4
76700001	36.9
76800001	36.4
76900001	36.5
77000001	36.4
77100001	37.5
77200001	38.8
77300001	39.8
77400001	40
77500001	40.9
77600001	36.8
77700001	35.6
77800001	35.8
77900001	38.4
78000001	38.6
78100001	38.6
78200001	37.8
78300001	37.7
78400001	36.9
78500001	37.6
78600001	37.1
78700001	35.9
78800001	35.3
78900001	37.1
79000001	37.4
79100001	39.7
79200001	38.3
79300001	37.1
79400001	38.1
79500001	37.7
79600001	37.6
79700001	37.2
79800001	38.4
79900001	35.5
80000001	37.2
80100001	38
80200001	37
80300001	38.4
80400001	39
80500001	37.8
80600001	38.1
80700001	39.7
80800001	39.2
80900001	40.1
81000001	37.5
81100001	36.2
81200001	36.9
81300001	34.5
81400001	35.3
81500001	35.2
81600001	35
81700001	35.5
81800001	34.9
81900001	35.1
82000001	34.7
82100001	34.4
82200001	34.1
82300001	34.7
82400001	35.3
82500001	33.4
82600001	34.8
82700001	33.9
82800001	35.8
82900001	34.4
83000001	33.2
83100001	32.8
83200001	33.4
83300001	35.3
83400001	34.2
83500001	35.2
83600001	33.3
83700001	34
83800001	34.1
83900001	34.6
84000001	34.5
84100001	35
84200001	35.6
84300001	34.8
84400001	35.1
84500001	35.1
84600001	33.9
84700001	35.6
84800001	33.7
84900001	35.2
85000001	34.8
85100001	34.7
85200001	34.1
85300001	34.5
85400001	35.5
85500001	34
85600001	35.1
85700001	36.3
85800001	33.7
85900001	35.5
86000001	35.5
86100001	35.7
86200001	34.7
86300001	33.5
86400001	34.9
86500001	33.6
86600001	34.5
86700001	33.1
86800001	0
86900001	33.9
87000001	35.2
87100001	33.3
87200001	34.1
87300001	34.7
87400001	36.6
87500001	34.8
87600001	33.8
87700001	33.3
87800001	34.1
87900001	34.6
88000001	34.8
88100001	33.6
88200001	33.8
88300001	34.4
88400001	34.2
88500001	34.6
88600001	34.3
88700001	35.2
88800001	35.4
88900001	35.1
89000001	34.6
89100001	35.8
89200001	34.2
89300001	34.7
89400001	32.9
89500001	33.8
89600001	33.3
89700001	34.4
89800001	34.1
89900001	34.2
90000001	34.6
90100001	35.3
90200001	34.5
90300001	35.5
90400001	33.6
90500001	35.6
90600001	34.6
90700001	34
90800001	35.2
90900001	36.2
91000001	36.2
91100001	35.6
91200001	35.9
91300001	36.8
91400001	36.3
91500001	36.5
91600001	36.4
91700001	36.5
91800001	37.8
91900001	36.3
92000001	38.7
92100001	36.1
92200001	36.6
92300001	36.2
92400001	35.8
92500001	35.2
92600001	35.7
92700001	35.3
92800001	35.6
92900001	35.8
93000001	35.4
93100001	35.5
93200001	35.5
93300001	35.6
93400001	35.8
93500001	35.1
93600001	37.5
93700001	36.9
93800001	37.4
93900001	36.9
94000001	36.8
94100001	37.1
94200001	35.8
94300001	35.5
94400001	36.5
94500001	36.6
94600001	36.1
94700001	37.1
94800001	38.1
94900001	39.2
95000001	40.1
95100001	41.3
95200001	39.2
95300001	41.9
95400001	39.2
95500001	39.9
95600001	40.2
95700001	40.9
95800001	42.6
95900001	45.8
96000001	43.9
96100001	42.2
96200001	41.2
96300001	40.2
96400001	38.2
96500001	36.6
96600001	37
96700001	39.2
96800001	38.8
96900001	37.9
97000001	38
97100001	38.4
97200001	36.8
97300001	37.5
97400001	38.2
97500001	40.3
97600001	38.7
97700001	40.5
97800001	40.5
97900001	40.6
98000001	38.6
98100001	39.5
98200001	41.1
98300001	40.7
98400001	39.8
98500001	42.1
98600001	41.8
98700001	45
98800001	43.7
98900001	43.4
99000001	45.8
99100001	47
99200001	44.3
99300001	45
99400001	44.2
99500001	41.2
99600001	42
99700001	43.2
99800001	43.7
99900001	40.2
100000001	47.1
100100001	41.3
100200001	43.4
100300001	43.2
100400001	43.3
100500001	44.6
100600001	46.8
100700001	41.8
100800001	39
100900001	37.8
101000001	39.6
101100001	44.5
101200001	44.2
101300001	43.6
101400001	42.2
101500001	40.4
101600001	40.8
101700001	39.4
101800001	38.3
101900001	37.6
102000001	37
102100001	37.2
102200001	35.8
102300001	36.1
102400001	36.6
102500001	37.2
102600001	37.1
102700001	37.5
102800001	37.6
102900001	37.7
103000001	37.7
103100001	38.7
103200001	38.8
103300001	39.3
103400001	40.6
103500001	39.4
103600001	39.3
103700001	39.1
103800001	38.9
103900001	37.2
104000001	38.1
104100001	35.9
104200001	35.8
104300001	36.6
104400001	36.3
104500001	34
104600001	35.5
104700001	35.5
104800001	35.7
104900001	36.7
105000001	35.9
105100001	35.4
105200001	36.8
105300001	36.2
105400001	36.7
105500001	35.2
105600001	35.8
105700001	35.7
105800001	34.7
105900001	37
106000001	35.7
106100001	36.3
106200001	36.6
106300001	35.8
106400001	37.5
106500001	38.5
106600001	39.1
106700001	39.4
106800001	38.2
106900001	39.3
107000001	41.3
107100001	41.6
107200001	41
107300001	39.2
107400001	40
107500001	40.7
107600001	38.3
107700001	38.3
107800001	38
107900001	37.4
108000001	37.5
108100001	37.1
108200001	36.6
108300001	37.9
108400001	36.8
108500001	39.1
108600001	36.1
108700001	36.9
108800001	38.4
108900001	36.3
109000001	38
109100001	38.6
109200001	38.4
109300001	38.3
109400001	37.2
109500001	38.9
109600001	37.4
109700001	39.8
109800001	39.6
109900001	41.3
110000001	41.4
110100001	40
110200001	40.5
110300001	43.1
110400001	43.8
110500001	40.7
110600001	42.4
110700001	43.3
110800001	44.9
110900001	46.3
111000001	45.2
111100001	50.9
111200001	48.6
111300001	45.9
111400001	44.5
111500001	43.7
111600001	43.5
111700001	44.5
111800001	44.1
111900001	47.2
112000001	47
112100001	48.9
112200001	47.7
112300001	49.3
112400001	0
112500001	47.6
112600001	47
112700001	48.5
112800001	49.4
112900001	48.2
113000001	43.8
113100001	44.2
113200001	44.9
113300001	49.2
113400001	50.4
113500001	51.2
113600001	55.2
113700001	55
113800001	47.6
113900001	48.2
114000001	53.4
114100001	47.4
114200001	50.8
114300001	53.3
114400001	54.1
114500001	54.3
114600001	49.5
114700001	58.4
114800001	56.4
114900001	47.8
115000001	43.4
