variableStep chrom=chr15 span=100000
1	0
100001	0
200001	0
300001	0
400001	0
500001	0
600001	0
700001	0
800001	0
900001	0
1000001	0
1100001	0
1200001	0
1300001	0
1400001	0
1500001	0
1600001	0
1700001	0
1800001	0
1900001	0
2000001	0
2100001	0
2200001	0
2300001	0
2400001	0
2500001	0
2600001	0
2700001	0
2800001	0
2900001	0
3000001	0
3100001	0
3200001	0
3300001	0
3400001	0
3500001	0
3600001	0
3700001	0
3800001	0
3900001	0
4000001	0
4100001	0
4200001	0
4300001	0
4400001	0
4500001	0
4600001	0
4700001	0
4800001	0
4900001	0
5000001	0
5100001	0
5200001	0
5300001	0
5400001	0
5500001	0
5600001	0
5700001	0
5800001	0
5900001	0
6000001	0
6100001	0
6200001	0
6300001	0
6400001	0
6500001	0
6600001	0
6700001	0
6800001	0
6900001	0
7000001	0
7100001	0
7200001	0
7300001	0
7400001	0
7500001	0
7600001	0
7700001	0
7800001	0
7900001	0
8000001	0
8100001	0
8200001	0
8300001	0
8400001	0
8500001	0
8600001	0
8700001	0
8800001	0
8900001	0
9000001	0
9100001	0
9200001	0
9300001	0
9400001	0
9500001	0
9600001	0
9700001	0
9800001	0
9900001	0
10000001	0
10100001	0
10200001	0
10300001	0
10400001	0
10500001	0
10600001	0
10700001	0
10800001	0
10900001	0
11000001	0
11100001	0
11200001	0
11300001	0
11400001	0
11500001	0
11600001	0
11700001	0
11800001	0
11900001	0
12000001	0
12100001	0
12200001	0
12300001	0
12400001	0
12500001	0
12600001	0
12700001	0
12800001	0
12900001	0
13000001	0
13100001	0
13200001	0
13300001	0
13400001	0
13500001	0
13600001	0
13700001	0
13800001	0
13900001	0
14000001	0
14100001	0
14200001	0
14300001	0
14400001	0
14500001	0
14600001	0
14700001	0
14800001	0
14900001	0
15000001	0
15100001	0
15200001	0
15300001	0
15400001	0
15500001	0
15600001	0
15700001	0
15800001	0
15900001	0
16000001	0
16100001	0
16200001	0
16300001	0
16400001	0
16500001	0
16600001	0
16700001	0
16800001	0
16900001	0
17000001	0
17100001	0
17200001	0
17300001	0
17400001	0
17500001	0
17600001	0
17700001	0
17800001	0
17900001	0
18000001	0
18100001	0
18200001	0
18300001	0
18400001	0
18500001	0
18600001	0
18700001	0
18800001	0
18900001	0
19000001	0
19100001	0
19200001	0
19300001	0
19400001	0
19500001	0
19600001	0
19700001	0
19800001	0
19900001	0
20000001	37.2
20100001	38.3
20200001	47.6
20300001	45
20400001	45.4
20500001	43.7
20600001	40.4
20700001	45.9
20800001	38.4
20900001	43
21000001	39
21100001	38
21200001	46.7
21300001	45.4
21400001	0
21500001	0
21600001	0
21700001	0
21800001	0
21900001	41.1
22000001	40.6
22100001	37.3
22200001	37.7
22300001	36.2
22400001	42.1
22500001	45.3
22600001	39.9
22700001	44
22800001	46
22900001	49.1
23000001	45.5
23100001	40.5
23200001	40.8
23300001	44
23400001	45.6
23500001	44.8
23600001	46.8
23700001	39.4
23800001	41.5
23900001	39.6
24000001	40.4
24100001	39.4
24200001	39.2
24300001	38.8
24400001	38.9
24500001	38.4
24600001	38.6
24700001	39
24800001	39.4
24900001	39.8
25000001	40.3
25100001	42.1
25200001	38.1
25300001	42.2
25400001	54.8
25500001	36.9
25600001	36.7
25700001	40.8
25800001	42.5
25900001	47.3
26000001	45.5
26100001	43.6
26200001	43.5
26300001	41.2
26400001	42.4
26500001	39.8
26600001	40
26700001	39.6
26800001	41.4
26900001	42.4
27000001	39.4
27100001	42.5
27200001	41.2
27300001	41.3
27400001	42.5
27500001	39.3
27600001	40.2
27700001	40.7
27800001	39.5
27900001	44.1
28000001	43.8
28100001	41.3
28200001	44.3
28300001	47.6
28400001	42.8
28500001	44.9
28600001	41.3
28700001	42
28800001	44.8
28900001	42.3
29000001	40.8
29100001	50.3
29200001	47.6
29300001	47.7
29400001	48.3
29500001	41.6
29600001	42.7
29700001	43.4
29800001	43.2
29900001	45.6
30000001	38.6
30100001	41
30200001	41.3
30300001	43.4
30400001	46.2
30500001	41.5
30600001	44.2
30700001	40
30800001	44.3
30900001	41
31000001	43.1
31100001	41.8
31200001	41.1
31300001	44
31400001	45.3
31500001	48.9
31600001	52.5
31700001	45.9
31800001	43.5
31900001	41.8
32000001	42.1
32100001	42.7
32200001	40.9
32300001	39.9
32400001	43.5
32500001	40.6
32600001	47.4
32700001	44
32800001	40.5
32900001	41.3
33000001	40.1
33100001	39.9
33200001	38.7
33300001	39.9
33400001	41
33500001	41
33600001	41.2
33700001	40.1
33800001	40.3
33900001	42.7
34000001	42.8
34100001	42
34200001	39.1
34300001	41.8
34400001	40.3
34500001	40.4
34600001	44.4
34700001	41.6
34800001	45
34900001	38
35000001	42.2
35100001	37.5
35200001	40
35300001	42.4
35400001	36.6
35500001	38.6
35600001	36.6
35700001	35
35800001	35.6
35900001	37.5
36000001	37
36100001	37
36200001	37.1
36300001	36.6
36400001	35.6
36500001	36.5
36600001	36
36700001	36.3
36800001	38.4
36900001	37.4
37000001	37.6
37100001	38.3
37200001	37.4
37300001	39.7
37400001	37
37500001	36.6
37600001	37.2
37700001	36.8
37800001	36.7
37900001	35.4
38000001	37.3
38100001	37.6
38200001	38.6
38300001	40.2
38400001	38.6
38500001	38.3
38600001	36.2
38700001	38.4
38800001	42.2
38900001	42.1
39000001	40.8
39100001	40.9
39200001	37.4
39300001	38.4
39400001	39.4
39500001	38.2
39600001	39.9
39700001	41
39800001	42.3
39900001	38.4
40000001	39.3
40100001	40.3
40200001	40.5
40300001	47.2
40400001	42.7
40500001	51.8
40600001	50.9
40700001	50.8
40800001	44.9
40900001	42.8
41000001	48.2
41100001	50.2
41200001	50.6
41300001	41.5
41400001	45
41500001	43.5
41600001	45.9
41700001	48.3
41800001	50.2
41900001	41.7
42000001	41.6
42100001	57
42200001	47.7
42300001	48.9
42400001	45.3
42500001	39.5
42600001	43.4
42700001	42.5
42800001	42.6
42900001	43.2
43000001	43.6
43100001	39.2
43200001	40.9
43300001	39.5
43400001	41.8
43500001	47.3
43600001	42.4
43700001	41.5
43800001	47.2
43900001	46.1
44000001	46.3
44100001	44.5
44200001	42.7
44300001	38.8
44400001	39.8
44500001	42.2
44600001	40.2
44700001	41.1
44800001	42
44900001	41.4
45000001	40.7
45100001	44
45200001	39.3
45300001	46.2
45400001	51.9
45500001	42.8
45600001	41.1
45700001	42.6
45800001	42.5
45900001	44.4
46000001	41.7
46100001	41
46200001	38.6
46300001	37.8
46400001	37.6
46500001	38.1
46600001	37.5
46700001	36.9
46800001	36.8
46900001	36
47000001	35.9
47100001	35.8
47200001	35.3
47300001	35.3
47400001	37.1
47500001	37.2
47600001	39.2
47700001	38.4
47800001	39.3
47900001	38.7
48000001	40.7
48100001	40.6
48200001	40.1
48300001	40.9
48400001	35.6
48500001	38.7
48600001	41.3
48700001	39
48800001	38.3
48900001	39.3
49000001	36.5
49100001	39.2
49200001	41.3
49300001	38.6
49400001	36.6
49500001	38.6
49600001	37.9
49700001	34.5
49800001	36.9
49900001	36.8
50000001	38.1
50100001	39.2
50200001	37.1
50300001	37.7
50400001	40.9
50500001	41.6
50600001	41.8
50700001	40.4
50800001	39
50900001	40.3
51000001	42.3
51100001	40.8
51200001	38.1
51300001	43
51400001	42.8
51500001	43.8
51600001	44.9
51700001	38
51800001	37
51900001	39.6
52000001	41.8
52100001	40.3
52200001	43.2
52300001	43.3
52400001	45.1
52500001	45.4
52600001	39.1
52700001	40.5
52800001	39.7
52900001	37.5
53000001	45.1
53100001	41
53200001	39.5
53300001	38.5
53400001	39.4
53500001	38.3
53600001	39.8
53700001	39.9
53800001	36.2
53900001	36.6
54000001	37.7
54100001	37.5
54200001	37.9
54300001	37.9
54400001	35.1
54500001	36.1
54600001	34.7
54700001	36.1
54800001	36.7
54900001	36.4
55000001	36.9
55100001	38.8
55200001	38.3
55300001	38.6
55400001	39.7
55500001	41.5
55600001	40.5
55700001	42.8
55800001	40.1
55900001	38.3
56000001	42.9
56100001	38.7
56200001	39.2
56300001	39.7
56400001	37.7
56500001	37.2
56600001	37
56700001	37.5
56800001	37.8
56900001	34.6
57000001	38.4
57100001	38.9
57200001	37.4
57300001	37
57400001	37.2
57500001	38.8
57600001	46.8
57700001	42.7
57800001	45.6
57900001	40.8
58000001	42
58100001	40.4
58200001	41.2
58300001	37.6
58400001	40.3
58500001	42.3
58600001	41.8
58700001	45.2
58800001	43
58900001	36.8
59000001	40.5
59100001	40.3
59200001	40.2
59300001	38.5
59400001	44.6
59500001	42.4
59600001	43.5
59700001	42.1
59800001	43.2
59900001	40.5
60000001	41
60100001	41.3
60200001	40.5
60300001	41
60400001	39.2
60500001	40.4
60600001	43.4
60700001	38.1
60800001	40.2
60900001	41.2
61000001	42.1
61100001	42.7
61200001	42.4
61300001	42.1
61400001	41.4
61500001	39.6
61600001	40.4
61700001	39.7
61800001	40.8
61900001	39.7
62000001	40.6
62100001	38.9
62200001	34.9
62300001	38.2
62400001	41.2
62500001	44.2
62600001	43.6
62700001	45.2
62800001	42.5
62900001	41.7
63000001	44.3
63100001	44.6
63200001	44.4
63300001	45.4
63400001	42.4
63500001	40.4
63600001	46.3
63700001	46
63800001	39.9
63900001	39.3
64000001	38.5
64100001	44.4
64200001	47
64300001	45
64400001	45.2
64500001	39.1
64600001	42.1
64700001	42.8
64800001	41.5
64900001	44.5
65000001	50.7
65100001	51.3
65200001	45.1
65300001	48.1
65400001	43.8
65500001	47.2
65600001	51.4
65700001	44
65800001	42.1
65900001	40.8
66000001	38.2
66100001	41.7
66200001	49.3
66300001	49
66400001	49.4
66500001	46.6
66600001	43.7
66700001	44.7
66800001	44.9
66900001	50.5
67000001	49.6
67100001	47.9
67200001	46
67300001	47.5
67400001	47.4
67500001	38.4
67600001	37.6
67700001	41.6
67800001	40
67900001	37.8
68000001	41.3
68100001	47.6
68200001	43.1
68300001	40.2
68400001	39.9
68500001	44.3
68600001	48.8
68700001	45.9
68800001	47.2
68900001	48.6
69000001	46.6
69100001	42.3
69200001	40.4
69300001	46.4
69400001	41.2
69500001	40.8
69600001	46.5
69700001	43.7
69800001	47.2
69900001	46
70000001	45.2
70100001	47.9
70200001	45.7
70300001	50.7
70400001	48.6
70500001	48.4
70600001	45.9
70700001	49.7
70800001	46.2
70900001	38.9
71000001	41.2
71100001	42.2
71200001	37
71300001	38.8
71400001	43.7
71500001	43.4
71600001	42.9
71700001	41.6
71800001	41.3
71900001	41.5
72000001	44.6
72100001	38.8
72200001	36.5
72300001	40
72400001	45.7
72500001	46.1
72600001	44.7
72700001	40
72800001	38.7
72900001	46.6
73000001	42.5
73100001	44.2
73200001	41.3
73300001	40.1
73400001	37.3
73500001	40.8
73600001	51.1
73700001	39.5
73800001	40.5
73900001	44.1
74000001	51.8
74100001	48.9
74200001	50.1
74300001	49.6
74400001	50.3
74500001	53
74600001	52.6
74700001	49.6
74800001	47.1
74900001	46.7
75000001	51
75100001	52.7
75200001	47.7
75300001	48.1
75400001	49.6
75500001	50.6
75600001	48.2
75700001	46.2
75800001	44.9
75900001	54.1
76000001	50.4
76100001	40.6
76200001	38.1
76300001	41.8
76400001	50.4
76500001	40.7
76600001	44.3
76700001	37.6
76800001	37.6
76900001	36.7
77000001	36.1
77100001	38.8
77200001	43.8
77300001	48.5
77400001	39.5
77500001	37.1
77600001	36.9
77700001	40.4
77800001	52.5
77900001	54.9
78000001	54.2
78100001	55
78200001	52.2
78300001	46.4
78400001	47.6
78500001	46.9
78600001	48.6
78700001	41.4
78800001	42.5
78900001	47.7
79000001	52.3
79100001	45.2
79200001	49.8
79300001	49.3
79400001	44.5
79500001	41.6
79600001	42.4
79700001	43.2
79800001	41.6
79900001	40.3
80000001	42.4
80100001	41.4
80200001	43.1
80300001	41.8
80400001	43.6
80500001	43.5
80600001	42.1
80700001	45.8
80800001	44.4
80900001	44
81000001	43.1
81100001	47
81200001	46.8
81300001	42.7
81400001	42.6
81500001	42.7
81600001	42.8
81700001	38.1
81800001	37.8
81900001	38.5
82000001	41
82100001	40.5
82200001	40.6
82300001	46.1
82400001	40
82500001	40.1
82600001	46.6
82700001	45.7
82800001	48.9
82900001	51.1
83000001	41.8
83100001	46.9
83200001	43.2
83300001	47.6
83400001	43
83500001	45
83600001	44.7
83700001	43.1
83800001	38.4
83900001	42.1
84000001	43.7
84100001	41.6
84200001	40.6
84300001	40.8
84400001	39.5
84500001	39.4
84600001	40
84700001	38.4
84800001	46.4
84900001	46.9
85000001	41.6
85100001	46.2
85200001	44.2
85300001	46.2
85400001	48.9
85500001	42.5
85600001	42.4
85700001	47.2
85800001	46.2
85900001	40.6
86000001	39.6
86100001	39.7
86200001	41.8
86300001	48.6
86400001	44.7
86500001	43.3
86600001	41.3
86700001	40.3
86800001	39.4
86900001	39.1
87000001	38.2
87100001	39.7
87200001	38.3
87300001	38.8
87400001	39.6
87500001	37.1
87600001	37.2
87700001	39.1
87800001	37.5
87900001	37.4
88000001	38.5
88100001	40.8
88200001	41
88300001	41.6
88400001	42.8
88500001	43.8
88600001	45.8
88700001	48.7
88800001	46.7
88900001	44.7
89000001	45.1
89100001	46.3
89200001	45.7
89300001	47.5
89400001	49.7
89500001	44.7
89600001	43.9
89700001	45.1
89800001	44.3
89900001	52.4
90000001	46.8
90100001	45.3
90200001	46.1
90300001	50.9
90400001	44.7
90500001	47.9
90600001	49.9
90700001	50.5
90800001	45
90900001	41.6
91000001	43
91100001	45.3
91200001	43.4
91300001	45.7
91400001	53.9
91500001	46.5
91600001	42.5
91700001	41.5
91800001	41.5
91900001	38.4
92000001	40.2
92100001	40.3
92200001	41.3
92300001	42
92400001	44.7
92500001	44.1
92600001	46.3
92700001	41.5
92800001	43.1
92900001	46.2
93000001	43.3
93100001	46.8
93200001	43.5
93300001	45
93400001	40.3
93500001	44.4
93600001	47.8
93700001	44.5
93800001	45.1
93900001	43.2
94000001	41.2
94100001	39.4
94200001	39
94300001	40.4
94400001	38.3
94500001	39.1
94600001	38.9
94700001	38.4
94800001	38.9
94900001	37.7
95000001	37.8
95100001	40.4
95200001	41.4
95300001	39.2
95400001	37.1
95500001	37.3
95600001	38.2
95700001	37.8
95800001	39.4
95900001	37.3
96000001	37.9
96100001	37.9
96200001	37.3
96300001	36.7
96400001	39.3
96500001	39.7
96600001	39.7
96700001	40.4
96800001	43.6
96900001	43.1
97000001	39.4
97100001	38.5
97200001	38.3
97300001	40.6
97400001	38.4
97500001	37.9
97600001	38.6
97700001	36.3
97800001	37.2
97900001	38.2
98000001	36.2
98100001	37.1
98200001	38.8
98300001	39.2
98400001	40.3
98500001	41.1
98600001	42.7
98700001	41.5
98800001	43.4
98900001	45.9
99000001	43.5
99100001	43.5
99200001	44.6
99300001	43.2
99400001	45.2
99500001	45.3
99600001	47.2
99700001	40.9
99800001	37.6
99900001	46.2
100000001	43.4
100100001	37
100200001	41.4
100300001	38.7
100400001	41.4
100500001	47.9
100600001	45.7
100700001	47
100800001	45.5
100900001	41.1
101000001	42.1
101100001	40.6
101200001	44.9
101300001	45.7
101400001	47
101500001	45.7
101600001	52
101700001	44.5
101800001	47.7
101900001	48.3
102000001	48.3
102100001	43.8
102200001	42.7
102300001	40.3
102400001	38.2
