variableStep chrom=chr3 span=100000
1	37.3
100001	38.1
200001	37.9
300001	36.1
400001	37.3
500001	37.2
600001	35.9
700001	35
800001	37.6
900001	37.1
1000001	36.3
1100001	35.5
1200001	37.7
1300001	36.1
1400001	36.6
1500001	35.9
1600001	36.1
1700001	37.6
1800001	36.2
1900001	38.1
2000001	36.5
2100001	39.1
2200001	36.6
2300001	36.1
2400001	37
2500001	37.3
2600001	38.2
2700001	38.2
2800001	39.4
2900001	38.7
3000001	39.5
3100001	41
3200001	39.9
3300001	39.6
3400001	37.9
3500001	37.3
3600001	39.8
3700001	40.5
3800001	40.1
3900001	38.5
4000001	39.4
4100001	39.2
4200001	39.6
4300001	39.3
4400001	39.9
4500001	42
4600001	42.4
4700001	42.7
4800001	43.9
4900001	40
5000001	45.6
5100001	44.6
5200001	42.7
5300001	41.9
5400001	39.7
5500001	38.9
5600001	39
5700001	39.8
5800001	38.1
5900001	37.5
6000001	38.8
6100001	36.6
6200001	37.2
6300001	37.4
6400001	37.7
6500001	37.6
6600001	35.7
6700001	37
6800001	37.5
6900001	37.9
7000001	37.7
7100001	36.2
7200001	37.2
7300001	37.6
7400001	37.1
7500001	38.8
7600001	39.4
7700001	38.9
7800001	38.7
7900001	39.4
8000001	39.6
8100001	38.9
8200001	39.8
8300001	39.9
8400001	41.6
8500001	43.8
8600001	46.1
8700001	46.2
8800001	43.2
8900001	39.3
9000001	45.5
9100001	46.3
9200001	46.3
9300001	43.1
9400001	39.4
9500001	44.8
9600001	45.3
9700001	49.9
9800001	49.6
9900001	50.5
10000001	44.4
10100001	45.2
10200001	48.6
10300001	49.8
10400001	50.6
10500001	50
10600001	48.1
10700001	46.5
10800001	45.9
10900001	47.9
11000001	49.1
11100001	45.7
11200001	45.9
11300001	42.8
11400001	41
11500001	46.4
11600001	45
11700001	44.7
11800001	43.3
11900001	44.2
12000001	41.3
12100001	39.8
12200001	42.2
12300001	38.7
12400001	41.6
12500001	44.6
12600001	43.1
12700001	47.1
12800001	49.3
12900001	54.9
13000001	52.7
13100001	52.5
13200001	52.7
13300001	52.7
13400001	49.2
13500001	52.5
13600001	53.5
13700001	47.4
13800001	50.9
13900001	45.5
14000001	39.7
14100001	44.6
14200001	43.6
14300001	49.9
14400001	52.5
14500001	52.4
14600001	48.5
14700001	42.4
14800001	49.3
14900001	47.3
15000001	42.1
15100001	44.9
15200001	39.5
15300001	46.4
15400001	44.2
15500001	44.9
15600001	41
15700001	38.1
15800001	36.1
15900001	41.8
16000001	41
16100001	43.2
16200001	45
16300001	42.4
16400001	42.5
16500001	43.3
16600001	38.2
16700001	40.1
16800001	40.6
16900001	38.4
17000001	39.2
17100001	42.8
17200001	38.9
17300001	36.6
17400001	34.5
17500001	36.2
17600001	36.8
17700001	38.5
17800001	40.2
17900001	39.3
18000001	39.1
18100001	39
18200001	37.1
18300001	36.3
18400001	36.8
18500001	36.2
18600001	37.7
18700001	37.7
18800001	37.2
18900001	36.3
19000001	37.4
19100001	37.7
19200001	35.5
19300001	36
19400001	35
19500001	38.2
19600001	37.2
19700001	38.5
19800001	37.9
19900001	40.6
20000001	41.3
20100001	39.1
20200001	37.5
20300001	38.8
20400001	38.4
20500001	37.2
20600001	36.7
20700001	36.6
20800001	36.4
20900001	36.3
21000001	36.1
21100001	35.7
21200001	37.5
21300001	36.4
21400001	37.1
21500001	36.8
21600001	36.7
21700001	38.2
21800001	36
21900001	35.1
22000001	36.8
22100001	36.4
22200001	35.5
22300001	34.8
22400001	36.9
22500001	37
22600001	36.9
22700001	37.4
22800001	37.6
22900001	38.1
23000001	39.2
23100001	39
23200001	38.8
23300001	37.9
23400001	37.4
23500001	37.8
23600001	41.6
23700001	43.5
23800001	41.6
23900001	42.6
24000001	40.9
24100001	40.6
24200001	40.2
24300001	38.1
24400001	37.1
24500001	38.4
24600001	36.8
24700001	38.2
24800001	37.5
24900001	37.5
25000001	37.9
25100001	37.2
25200001	37.5
25300001	39.9
25400001	40.3
25500001	40.6
25600001	38.7
25700001	38.2
25800001	39.2
25900001	37.9
26000001	38
26100001	38.2
26200001	38.2
26300001	38.9
26400001	37.1
26500001	37.6
26600001	39.7
26700001	38.4
26800001	37.4
26900001	37.6
27000001	39
27100001	38.7
27200001	37.6
27300001	38.9
27400001	36.1
27500001	42.7
27600001	42.8
27700001	41.1
27800001	39.5
27900001	37.7
28000001	37.9
28100001	37.4
28200001	37.8
28300001	35.1
28400001	36.6
28500001	36.1
28600001	38.7
28700001	38.9
28800001	38
28900001	37.2
29000001	36.5
29100001	36.8
29200001	37.1
29300001	36.2
29400001	37
29500001	36.8
29600001	36
29700001	37.2
29800001	35.3
29900001	35.3
30000001	37.5
30100001	38.2
30200001	36.7
30300001	37.5
30400001	36.7
30500001	38.5
30600001	38.8
30700001	39.2
30800001	38
30900001	39.3
31000001	39.3
31100001	38.9
31200001	40.6
31300001	40.4
31400001	39.1
31500001	39.6
31600001	35.9
31700001	43.6
31800001	42.1
31900001	42.2
32000001	41.4
32100001	44.1
32200001	42.8
32300001	43.1
32400001	45
32500001	40.5
32600001	42.2
32700001	42.2
32800001	46.6
32900001	44.6
33000001	43.5
33100001	44.4
33200001	40.6
33300001	38.4
33400001	41.6
33500001	39.2
33600001	35.5
33700001	38.2
33800001	38.5
33900001	41.4
34000001	41.3
34100001	40.3
34200001	39.3
34300001	39.2
34400001	38.9
34500001	38.2
34600001	35.7
34700001	36.7
34800001	37.8
34900001	36.6
35000001	35.8
35100001	35.5
35200001	36.5
35300001	34.7
35400001	36.9
35500001	35.8
35600001	35.4
35700001	36.4
35800001	36.9
35900001	37
36000001	35.9
36100001	37.2
36200001	37.2
36300001	37.5
36400001	40
36500001	39.8
36600001	38.9
36700001	41.6
36800001	43.1
36900001	42.8
37000001	41.8
37100001	37.9
37200001	43
37300001	37.7
37400001	42.7
37500001	45.3
37600001	43.8
37700001	44.5
37800001	44.1
37900001	42.2
38000001	50.3
38100001	48.5
38200001	38.4
38300001	45.7
38400001	44.6
38500001	45.1
38600001	50.8
38700001	42.8
38800001	40.8
38900001	39.8
39000001	41.2
39100001	46.9
39200001	45.7
39300001	42
39400001	44.6
39500001	40.1
39600001	40.8
39700001	37.9
39800001	39.9
39900001	37.4
40000001	39.9
40100001	41.2
40200001	42.4
40300001	40.9
40400001	41.3
40500001	42.9
40600001	43.5
40700001	40.8
40800001	40.7
40900001	41.4
41000001	41.3
41100001	43.5
41200001	40.8
41300001	41.5
41400001	39
41500001	37.6
41600001	39.7
41700001	38
41800001	39
41900001	40.4
42000001	44.5
42100001	44.5
42200001	45
42300001	42.5
42400001	43.8
42500001	48.4
42600001	41.9
42700001	50.3
42800001	43.2
42900001	43.2
43000001	45.1
43100001	44.2
43200001	43.3
43300001	40
43400001	42.8
43500001	39.1
43600001	40.4
43700001	41.6
43800001	43.1
43900001	44.4
44000001	43.4
44100001	43.7
44200001	40.6
44300001	37.8
44400001	43.6
44500001	44
44600001	42
44700001	42.1
44800001	40.7
44900001	47.6
45000001	46.1
45100001	45
45200001	47.1
45300001	43.7
45400001	41.2
45500001	43.9
45600001	46.7
45700001	41.3
45800001	43.9
45900001	45.4
46000001	44.4
46100001	42.5
46200001	41.1
46300001	41.3
46400001	45.3
46500001	44.7
46600001	43.5
46700001	52.6
46800001	43
46900001	54
47000001	49.5
47100001	39.7
47200001	45.3
47300001	45.7
47400001	49.6
47500001	47.3
47600001	43.8
47700001	40.8
47800001	49
47900001	43.8
48000001	41.8
48100001	46.6
48200001	48.3
48300001	43.7
48400001	48.8
48500001	51.4
48600001	57.5
48700001	48.5
48800001	44.2
48900001	45.9
49000001	50.3
49100001	51.2
49200001	48.3
49300001	47.9
49400001	48.6
49500001	48.4
49600001	48.3
49700001	52.6
49800001	50.1
49900001	51.7
50000001	42.7
50100001	50.8
50200001	57.1
50300001	56.3
50400001	56.6
50500001	55.7
50600001	53.7
50700001	41
50800001	39.1
50900001	38.1
51000001	38.3
51100001	39.8
51200001	41.2
51300001	43
51400001	45.2
51500001	46.2
51600001	44.2
51700001	48.4
51800001	42.7
51900001	47.6
52000001	56.3
52100001	51.6
52200001	51.5
52300001	52.8
52400001	54.2
52500001	53.8
52600001	40.5
52700001	42.8
52800001	52.8
52900001	42.2
53000001	42
53100001	49.9
53200001	52.6
53300001	42.6
53400001	41.5
53500001	42.3
53600001	43.9
53700001	45.5
53800001	48.6
53900001	39.5
54000001	43.3
54100001	43.8
54200001	42.4
54300001	42.8
54400001	40.3
54500001	42.2
54600001	43.8
54700001	41.3
54800001	42.1
54900001	43.5
55000001	40.2
55100001	40.7
55200001	40.3
55300001	41.5
55400001	41.5
55500001	45.4
55600001	43.8
55700001	41.2
55800001	40.4
55900001	40.5
56000001	38
56100001	38.3
56200001	40
56300001	40.7
56400001	40.5
56500001	40.2
56600001	39.6
56700001	42
56800001	42.6
56900001	42.5
57000001	45.9
57100001	45.4
57200001	40.3
57300001	38.8
57400001	38.4
57500001	41.7
57600001	40.8
57700001	41.5
57800001	38.2
57900001	46.5
58000001	45.6
58100001	48.2
58200001	45.4
58300001	43.5
58400001	43.7
58500001	47.7
58600001	47.7
58700001	39.7
58800001	38.8
58900001	38.2
59000001	38.3
59100001	37.1
59200001	40.1
59300001	40.1
59400001	41.4
59500001	40.4
59600001	41.3
59700001	42
59800001	39.8
59900001	39.8
60000001	39.3
60100001	39
60200001	37.8
60300001	38.2
60400001	37.7
60500001	39.1
60600001	37.6
60700001	39.9
60800001	37.9
60900001	38.5
61000001	38.6
61100001	38.9
61200001	39.1
61300001	40.1
61400001	40.2
61500001	43.1
61600001	41.8
61700001	40.3
61800001	39.7
61900001	39.9
62000001	39.9
62100001	43.1
62200001	38.2
62300001	41.2
62400001	40
62500001	40.6
62600001	40.5
62700001	39.5
62800001	39.3
62900001	38.8
63000001	39
63100001	38.7
63200001	38.5
63300001	38.9
63400001	38.8
63500001	38.6
63600001	40.3
63700001	38.9
63800001	40.6
63900001	40.6
64000001	41.6
64100001	41.9
64200001	41.3
64300001	40.7
64400001	42.5
64500001	40.2
64600001	39.7
64700001	40
64800001	39.5
64900001	40
65000001	38.5
65100001	40.2
65200001	39.7
65300001	41.2
65400001	38.9
65500001	39.4
65600001	39.6
65700001	40.2
65800001	40.6
65900001	41.9
66000001	42.5
66100001	42.2
66200001	39.4
66300001	38.6
66400001	45.5
66500001	43.1
66600001	41.8
66700001	40.4
66800001	41.4
66900001	38.7
67000001	38.5
67100001	37.9
67200001	39.6
67300001	38.5
67400001	39.5
67500001	38.6
67600001	39.5
67700001	38.8
67800001	38.4
67900001	38.2
68000001	37.7
68100001	38.5
68200001	37.7
68300001	37.8
68400001	38.6
68500001	38.3
68600001	39
68700001	39.1
68800001	39.5
68900001	40
69000001	39.3
69100001	39.8
69200001	41.3
69300001	42.4
69400001	40.5
69500001	41.3
69600001	39
69700001	40.7
69800001	38.9
69900001	37.8
70000001	38.7
70100001	38.1
70200001	37.2
70300001	36.9
70400001	36.4
70500001	36.9
70600001	36.8
70700001	37.6
70800001	37.9
70900001	40.3
71000001	39
71100001	40.9
71200001	41.5
71300001	41.1
71400001	42.1
71500001	41.7
71600001	42
71700001	41.4
71800001	41.5
71900001	43.7
72000001	44.9
72100001	45.3
72200001	45.4
72300001	48.2
72400001	40.2
72500001	44.8
72600001	45.7
72700001	46
72800001	39.3
72900001	42.5
73000001	41.5
73100001	42
73200001	42.2
73300001	42
73400001	42.4
73500001	41.1
73600001	40.9
73700001	39.4
73800001	39.2
73900001	38.3
74000001	38.1
74100001	37.5
74200001	36.6
74300001	37.3
74400001	37.2
74500001	36.5
74600001	38.2
74700001	35.8
74800001	36.6
74900001	36.5
75000001	37.2
75100001	37.1
75200001	36.9
75300001	42.5
75400001	48.1
75500001	44.3
75600001	46.8
75700001	40.8
75800001	40.2
75900001	35.6
76000001	35.1
76100001	35
76200001	36.5
76300001	35.2
76400001	35.7
76500001	36.8
76600001	36
76700001	35.7
76800001	34
76900001	36
77000001	35.9
77100001	36
77200001	36.4
77300001	36.5
77400001	36
77500001	34.8
77600001	34.5
77700001	38.2
77800001	36.3
77900001	35.8
78000001	35.6
78100001	37
78200001	35.8
78300001	37.1
78400001	36.2
78500001	36.7
78600001	37.6
78700001	35.3
78800001	35.3
78900001	35.4
79000001	36
79100001	35
79200001	35.1
79300001	35.1
79400001	34.7
79500001	35
79600001	34.1
79700001	34.1
79800001	36
79900001	35.4
80000001	34.4
80100001	34.2
80200001	35.1
80300001	35.6
80400001	34.6
80500001	34.2
80600001	34.1
80700001	35.1
80800001	34.5
80900001	35.7
81000001	35.6
81100001	35.2
81200001	36.5
81300001	35.5
81400001	37
81500001	36.2
81600001	34.5
81700001	35.3
81800001	37.4
81900001	37
82000001	36.7
82100001	36.4
82200001	35.3
82300001	34.9
82400001	35.3
82500001	35.8
82600001	36.4
82700001	35.7
82800001	34.5
82900001	32.9
83000001	33.5
83100001	33
83200001	33.3
83300001	34.3
83400001	34.7
83500001	34.6
83600001	34.6
83700001	33.1
83800001	33.9
83900001	34.3
84000001	34.2
84100001	33.7
84200001	35.6
84300001	33.4
84400001	33.3
84500001	34.4
84600001	34.9
84700001	34.7
84800001	36.6
84900001	36.3
85000001	34.7
85100001	33.9
85200001	33.7
85300001	33.3
85400001	34.1
85500001	33.9
85600001	33
85700001	35
85800001	34.6
85900001	34.3
86000001	34.2
86100001	36.4
86200001	34.5
86300001	34.3
86400001	35.5
86500001	34.8
86600001	35.6
86700001	36.1
86800001	35.2
86900001	35.5
87000001	37
87100001	36.9
87200001	35.8
87300001	35
87400001	36.4
87500001	35.3
87600001	37.1
87700001	36.4
87800001	35.4
87900001	36.2
88000001	37.9
88100001	36.1
88200001	37.9
88300001	36.5
88400001	34.9
88500001	35.2
88600001	34.7
88700001	35.7
88800001	35.1
88900001	35.2
89000001	35.6
89100001	34.5
89200001	33.9
89300001	34.8
89400001	34.9
89500001	34.9
89600001	35.5
89700001	35.3
89800001	36.4
89900001	37
90000001	36.6
90100001	35.9
90200001	37.1
90300001	36.7
90400001	37.2
90500001	0
90600001	0
90700001	0
90800001	0
90900001	0
91000001	0
91100001	0
91200001	0
91300001	0
91400001	0
91500001	0
91600001	0
91700001	0
91800001	0
91900001	0
92000001	0
92100001	0
92200001	0
92300001	0
92400001	0
92500001	0
92600001	0
92700001	0
92800001	0
92900001	0
93000001	0
93100001	0
93200001	0
93300001	0
93400001	0
93500001	37.3
93600001	39.4
93700001	36.9
93800001	37.9
93900001	37.6
94000001	36.7
94100001	36.5
94200001	36.2
94300001	36.6
94400001	35.3
94500001	35.3
94600001	34.8
94700001	34.6
94800001	33.9
94900001	33.8
95000001	34.5
95100001	34
95200001	33.1
95300001	36.6
95400001	34.7
95500001	33.9
95600001	34.8
95700001	34.1
95800001	34.5
95900001	34.1
96000001	35.8
96100001	34.5
96200001	35.3
96300001	36
96400001	36.6
96500001	34.3
96600001	35.7
96700001	35.6
96800001	34.8
96900001	36.1
97000001	35.5
97100001	33.8
97200001	36.8
97300001	35.7
97400001	36.1
97500001	36.2
97600001	38.8
97700001	36.7
97800001	36.5
97900001	37.8
98000001	36.8
98100001	37.4
98200001	37
98300001	38.6
98400001	40
98500001	38.9
98600001	38.1
98700001	37.5
98800001	37.2
98900001	36.5
99000001	36.9
99100001	36.8
99200001	37.6
99300001	38.4
99400001	38.4
99500001	39.9
99600001	38.7
99700001	38.5
99800001	38.8
99900001	40.3
100000001	38.8
100100001	40.4
100200001	40.2
100300001	38
100400001	37.9
100500001	36.5
100600001	37.1
100700001	37.8
100800001	38
100900001	38.8
101000001	35.1
101100001	38.8
101200001	41.6
101300001	42.5
101400001	41.3
101500001	39.6
101600001	39.1
101700001	38.7
101800001	37.4
101900001	38.1
102000001	36.2
102100001	35.4
102200001	36.7
102300001	37.1
102400001	37.8
102500001	35.6
102600001	34.6
102700001	34.9
102800001	34.7
102900001	36
103000001	34.5
103100001	34.3
103200001	35.1
103300001	34.8
103400001	34.4
103500001	33.4
103600001	33.9
103700001	34.6
103800001	35.7
103900001	34.5
104000001	35
104100001	35.5
104200001	36.2
104300001	35.1
104400001	34.5
104500001	34.9
104600001	35.7
104700001	36.3
104800001	35.5
104900001	35
105000001	36.4
105100001	34.7
105200001	35.5
105300001	38.2
105400001	35.1
105500001	35.9
105600001	36.8
105700001	37.1
105800001	37.9
105900001	35.7
106000001	36.9
106100001	36.4
106200001	35.9
106300001	36.2
106400001	36.1
106500001	37.1
106600001	37.2
106700001	37.2
106800001	39.7
106900001	37.8
107000001	38.4
107100001	38.7
107200001	38.1
107300001	36
107400001	37
107500001	39.8
107600001	40.2
107700001	40.7
107800001	39.9
107900001	38
108000001	38.9
108100001	38.9
108200001	36.6
108300001	35.8
108400001	39.6
108500001	36.6
108600001	38.7
108700001	37.1
108800001	39.5
108900001	39.7
109000001	43.3
109100001	40.1
109200001	37.7
109300001	37.7
109400001	37.7
109500001	36.4
109600001	35.6
109700001	35.5
109800001	34.9
109900001	35.1
110000001	36
110100001	35.2
110200001	36.2
110300001	37.4
110400001	36.8
110500001	35.4
110600001	38.1
110700001	37.9
110800001	34.8
110900001	38.1
111000001	38.4
111100001	36.9
111200001	37.9
111300001	39.6
111400001	39.9
111500001	39.3
111600001	38
111700001	40.3
111800001	40.2
111900001	36.7
112000001	38
112100001	38.8
112200001	37.9
112300001	39.1
112400001	40.3
112500001	39
112600001	36.3
112700001	40.6
112800001	41.4
112900001	44.7
113000001	39.6
113100001	38.1
113200001	39.2
113300001	40.5
113400001	39.5
113500001	40.1
113600001	39.7
113700001	38.4
113800001	41.9
113900001	40.5
114000001	39.9
114100001	38.1
114200001	37.2
114300001	36.1
114400001	35.9
114500001	35.6
114600001	34.8
114700001	33.7
114800001	36
114900001	37.9
115000001	36.9
115100001	38.4
115200001	38.4
115300001	38.9
115400001	38.7
115500001	39.7
115600001	37.1
115700001	37.2
115800001	37.4
115900001	37.5
116000001	36.4
116100001	38.4
116200001	36.8
116300001	37.2
116400001	36.8
116500001	36
116600001	36.7
116700001	38.1
116800001	37.4
116900001	36.3
117000001	36.3
117100001	37.1
117200001	36.9
117300001	37.4
117400001	37.5
117500001	36.2
117600001	36.5
117700001	35.3
117800001	36.5
117900001	36.3
118000001	35.7
118100001	36.8
118200001	38.2
118300001	39.2
118400001	38.7
118500001	40.8
118600001	37.5
118700001	38.7
118800001	39.6
118900001	41.4
119000001	42.9
119100001	41.4
119200001	41.4
119300001	43.6
119400001	39.3
119500001	40.4
119600001	36.2
119700001	38.3
119800001	43.2
119900001	39.8
120000001	40.6
120100001	43.6
120200001	41.2
120300001	40.8
120400001	38.1
120500001	38.7
120600001	35.9
120700001	37.1
120800001	35.4
120900001	36
121000001	37.4
121100001	37.7
121200001	40.9
121300001	42.2
121400001	38.4
121500001	36.2
121600001	39
121700001	40.8
121800001	40.5
121900001	40.7
122000001	40.7
122100001	39
122200001	40.7
122300001	40.8
122400001	40.6
122500001	38.4
122600001	47.8
122700001	47.5
122800001	47.6
122900001	38.7
123000001	51.2
123100001	50.2
123200001	41.3
123300001	45.4
123400001	47
123500001	42.2
123600001	38.6
123700001	42.9
123800001	42.8
123900001	43.6
124000001	42.1
124100001	40.9
124200001	43.7
124300001	43.5
124400001	44.9
124500001	45.4
124600001	43.9
124700001	45.6
124800001	45.1
124900001	40.3
125000001	37.6
125100001	42.2
125200001	40
125300001	43.1
125400001	46.6
125500001	44.3
125600001	46.7
125700001	45.2
125800001	47.7
125900001	43.5
126000001	48.9
126100001	49.7
126200001	52.5
126300001	42.3
126400001	45
126500001	44.2
126600001	50.2
126700001	57.6
126800001	50
126900001	45.7
127000001	45.8
127100001	49.8
127200001	48.6
127300001	50.9
127400001	49.6
127500001	45.2
127600001	40.1
127700001	46.2
127800001	44.1
127900001	45.3
128000001	49
128100001	56.2
128200001	49.1
128300001	48.8
128400001	45.7
128500001	47.5
128600001	47.1
128700001	50.5
128800001	47.5
128900001	46.6
129000001	51
129100001	46.2
129200001	53.7
129300001	50.1
129400001	39.5
129500001	38.6
129600001	46.3
129700001	47.1
129800001	47.6
129900001	40.6
130000001	37.3
130100001	39
130200001	39.9
130300001	39
130400001	37.3
130500001	39.7
130600001	37
130700001	38.3
130800001	37.9
130900001	39.2
131000001	40.1
131100001	39.5
131200001	39.7
131300001	39
131400001	39
131500001	38.1
131600001	38.4
131700001	39.8
131800001	38.6
131900001	39.6
132000001	40.6
132100001	37.6
132200001	38.1
132300001	37.2
132400001	37.5
132500001	39.6
132600001	39.1
132700001	39.8
132800001	39.7
132900001	39.5
133000001	40.5
133100001	45.7
133200001	44.1
133300001	39.5
133400001	43.6
133500001	45.2
133600001	47.4
133700001	47
133800001	40.3
133900001	39.9
134000001	47.9
134100001	43
134200001	39
134300001	46.9
134400001	43.2
134500001	45.6
134600001	46.2
134700001	43
134800001	45.1
134900001	42.8
135000001	41
135100001	40.2
135200001	40.6
135300001	41.1
135400001	41.1
135500001	41.5
135600001	40.2
135700001	38.7
135800001	39.9
135900001	44.2
136000001	39.9
136100001	38.8
136200001	37.5
136300001	38.6
136400001	42.4
136500001	42.4
136600001	39.2
136700001	43.9
136800001	39.3
136900001	41
137000001	37.8
137100001	39.6
137200001	37.4
137300001	39.3
137400001	41.1
137500001	40.8
137600001	39.4
137700001	42
137800001	42.4
137900001	38.7
138000001	45.6
138100001	47.7
138200001	40.1
138300001	40.3
138400001	39
138500001	45.1
138600001	47.9
138700001	39.9
138800001	41.8
138900001	43.4
139000001	44.6
139100001	41.8
139200001	42.6
139300001	41.6
139400001	43
139500001	40.8
139600001	41.9
139700001	42.8
139800001	42.4
139900001	41.6
140000001	42.8
140100001	42.7
140200001	43
140300001	39.1
140400001	42.6
140500001	39.7
140600001	38.5
140700001	42.8
140800001	44.8
140900001	45.6
141000001	43.3
141100001	42.1
141200001	36.9
141300001	41.7
141400001	43
141500001	44.4
141600001	42.3
141700001	39.8
141800001	39.1
141900001	40.5
142000001	37.6
142100001	37.2
142200001	37.4
142300001	39.8
142400001	36.5
142500001	38.6
142600001	42
142700001	38.7
142800001	43.8
142900001	41.3
143000001	40.3
143100001	39.5
143200001	37.9
143300001	39
143400001	38.9
143500001	39.7
143600001	37.8
143700001	36.7
143800001	37.8
143900001	36.6
144000001	36.2
144100001	35.4
144200001	36
144300001	34.7
144400001	34.7
144500001	35.1
144600001	35.4
144700001	35.8
144800001	33.7
144900001	34.6
145000001	34.8
145100001	33.9
145200001	35.8
145300001	34
145400001	36
145500001	34.8
145600001	35.9
145700001	35.6
145800001	36.8
145900001	36.2
146000001	38.5
146100001	37.1
146200001	37.2
146300001	34.2
146400001	35.7
146500001	33.9
146600001	35.8
146700001	35.3
146800001	35.5
146900001	34.4
147000001	37.2
147100001	41.1
147200001	34.2
147300001	35.3
147400001	36.6
147500001	36.2
147600001	36.3
147700001	33.4
147800001	35.5
147900001	36.5
148000001	35.3
148100001	36.5
148200001	36.1
148300001	35.5
148400001	37.3
148500001	37.9
148600001	38.5
148700001	38.8
148800001	40.4
148900001	38.3
149000001	40.1
149100001	40.1
149200001	41.2
149300001	41.6
149400001	39.9
149500001	37
149600001	36.5
149700001	40.5
149800001	39.6
149900001	40.2
150000001	38.7
150100001	37
150200001	38.8
150300001	39.4
150400001	43.3
150500001	42.1
150600001	41.2
150700001	40
150800001	41
150900001	39
151000001	37.2
151100001	39
151200001	37.9
151300001	37.3
151400001	35.9
151500001	36.6
151600001	38
151700001	35.7
151800001	36.2
151900001	36.3
152000001	35.5
152100001	35.8
152200001	37.1
152300001	37.9
152400001	36.1
152500001	37.1
152600001	38.1
152700001	40.1
152800001	41
152900001	39.9
153000001	38.4
153100001	35.8
153200001	36.7
153300001	37.6
153400001	35.9
153500001	37.7
153600001	37.5
153700001	36.9
153800001	38.7
153900001	38.8
154000001	37.2
154100001	35.6
154200001	36.3
154300001	36.8
154400001	36.5
154500001	36.5
154600001	37.2
154700001	38.4
154800001	37.7
154900001	39.2
155000001	38.3
155100001	39.7
155200001	39.5
155300001	38.8
155400001	40.9
155500001	41.7
155600001	39
155700001	40.6
155800001	40.6
155900001	40
156000001	40.7
156100001	40
156200001	39.5
156300001	40.3
156400001	39.2
156500001	38.3
156600001	35.2
156700001	38.4
156800001	43.5
156900001	39.4
157000001	38.5
157100001	38.7
157200001	37.4
157300001	40.6
157400001	38.1
157500001	39
157600001	38.4
157700001	37.2
157800001	37.7
157900001	35.1
158000001	36.1
158100001	34.4
158200001	37.2
158300001	38.1
158400001	42.4
158500001	39.9
158600001	39.7
158700001	38.2
158800001	39.3
158900001	39.2
159000001	37.2
159100001	38.3
159200001	37.7
159300001	39.8
159400001	40.9
159500001	40.3
159600001	40.4
159700001	44.4
159800001	43
159900001	40.1
160000001	36.1
160100001	39.6
160200001	38.4
160300001	38
160400001	39.2
160500001	37.5
160600001	38.1
160700001	39.6
160800001	38.7
160900001	37.5
161000001	39
161100001	37.5
161200001	37.3
161300001	36.5
161400001	36.5
161500001	37
161600001	36.8
161700001	35.1
161800001	34.4
161900001	35
162000001	35.3
162100001	34.6
162200001	35.1
162300001	36.5
162400001	35.4
162500001	34.4
162600001	34
162700001	34.5
162800001	34.6
162900001	33.2
163000001	35
163100001	33.9
163200001	34.1
163300001	34.2
163400001	34.4
163500001	34.8
163600001	35.5
163700001	36.4
163800001	35.4
163900001	34.5
164000001	35.7
164100001	34.9
164200001	34.5
164300001	34.1
164400001	34
164500001	35.5
164600001	34
164700001	31.3
164800001	34.6
164900001	35.2
165000001	34
165100001	35.7
165200001	35.2
165300001	35.6
165400001	35.2
165500001	33.9
165600001	35.9
165700001	35.5
165800001	33.1
165900001	33.9
166000001	34.9
166100001	33.6
166200001	35.3
166300001	34.7
166400001	34.8
166500001	35.5
166600001	35.3
166700001	36.9
166800001	36.2
166900001	37.9
167000001	34.8
167100001	37
167200001	36.7
167300001	36.6
167400001	36.1
167500001	36.4
167600001	36.2
167700001	37.6
167800001	37.8
167900001	37.9
168000001	36.4
168100001	35.7
168200001	35.6
168300001	35.8
168400001	36.6
168500001	36.2
168600001	35.5
168700001	36.1
168800001	35.5
168900001	36.8
169000001	36.9
169100001	37.9
169200001	38.1
169300001	40.7
169400001	39.1
169500001	40.4
169600001	40.9
169700001	41.6
169800001	37.7
169900001	41
170000001	41.9
170100001	41.8
170200001	41.8
170300001	42.3
170400001	40.9
170500001	39.8
170600001	39.5
170700001	38.1
170800001	40.7
170900001	38.6
171000001	39.2
171100001	40.4
171200001	40.8
171300001	38.4
171400001	38.6
171500001	39.8
171600001	40.3
171700001	39.7
171800001	39.7
171900001	39.5
172000001	40.4
172100001	39.3
172200001	40.4
172300001	41.8
172400001	39.9
172500001	37.4
172600001	37.2
172700001	35.9
172800001	37.1
172900001	37.9
173000001	35
173100001	37.1
173200001	35.4
173300001	35.8
173400001	35
173500001	34.4
173600001	35.5
173700001	36.2
173800001	34.4
173900001	36.5
174000001	36
174100001	36.7
174200001	34.8
174300001	35.8
174400001	35.6
174500001	35.5
174600001	35.8
174700001	35.8
174800001	34.9
174900001	34
175000001	35.6
175100001	34.2
175200001	35.9
175300001	34.3
175400001	35.1
175500001	36.8
175600001	36.4
175700001	35.4
175800001	34.5
175900001	35.3
176000001	35.1
176100001	36
176200001	38.1
176300001	36.1
176400001	38.2
176500001	39
176600001	39.7
176700001	37.8
176800001	38.9
176900001	44.3
177000001	42.8
177100001	41.3
177200001	41.1
177300001	40.1
177400001	39.6
177500001	38.2
177600001	37.9
177700001	35.5
177800001	35.6
177900001	36.1
178000001	36.9
178100001	37.2
178200001	38.2
178300001	38.7
178400001	38.1
178500001	38
178600001	37.7
178700001	40.2
178800001	38.3
178900001	38.4
179000001	40.2
179100001	39.5
179200001	41.1
179300001	41.8
179400001	42.4
179500001	39.2
179600001	37.6
179700001	37.5
179800001	37.4
179900001	37.6
180000001	37.3
180100001	36.3
180200001	38.3
180300001	36.6
180400001	37.1
180500001	38.2
180600001	38.6
180700001	38.4
180800001	36.8
180900001	38.1
181000001	36.7
181100001	36.6
181200001	36.2
181300001	37.5
181400001	41
181500001	41.8
181600001	40.4
181700001	38.4
181800001	37.9
181900001	38.4
182000001	37.6
182100001	38.1
182200001	37.4
182300001	38.8
182400001	40.5
182500001	36.7
182600001	37.7
182700001	41.6
182800001	44.7
182900001	42.4
183000001	41.9
183100001	42.6
183200001	45.1
183300001	42.3
183400001	42.3
183500001	44.6
183600001	47.1
183700001	44.6
183800001	47.2
183900001	50.5
184000001	52.7
184100001	47.3
184200001	48.7
184300001	51.4
184400001	48.5
184500001	39.6
184600001	37.7
184700001	42.1
184800001	41.1
184900001	40
185000001	39.7
185100001	40.4
185200001	44.3
185300001	43.7
185400001	42.2
185500001	42.9
185600001	42.6
185700001	42.1
185800001	44.3
185900001	46.2
186000001	43.1
186100001	42.7
186200001	42.3
186300001	43.3
186400001	43.4
186500001	44.2
186600001	44.8
186700001	43.5
186800001	40.8
186900001	44.8
187000001	42
187100001	39.5
187200001	39.4
187300001	40.6
187400001	43.5
187500001	41.4
187600001	42
187700001	41.6
187800001	43.1
187900001	41.9
188000001	40
188100001	37.9
188200001	38.1
188300001	37.9
188400001	38.2
188500001	38.4
188600001	41.6
188700001	38.4
188800001	40.5
188900001	38.9
189000001	38.2
189100001	36.3
189200001	37.5
189300001	36.8
189400001	37.4
189500001	37.5
189600001	38.9
189700001	37.1
189800001	39
189900001	38.3
190000001	37.5
190100001	36.1
190200001	38.4
190300001	37.3
190400001	35.7
190500001	36.4
190600001	37.4
190700001	37
190800001	35.7
190900001	36.8
191000001	38.4
191100001	37.3
191200001	36.3
191300001	37.5
191400001	36.6
191500001	36.6
191600001	36.6
191700001	36.7
191800001	36.5
191900001	36.4
192000001	36.5
192100001	39
192200001	37.2
192300001	37.9
192400001	38.2
192500001	41.9
192600001	41.5
192700001	39.2
192800001	38.6
192900001	38.5
193000001	39.5
193100001	39.7
193200001	39.2
193300001	37.1
193400001	42.3
193500001	45.8
193600001	43.8
193700001	45.6
193800001	47.6
193900001	47
194000001	50.6
194100001	39.8
194200001	45.7
194300001	47.2
194400001	47.5
194500001	47.2
194600001	44.4
194700001	49.8
194800001	49
194900001	47.1
195000001	38.1
195100001	40.8
195200001	42.3
195300001	48.9
195400001	50.1
195500001	52.8
195600001	52
195700001	44.4
195800001	48.1
195900001	49.5
196000001	44.9
196100001	44
196200001	43.9
196300001	46.5
196400001	43.2
196500001	42.7
196600001	44.4
196700001	48
196800001	35.9
196900001	36.3
197000001	43.3
197100001	46.5
197200001	49.2
197300001	48.7
197400001	45
197500001	40.5
197600001	43.5
197700001	40.2
197800001	43.4
197900001	45.8
