variableStep chrom=chr14 span=100000
1	0
100001	0
200001	0
300001	0
400001	0
500001	0
600001	0
700001	0
800001	0
900001	0
1000001	0
1100001	0
1200001	0
1300001	0
1400001	0
1500001	0
1600001	0
1700001	0
1800001	0
1900001	0
2000001	0
2100001	0
2200001	0
2300001	0
2400001	0
2500001	0
2600001	0
2700001	0
2800001	0
2900001	0
3000001	0
3100001	0
3200001	0
3300001	0
3400001	0
3500001	0
3600001	0
3700001	0
3800001	0
3900001	0
4000001	0
4100001	0
4200001	0
4300001	0
4400001	0
4500001	0
4600001	0
4700001	0
4800001	0
4900001	0
5000001	0
5100001	0
5200001	0
5300001	0
5400001	0
5500001	0
5600001	0
5700001	0
5800001	0
5900001	0
6000001	0
6100001	0
6200001	0
6300001	0
6400001	0
6500001	0
6600001	0
6700001	0
6800001	0
6900001	0
7000001	0
7100001	0
7200001	0
7300001	0
7400001	0
7500001	0
7600001	0
7700001	0
7800001	0
7900001	0
8000001	0
8100001	0
8200001	0
8300001	0
8400001	0
8500001	0
8600001	0
8700001	0
8800001	0
8900001	0
9000001	0
9100001	0
9200001	0
9300001	0
9400001	0
9500001	0
9600001	0
9700001	0
9800001	0
9900001	0
10000001	0
10100001	0
10200001	0
10300001	0
10400001	0
10500001	0
10600001	0
10700001	0
10800001	0
10900001	0
11000001	0
11100001	0
11200001	0
11300001	0
11400001	0
11500001	0
11600001	0
11700001	0
11800001	0
11900001	0
12000001	0
12100001	0
12200001	0
12300001	0
12400001	0
12500001	0
12600001	0
12700001	0
12800001	0
12900001	0
13000001	0
13100001	0
13200001	0
13300001	0
13400001	0
13500001	0
13600001	0
13700001	0
13800001	0
13900001	0
14000001	0
14100001	0
14200001	0
14300001	0
14400001	0
14500001	0
14600001	0
14700001	0
14800001	0
14900001	0
15000001	0
15100001	0
15200001	0
15300001	0
15400001	0
15500001	0
15600001	0
15700001	0
15800001	0
15900001	0
16000001	0
16100001	0
16200001	0
16300001	0
16400001	0
16500001	0
16600001	0
16700001	0
16800001	0
16900001	0
17000001	0
17100001	0
17200001	0
17300001	0
17400001	0
17500001	0
17600001	0
17700001	0
17800001	0
17900001	0
18000001	0
18100001	0
18200001	0
18300001	0
18400001	0
18500001	0
18600001	0
18700001	0
18800001	0
18900001	0
19000001	37.8
19100001	36.9
19200001	45.6
19300001	40.6
19400001	40.6
19500001	42.1
19600001	42.8
19700001	41.9
19800001	40.4
19900001	42.6
20000001	40.9
20100001	39.8
20200001	36.1
20300001	36.4
20400001	35.3
20500001	36.1
20600001	38
20700001	39.4
20800001	44.9
20900001	44.3
21000001	41.9
21100001	44.6
21200001	43.5
21300001	42.5
21400001	44.7
21500001	47.6
21600001	40.8
21700001	43.3
21800001	41.8
21900001	43.9
22000001	42.7
22100001	39.2
22200001	39
22300001	37.8
22400001	37.9
22500001	36.9
22600001	37.6
22700001	39.8
22800001	41
22900001	42.6
23000001	44.8
23100001	43.6
23200001	45.6
23300001	49.7
23400001	46.8
23500001	49.4
23600001	43.8
23700001	44.6
23800001	51.8
23900001	45.8
24000001	48.8
24100001	44.6
24200001	39.8
24300001	40.4
24400001	43.6
24500001	50.9
24600001	51
24700001	51.9
24800001	49.8
24900001	42.8
25000001	40.7
25100001	40.3
25200001	40.4
25300001	38.1
25400001	39.4
25500001	39.6
25600001	38.6
25700001	38.1
25800001	37.9
25900001	38.1
26000001	37.4
26100001	37.2
26200001	37
26300001	36.7
26400001	36.8
26500001	37.1
26600001	36.9
26700001	36.8
26800001	37.7
26900001	32.9
27000001	33.8
27100001	36.6
27200001	35.3
27300001	34.7
27400001	35
27500001	35
27600001	34.8
27700001	35.3
27800001	34
27900001	34.4
28000001	33.8
28100001	34.1
28200001	34.4
28300001	34.2
28400001	34.9
28500001	34.9
28600001	35.3
28700001	36.8
28800001	34.8
28900001	35.9
29000001	35
29100001	35.7
29200001	37.8
29300001	35.4
29400001	35.8
29500001	34.8
29600001	36
29700001	35.6
29800001	35.2
29900001	35.8
30000001	37.2
30100001	36.1
30200001	37.2
30300001	37.8
30400001	37
30500001	37.7
30600001	37.9
30700001	38.2
30800001	38.7
30900001	37.6
31000001	36.6
31100001	36
31200001	39.1
31300001	38.1
31400001	40.2
31500001	41.6
31600001	40.3
31700001	42.4
31800001	38.9
31900001	40.7
32000001	38.2
32100001	38.8
32200001	37.9
32300001	39
32400001	42.7
32500001	37.8
32600001	38.2
32700001	40.7
32800001	39
32900001	38.6
33000001	38.2
33100001	36.7
33200001	37.3
33300001	38.2
33400001	38.7
33500001	37.5
33600001	37.2
33700001	37
33800001	37.6
33900001	38.8
34000001	38.4
34100001	39.1
34200001	41
34300001	40.9
34400001	41.8
34500001	42.9
34600001	41.3
34700001	41
34800001	41.4
34900001	44.2
35000001	45.9
35100001	43
35200001	39.5
35300001	41.7
35400001	41
35500001	42.2
35600001	39.8
35700001	41.6
35800001	48.3
35900001	39.3
36000001	36.5
36100001	35.6
36200001	39.1
36300001	38.6
36400001	40.3
36500001	38.8
36600001	38
36700001	37.6
36800001	39.1
36900001	42
37000001	40.7
37100001	41.5
37200001	38.5
37300001	38.5
37400001	37.5
37500001	38.1
37600001	40.1
37700001	34.9
37800001	35.3
37900001	35.8
38000001	40.6
38100001	36.9
38200001	37.4
38300001	37.6
38400001	38.3
38500001	37.2
38600001	38.1
38700001	37.6
38800001	36.7
38900001	36.6
39000001	38.5
39100001	37.7
39200001	37.3
39300001	38.8
39400001	39.7
39500001	39.2
39600001	42
39700001	38.5
39800001	38.1
39900001	38.5
40000001	38.2
40100001	37.2
40200001	37.1
40300001	37
40400001	36.8
40500001	35.3
40600001	35.5
40700001	35.2
40800001	35.7
40900001	34
41000001	34.1
41100001	34.2
41200001	34.5
41300001	34.5
41400001	33.8
41500001	33.7
41600001	34.9
41700001	35.5
41800001	35.4
41900001	34.8
42000001	35.3
42100001	35.4
42200001	34.2
42300001	33.7
42400001	33.8
42500001	34.7
42600001	35.6
42700001	35.9
42800001	34.2
42900001	34.2
43000001	33.7
43100001	34.3
43200001	34.4
43300001	34.3
43400001	35.2
43500001	33.5
43600001	33.5
43700001	34.1
43800001	34.3
43900001	34.1
44000001	36.3
44100001	35.8
44200001	34
44300001	34.7
44400001	35
44500001	34.9
44600001	34.7
44700001	35.3
44800001	36.9
44900001	37.1
45000001	37.8
45100001	38.8
45200001	37.9
45300001	39
45400001	37.1
45500001	38.5
45600001	37.8
45700001	38.8
45800001	38.5
45900001	37.5
46000001	37
46100001	36.3
46200001	37.6
46300001	37
46400001	35.7
46500001	34.5
46600001	34.1
46700001	33.9
46800001	34.7
46900001	34.7
47000001	36
47100001	35.1
47200001	34.7
47300001	32.6
47400001	33.6
47500001	34.6
47600001	35.2
47700001	35.9
47800001	35.5
47900001	35.5
48000001	36.7
48100001	37.2
48200001	35.5
48300001	35.7
48400001	34.4
48500001	35.2
48600001	34.9
48700001	35.9
48800001	36.2
48900001	34.3
49000001	36.5
49100001	34.6
49200001	35.7
49300001	35.6
49400001	35.8
49500001	38.4
49600001	38.1
49700001	39.8
49800001	39.7
49900001	40.4
50000001	43
50100001	41.8
50200001	40.3
50300001	42.6
50400001	45
50500001	44
50600001	38.5
50700001	40.7
50800001	42.1
50900001	36.3
51000001	37.7
51100001	39.8
51200001	41.8
51300001	42.6
51400001	42.3
51500001	39.6
51600001	39.1
51700001	39.3
51800001	41.1
51900001	41.1
52000001	39.7
52100001	38.5
52200001	42.8
52300001	39.9
52400001	40.8
52500001	41.6
52600001	40.3
52700001	41.1
52800001	39.4
52900001	36.6
53000001	38
53100001	38.6
53200001	39.1
53300001	40
53400001	41.2
53500001	37.5
53600001	41.1
53700001	39.9
53800001	39.8
53900001	38.8
54000001	39
54100001	37.7
54200001	37.3
54300001	39.3
54400001	41
54500001	38.1
54600001	40.4
54700001	42
54800001	41.4
54900001	40.9
55000001	40.5
55100001	42.7
55200001	45.9
55300001	42.1
55400001	39.3
55500001	43.4
55600001	39.6
55700001	40.9
55800001	41.9
55900001	42.1
56000001	38.8
56100001	37.6
56200001	42.7
56300001	41.6
56400001	40.8
56500001	40.9
56600001	39.9
56700001	39.4
56800001	40.7
56900001	39.7
57000001	38.3
57100001	42.9
57200001	42.4
57300001	40.2
57400001	38.6
57500001	39.4
57600001	38.2
57700001	37.5
57800001	39.4
57900001	39
58000001	39.7
58100001	39.4
58200001	38.8
58300001	39.7
58400001	40.2
58500001	40.4
58600001	40.6
58700001	39.1
58800001	39.3
58900001	37.1
59000001	40.7
59100001	41.3
59200001	41.3
59300001	39.1
59400001	39.2
59500001	38.8
59600001	40.8
59700001	39.1
59800001	39.8
59900001	39.5
60000001	39.8
60100001	39.6
60200001	38.8
60300001	38.4
60400001	35.9
60500001	37.3
60600001	39
60700001	38.7
60800001	37.5
60900001	37.5
61000001	38.9
61100001	42.9
61200001	36.5
61300001	36.6
61400001	37.1
61500001	41.2
61600001	42.6
61700001	42.1
61800001	42.3
61900001	42.9
62000001	43.1
62100001	38.8
62200001	40.4
62300001	40.1
62400001	38
62500001	38.8
62600001	38.6
62700001	38.1
62800001	37.3
62900001	37
63000001	36.2
63100001	37.4
63200001	36.6
63300001	36.3
63400001	36.8
63500001	38.6
63600001	38.9
63700001	41.4
63800001	39.1
63900001	40.7
64000001	43.2
64100001	40.8
64200001	42.8
64300001	41.4
64400001	38.9
64500001	40.2
64600001	42.9
64700001	41.4
64800001	43.4
64900001	41.3
65000001	43
65100001	47.7
65200001	51
65300001	42.7
65400001	46.4
65500001	44.5
65600001	45.1
65700001	45.1
65800001	42.6
65900001	37.6
66000001	36
66100001	38
66200001	42.9
66300001	42.1
66400001	43.2
66500001	42.9
66600001	40.8
66700001	40.7
66800001	38.9
66900001	37.1
67000001	37.4
67100001	36.8
67200001	35.5
67300001	35.6
67400001	34.7
67500001	37.1
67600001	39.6
67700001	38.1
67800001	43.3
67900001	48.1
68000001	46.1
68100001	42.2
68200001	42.7
68300001	38.6
68400001	36.7
68500001	37.4
68600001	37.7
68700001	40.7
68800001	41.4
68900001	43
69000001	47.4
69100001	46.4
69200001	48.1
69300001	48.4
69400001	48.2
69500001	41.5
69600001	41.1
69700001	46.9
69800001	43.9
69900001	45.9
70000001	46.8
70100001	45.2
70200001	43.3
70300001	44.9
70400001	45.9
70500001	43.2
70600001	42.1
70700001	41.1
70800001	39.8
70900001	40.7
71000001	39
71100001	45.3
71200001	44.6
71300001	41.2
71400001	36.2
71500001	38.3
71600001	46.3
71700001	42.2
71800001	39.3
71900001	39.3
72000001	38.4
72100001	40.5
72200001	41.8
72300001	41.6
72400001	40.4
72500001	39.6
72600001	41.8
72700001	41.1
72800001	41.3
72900001	44.4
73000001	47.4
73100001	46.4
73200001	45.3
73300001	45.9
73400001	46.9
73500001	42.3
73600001	43.4
73700001	46.5
73800001	40.2
73900001	44.5
74000001	46.9
74100001	43.8
74200001	48.9
74300001	42.2
74400001	44.7
74500001	42.2
74600001	42.8
74700001	49.9
74800001	48.1
74900001	47.7
75000001	50.8
75100001	43.3
75200001	40.5
75300001	45.9
75400001	48.1
75500001	42
75600001	44.7
75700001	46.9
75800001	45.3
75900001	45.8
76000001	46.1
76100001	41.2
76200001	38.1
76300001	40.8
76400001	43.1
76500001	47.6
76600001	40.2
76700001	44.7
76800001	48.7
76900001	48.4
77000001	46
77100001	44.6
77200001	47.5
77300001	49.8
77400001	51.5
77500001	47.3
77600001	48.8
77700001	50.8
77800001	41.6
77900001	45.5
78000001	41.4
78100001	43.4
78200001	44.5
78300001	47.9
78400001	44.7
78500001	43.5
78600001	44.9
78700001	42.9
78800001	40.9
78900001	40.6
79000001	41.4
79100001	39.8
79200001	38.7
79300001	37.3
79400001	38.8
79500001	38.1
79600001	37.6
79700001	39.6
79800001	38.1
79900001	38.1
80000001	38.9
80100001	38.5
80200001	38.5
80300001	37.7
80400001	37.7
80500001	37.3
80600001	37.6
80700001	36.8
80800001	38.1
80900001	38.6
81000001	36.2
81100001	36.1
81200001	36.6
81300001	36.2
81400001	39.3
81500001	38
81600001	39.5
81700001	41.9
81800001	40.8
81900001	41.1
82000001	41.1
82100001	40.7
82200001	38.6
82300001	38.5
82400001	38.4
82500001	37.2
82600001	35.5
82700001	36.3
82800001	36.2
82900001	35.7
83000001	34.7
83100001	35.5
83200001	37.1
83300001	35.4
83400001	35.2
83500001	36
83600001	35.8
83700001	35.2
83800001	33
83900001	35
84000001	35.3
84100001	34.3
84200001	34.7
84300001	36.6
84400001	36.2
84500001	36.7
84600001	35.4
84700001	35.5
84800001	34.9
84900001	37.1
85000001	36
85100001	35.8
85200001	36.2
85300001	35.6
85400001	36.1
85500001	36.4
85600001	36.5
85700001	37.5
85800001	37.6
85900001	38.9
86000001	39.4
86100001	36.5
86200001	38
86300001	37
86400001	35.8
86500001	36.3
86600001	36
86700001	35.6
86800001	36.5
86900001	34.2
87000001	34.9
87100001	36.2
87200001	36.8
87300001	36.6
87400001	36.7
87500001	37.5
87600001	36.8
87700001	37.9
87800001	37.9
87900001	37.3
88000001	39.1
88100001	39.9
88200001	41.4
88300001	40.7
88400001	37.5
88500001	39.4
88600001	43
88700001	44.1
88800001	37.7
88900001	40.5
89000001	41
89100001	37.1
89200001	38.4
89300001	38.9
89400001	43.6
89500001	43.2
89600001	43.6
89700001	44.8
89800001	45.6
89900001	45.1
90000001	43
90100001	42.3
90200001	41.5
90300001	40.4
90400001	41.8
90500001	43.7
90600001	44.1
90700001	44
90800001	44.8
90900001	48.8
91000001	50
91100001	42.7
91200001	47.4
91300001	39.6
91400001	38.6
91500001	44.7
91600001	48
91700001	51.6
91800001	50
91900001	41.4
92000001	41.4
92100001	38.9
92200001	36
92300001	46.1
92400001	39.7
92500001	43.1
92600001	42.4
92700001	47
92800001	47.5
92900001	48.9
93000001	47
93100001	50.3
93200001	43
93300001	46.9
93400001	53.8
93500001	53.1
93600001	45.7
93700001	40.4
93800001	39.7
93900001	37
94000001	40.9
94100001	43.2
94200001	49.9
94300001	48.8
94400001	52.1
94500001	46.5
94600001	39.1
94700001	39.5
94800001	45.2
94900001	45.7
95000001	48.8
95100001	47
95200001	47.1
95300001	47.2
95400001	44
95500001	43.2
95600001	43.7
95700001	47.7
95800001	47.1
95900001	49.5
96000001	46.2
96100001	45.5
96200001	44.5
96300001	46
96400001	43.6
96500001	47.2
96600001	47.9
96700001	42.1
96800001	40.9
96900001	42.5
97000001	44.2
97100001	45.7
97200001	42.3
97300001	39.9
97400001	44.8
97500001	44.4
97600001	43.1
97700001	41.1
97800001	43
97900001	42.6
98000001	40.2
98100001	42.2
98200001	40.8
98300001	43.1
98400001	41.9
98500001	39.8
98600001	42.7
98700001	41
98800001	41.2
98900001	40.3
99000001	41.6
99100001	40.4
99200001	42.4
99300001	46.9
99400001	46.2
99500001	45.9
99600001	49.7
99700001	48.3
99800001	46.4
99900001	46.8
100000001	55.6
100100001	51.7
100200001	48.3
100300001	42.2
100400001	44.5
100500001	46.7
100600001	53
100700001	51.7
100800001	47.5
100900001	45.4
101000001	56.4
101100001	55.1
101200001	50.3
101300001	48.9
101400001	38.4
101500001	50.4
101600001	47.3
101700001	44.4
101800001	43.6
101900001	51.4
102000001	52.8
102100001	41.9
102200001	44.7
102300001	45.4
102400001	47.4
102500001	48.6
102600001	46.5
102700001	46.6
102800001	45.6
102900001	51.8
103000001	50.4
103100001	42.8
103200001	48.9
103300001	48.9
103400001	49.7
103500001	55.2
103600001	49.9
103700001	47.3
103800001	44.2
103900001	46.7
104000001	52.5
104100001	50.5
104200001	44.4
104300001	51.5
104400001	42.1
104500001	51.6
104600001	61.7
104700001	53.6
104800001	52.2
104900001	48.9
105000001	54.5
105100001	59.2
105200001	58
105300001	55.2
105400001	54.9
105500001	52.9
105600001	62.5
105700001	55.6
105800001	57
105900001	60.2
106000001	57.1
106100001	57.2
106200001	49.3
106300001	56.3
106400001	44.3
106500001	39.9
106600001	41.4
106700001	41
106800001	41.8
106900001	41.1
107000001	41.8
107100001	41
107200001	41.5
