variableStep chrom=chr3 span=100000
1	0
100001	0
200001	0
300001	0
400001	0
500001	0
600001	0
700001	0
800001	0
900001	0
1000001	0
1100001	0
1200001	0
1300001	0
1400001	0
1500001	0
1600001	0
1700001	0
1800001	0
1900001	0
2000001	0
2100001	0
2200001	0
2300001	0
2400001	0
2500001	0
2600001	0
2700001	0
2800001	0
2900001	0
3000001	42.3
3100001	40.7
3200001	41.4
3300001	40.4
3400001	38.9
3500001	37.8
3600001	37.2
3700001	37
3800001	37.7
3900001	37.4
4000001	37.8
4100001	38.2
4200001	35.8
4300001	37.5
4400001	36.8
4500001	37.8
4600001	37.5
4700001	38.9
4800001	37.2
4900001	38
5000001	39
5100001	38.3
5200001	37.2
5300001	36.5
5400001	38.3
5500001	39.6
5600001	37.6
5700001	37.2
5800001	37.8
5900001	37.3
6000001	37.3
6100001	37.2
6200001	37.6
6300001	39.4
6400001	37.6
6500001	36.7
6600001	37.6
6700001	37.6
6800001	37.9
6900001	37.4
7000001	37.6
7100001	40.6
7200001	37.5
7300001	38.5
7400001	38.1
7500001	37.9
7600001	38.6
7700001	39.3
7800001	38.8
7900001	37.7
8000001	38.2
8100001	39.2
8200001	39.9
8300001	40
8400001	40.2
8500001	42
8600001	45.2
8700001	45.8
8800001	42.1
8900001	45.3
9000001	45.2
9100001	45.3
9200001	43.1
9300001	44.1
9400001	45.2
9500001	44.8
9600001	47.4
9700001	44.7
9800001	43.4
9900001	43
10000001	42.8
10100001	41.8
10200001	42.8
10300001	43.3
10400001	40.7
10500001	39.9
10600001	39.3
10700001	39
10800001	38.9
10900001	37.4
11000001	39
11100001	39.4
11200001	36.7
11300001	37.3
11400001	37.8
11500001	37.5
11600001	37.1
11700001	37.8
11800001	36.7
11900001	37.7
12000001	36.9
12100001	35.9
12200001	37.7
12300001	37
12400001	37.7
12500001	37.8
12600001	36.4
12700001	36.6
12800001	37.2
12900001	37.6
13000001	36.7
13100001	37.2
13200001	37.9
13300001	37.6
13400001	36.5
13500001	36.8
13600001	36.5
13700001	36.5
13800001	37.6
13900001	36.7
14000001	36.9
14100001	37
14200001	39.9
14300001	39.6
14400001	38.7
14500001	38.3
14600001	41
14700001	39.9
14800001	39.7
14900001	39.5
15000001	38.8
15100001	39.2
15200001	39.5
15300001	38.3
15400001	38.1
15500001	38.2
15600001	37.5
15700001	38.4
15800001	39.4
15900001	40.5
16000001	41.1
16100001	39.5
16200001	39.7
16300001	39.4
16400001	37.8
16500001	37.5
16600001	38.3
16700001	37
16800001	38.5
16900001	36.5
17000001	39
17100001	37.2
17200001	37
17300001	37.3
17400001	36.4
17500001	37.5
17600001	38.7
17700001	38.4
17800001	39.7
17900001	39.7
18000001	38.7
18100001	38.9
18200001	38.3
18300001	37.9
18400001	39.1
18500001	40
18600001	38.9
18700001	39.6
18800001	39.7
18900001	40.9
19000001	42.2
19100001	41.3
19200001	40.8
19300001	40.2
19400001	41
19500001	42.3
19600001	40.3
19700001	41.1
19800001	40.2
19900001	40.2
20000001	40.8
20100001	38.4
20200001	38.3
20300001	37.6
20400001	40.1
20500001	40.3
20600001	38.8
20700001	38.6
20800001	38.3
20900001	38.2
21000001	38.8
21100001	38.5
21200001	39.3
21300001	40.9
21400001	41.6
21500001	40.5
21600001	40.8
21700001	41.7
21800001	42.6
21900001	42.5
22000001	41.2
22100001	41.3
22200001	40.6
22300001	40.1
22400001	38.8
22500001	39.3
22600001	39.9
22700001	38.3
22800001	39.3
22900001	37.7
23000001	37.6
23100001	38.4
23200001	38.1
23300001	37.3
23400001	38
23500001	37.7
23600001	36.9
23700001	36.6
23800001	37.2
23900001	36.1
24000001	35.5
24100001	37
24200001	37.3
24300001	37
24400001	36.5
24500001	37.1
24600001	36.8
24700001	36.8
24800001	36.9
24900001	36.9
25000001	38.6
25100001	38.9
25200001	37.9
25300001	37.9
25400001	38
25500001	37.9
25600001	37.7
25700001	36.9
25800001	36.3
25900001	36.5
26000001	38.1
26100001	36.7
26200001	39.8
26300001	38.9
26400001	39.7
26500001	40.6
26600001	40.5
26700001	41.7
26800001	42.1
26900001	43.3
27000001	42.9
27100001	45.2
27200001	43.5
27300001	46.5
27400001	44.3
27500001	45
27600001	44.8
27700001	43.7
27800001	43.9
27900001	43.7
28000001	42.9
28100001	43.3
28200001	42.2
28300001	42.1
28400001	43.2
28500001	42.4
28600001	42.1
28700001	41.4
28800001	38.6
28900001	41.4
29000001	39.8
29100001	38.5
29200001	39
29300001	39.7
29400001	38.6
29500001	38.8
29600001	39.3
29700001	39.2
29800001	39.8
29900001	40.2
30000001	40.7
30100001	40.8
30200001	42.5
30300001	42.6
30400001	44
30500001	41.8
30600001	43.1
30700001	42
30800001	41.5
30900001	44.3
31000001	44
31100001	44.6
31200001	42.7
31300001	43
31400001	39.8
31500001	38.7
31600001	41.2
31700001	42.6
31800001	42
31900001	42.9
32000001	43.1
32100001	41.9
32200001	44.2
32300001	42.8
32400001	43.3
32500001	45.1
32600001	43.1
32700001	44.7
32800001	43.5
32900001	41.9
33000001	41.1
33100001	40.5
33200001	41.2
33300001	40.2
33400001	39.8
33500001	39.6
33600001	40.2
33700001	41.3
33800001	43.3
33900001	40
34000001	43.1
34100001	42.5
34200001	42.4
34300001	42.8
34400001	43.5
34500001	45.2
34600001	45.3
34700001	45.7
34800001	42.7
34900001	43.8
35000001	43.2
35100001	42.2
35200001	42.4
35300001	41.6
35400001	41.9
35500001	38.8
35600001	40.7
35700001	39.4
35800001	42.5
35900001	41.6
36000001	42
36100001	41.9
36200001	41.1
36300001	44
36400001	42.5
36500001	42.5
36600001	42.4
36700001	40.2
36800001	37.1
36900001	38.1
37000001	42.3
37100001	44.2
37200001	43.8
37300001	37.5
37400001	40.4
37500001	45.1
37600001	45.2
37700001	42.2
37800001	43
37900001	41.6
38000001	41.8
38100001	43.4
38200001	41.3
38300001	44.2
38400001	41.6
38500001	42.4
38600001	41.2
38700001	43.3
38800001	40.3
38900001	41.1
39000001	40.6
39100001	40.4
39200001	38.4
39300001	39.5
39400001	39
39500001	38.7
39600001	39.7
39700001	39.9
39800001	39.7
39900001	39.8
40000001	40.3
40100001	39.9
40200001	40.7
40300001	42.7
40400001	43.5
40500001	39.2
40600001	40.8
40700001	40.3
40800001	42.7
40900001	43.3
41000001	44.2
41100001	44.4
41200001	43.7
41300001	45.9
41400001	40.1
41500001	37.5
41600001	39.7
41700001	39.7
41800001	39.8
41900001	40.6
42000001	38.7
42100001	37.8
42200001	37.7
42300001	36.9
42400001	36.8
42500001	37
42600001	37.7
42700001	37
42800001	37
42900001	37.3
43000001	35.6
43100001	37.1
43200001	36.3
43300001	36.6
43400001	35.6
43500001	36.6
43600001	36.9
43700001	37.9
43800001	37.3
43900001	37.3
44000001	36.4
44100001	35.7
44200001	35.3
44300001	35.6
44400001	37.5
44500001	35.7
44600001	36.2
44700001	36.4
44800001	36.5
44900001	37.7
45000001	37.7
45100001	37.4
45200001	35.4
45300001	37.7
45400001	36.5
45500001	36.4
45600001	36.7
45700001	36.9
45800001	35.6
45900001	37.1
46000001	37.9
46100001	36.3
46200001	36.4
46300001	35.6
46400001	36.8
46500001	37
46600001	35.9
46700001	36.9
46800001	36.8
46900001	35.6
47000001	35.7
47100001	37.1
47200001	36.6
47300001	36.4
47400001	37
47500001	36.3
47600001	36.5
47700001	37
47800001	36.5
47900001	36.7
48000001	36.9
48100001	36.9
48200001	36.9
48300001	36.6
48400001	36.5
48500001	37
48600001	37.1
48700001	38.2
48800001	37.1
48900001	37.3
49000001	37.5
49100001	37.9
49200001	38.7
49300001	37.3
49400001	37.4
49500001	39.5
49600001	38.4
49700001	38.4
49800001	38.7
49900001	38.2
50000001	38.8
50100001	40.1
50200001	39.2
50300001	39.8
50400001	40.2
50500001	40.7
50600001	43
50700001	43.9
50800001	44
50900001	45.7
51000001	45.1
51100001	44.9
51200001	40.9
51300001	46.6
51400001	46.5
51500001	46.4
51600001	45.7
51700001	45.1
51800001	45.4
51900001	45.4
52000001	44.5
52100001	44.2
52200001	44.3
52300001	43.9
52400001	45.1
52500001	43.6
52600001	42.4
52700001	43.6
52800001	42.6
52900001	42.8
53000001	43.3
53100001	43.1
53200001	44.9
53300001	44.5
53400001	42.7
53500001	41.7
53600001	41.3
53700001	40.7
53800001	40.4
53900001	40.3
54000001	40.4
54100001	39.8
54200001	41.1
54300001	42
54400001	42.6
54500001	44.2
54600001	43.6
54700001	42.4
54800001	43.8
54900001	43.9
55000001	42.9
55100001	42.4
55200001	42.4
55300001	44.4
55400001	43.6
55500001	41.2
55600001	38.8
55700001	37.3
55800001	36.3
55900001	38.5
56000001	40.5
56100001	40.1
56200001	40.1
56300001	40.3
56400001	39.6
56500001	39.8
56600001	39.6
56700001	39.2
56800001	40.2
56900001	39.2
57000001	39.9
57100001	40.3
57200001	41.4
57300001	42.8
57400001	42
57500001	39.5
57600001	39.2
57700001	42.3
57800001	40.8
57900001	42.3
58000001	41.1
58100001	41
58200001	38.3
58300001	39.9
58400001	43.8
58500001	42.7
58600001	42.6
58700001	41.2
58800001	43.6
58900001	41.7
59000001	40.7
59100001	40.7
59200001	38.3
59300001	39.2
59400001	38.3
59500001	39.2
59600001	37.8
59700001	37.9
59800001	37.4
59900001	38.6
60000001	37.2
60100001	37.2
60200001	38.5
60300001	38.6
60400001	38.6
60500001	38.3
60600001	39.2
60700001	37.9
60800001	39
60900001	38.3
61000001	40.2
61100001	39.3
61200001	39.3
61300001	38.3
61400001	37.5
61500001	37.8
61600001	37.4
61700001	38
61800001	38.1
61900001	39.4
62000001	39.2
62100001	41.1
62200001	40
62300001	37.9
62400001	38.2
62500001	37.9
62600001	37.5
62700001	38.9
62800001	38.2
62900001	39.5
63000001	39.1
63100001	38.2
63200001	39
63300001	40
63400001	41.1
63500001	40.9
63600001	40.6
63700001	39.9
63800001	39.6
63900001	39.3
64000001	39.2
64100001	38.4
64200001	38.8
64300001	38.7
64400001	39
64500001	39.4
64600001	40.1
64700001	39.9
64800001	39.8
64900001	40.7
65000001	41.8
65100001	42
65200001	41.9
65300001	40.9
65400001	41.8
65500001	39.9
65600001	43.5
65700001	43.4
65800001	42.2
65900001	41.2
66000001	41.4
66100001	40
66200001	41.4
66300001	40.5
66400001	41.3
66500001	40.1
66600001	40.6
66700001	40.3
66800001	37.7
66900001	37.8
67000001	37.4
67100001	38.2
67200001	43.1
67300001	44.8
67400001	42.5
67500001	41.5
67600001	40.6
67700001	40.8
67800001	40.3
67900001	40
68000001	39.6
68100001	41.6
68200001	43
68300001	44.4
68400001	44.1
68500001	44.5
68600001	43.2
68700001	40.9
68800001	39.2
68900001	41.5
69000001	43.8
69100001	42.9
69200001	43.1
69300001	44.8
69400001	43.2
69500001	41.3
69600001	42.9
69700001	42
69800001	41
69900001	40.1
70000001	39
70100001	37.7
70200001	38.2
70300001	37.2
70400001	38.1
70500001	37.1
70600001	37.5
70700001	36.2
70800001	36.8
70900001	36.2
71000001	35.8
71100001	36.3
71200001	36.5
71300001	37.3
71400001	36.4
71500001	36.1
71600001	35.1
71700001	35.3
71800001	35.8
71900001	37
72000001	36.1
72100001	36.2
72200001	35.9
72300001	36.4
72400001	36.6
72500001	36.9
72600001	36.8
72700001	34.3
72800001	38.2
72900001	36.7
73000001	36.9
73100001	36.7
73200001	36.9
73300001	36
73400001	36.2
73500001	37
73600001	36.5
73700001	36
73800001	36.4
73900001	36
74000001	37.1
74100001	36.6
74200001	36.1
74300001	37.7
74400001	37
74500001	36.7
74600001	36.9
74700001	37.4
74800001	36.9
74900001	38
75000001	37.5
75100001	38.2
75200001	38.6
75300001	38
75400001	38.3
75500001	38.9
75600001	39.8
75700001	40.3
75800001	38.3
75900001	37
76000001	35.3
76100001	35.5
76200001	35.5
76300001	36.8
76400001	35.4
76500001	37.9
76600001	37.5
76700001	35.7
76800001	36.8
76900001	36.8
77000001	36.9
77100001	37.6
77200001	36
77300001	36.2
77400001	37.2
77500001	37.2
77600001	37.4
77700001	36.7
77800001	36.9
77900001	37.1
78000001	37.5
78100001	38.7
78200001	39.1
78300001	39.2
78400001	38.5
78500001	39.4
78600001	41.1
78700001	43
78800001	42.5
78900001	40.7
79000001	43.3
79100001	42
79200001	44.5
79300001	44.2
79400001	40.9
79500001	41.8
79600001	42.9
79700001	40.4
79800001	39.9
79900001	38.8
80000001	38.8
80100001	38.1
80200001	37.5
80300001	37.7
80400001	37.2
80500001	36.6
80600001	37.9
80700001	39
80800001	39.8
80900001	37.3
81000001	38
81100001	38
81200001	37.4
81300001	37.8
81400001	37.5
81500001	38.7
81600001	38.6
81700001	39
81800001	39.3
81900001	39.4
82000001	40
82100001	41.3
82200001	39.6
82300001	39.7
82400001	40.5
82500001	40.5
82600001	39.6
82700001	42.7
82800001	43.1
82900001	42.8
83000001	41.8
83100001	41
83200001	40.9
83300001	42.3
83400001	41.1
83500001	45.2
83600001	43.9
83700001	45.6
83800001	44.6
83900001	42.3
84000001	45.8
84100001	46.3
84200001	47.8
84300001	40.6
84400001	45.9
84500001	44.4
84600001	40.7
84700001	40
84800001	44
84900001	44.8
85000001	44.4
85100001	45.4
85200001	44.5
85300001	42.6
85400001	45.5
85500001	42.2
85600001	41.5
85700001	43.2
85800001	43
85900001	43.1
86000001	39
86100001	36.5
86200001	37.7
86300001	37.1
86400001	37.3
86500001	40.9
86600001	43.9
86700001	42.1
86800001	44.4
86900001	47.2
87000001	42.7
87100001	42.1
87200001	42.3
87300001	47.3
87400001	42.9
87500001	50.9
87600001	47.5
87700001	50.2
87800001	48.4
87900001	50
88000001	49.6
88100001	48.1
88200001	49.4
88300001	49.9
88400001	47.5
88500001	44.4
88600001	43.8
88700001	43.7
88800001	43.1
88900001	48.3
89000001	50.8
89100001	52.9
89200001	49.8
89300001	49.2
89400001	47.6
89500001	48
89600001	46.9
89700001	47.8
89800001	42.3
89900001	44.1
90000001	47.5
90100001	43.6
90200001	46.1
90300001	45.3
90400001	45.2
90500001	41.4
90600001	40
90700001	40.6
90800001	39.7
90900001	39.7
91000001	38.8
91100001	37.9
91200001	37
91300001	37.9
91400001	37.6
91500001	37.9
91600001	37.9
91700001	37.9
91800001	39.8
91900001	40.7
92000001	38.7
92100001	38.3
92200001	39.6
92300001	40.2
92400001	38.3
92500001	38.7
92600001	40
92700001	41
92800001	41.3
92900001	40.7
93000001	45.5
93100001	41.3
93200001	41.5
93300001	42.8
93400001	41.9
93500001	41.5
93600001	41.7
93700001	41.8
93800001	41.7
93900001	41.4
94000001	41.3
94100001	45.8
94200001	46.5
94300001	41.8
94400001	46
94500001	45.9
94600001	43.5
94700001	45.7
94800001	45.3
94900001	47.4
95000001	47
95100001	44.3
95200001	41.8
95300001	42.1
95400001	46.5
95500001	45.4
95600001	44
95700001	47.3
95800001	42.9
95900001	44.6
96000001	45.9
96100001	45.4
96200001	46.7
96300001	45.7
96400001	46.7
96500001	43.9
96600001	45.9
96700001	44.4
96800001	46
96900001	44.1
97000001	45.3
97100001	44.3
97200001	40.7
97300001	43.8
97400001	44.4
97500001	44.5
97600001	43.8
97700001	43.9
97800001	45.9
97900001	45.1
98000001	44.8
98100001	46.2
98200001	43.6
98300001	42.1
98400001	41.1
98500001	40.3
98600001	41.2
98700001	41
98800001	40.5
98900001	41.6
99000001	44.2
99100001	40.3
99200001	41.5
99300001	39.8
99400001	39.1
99500001	38.9
99600001	41.5
99700001	41.2
99800001	40.6
99900001	42.5
100000001	41.5
100100001	41.2
100200001	47.2
100300001	44
100400001	39.3
100500001	43.8
100600001	44.2
100700001	45.4
100800001	46.3
100900001	45.6
101000001	45.4
101100001	46.9
101200001	48.9
101300001	47.6
101400001	45.2
101500001	45.3
101600001	46
101700001	44.8
101800001	45.1
101900001	46.4
102000001	45
102100001	43.6
102200001	43.3
102300001	42.9
102400001	45
102500001	44.5
102600001	38.3
102700001	39.1
102800001	41.6
102900001	43.8
103000001	43.3
103100001	40.6
103200001	45
103300001	46.8
103400001	46.6
103500001	44.2
103600001	42
103700001	39.6
103800001	39.3
103900001	37.1
104000001	41.5
104100001	44.3
104200001	43.8
104300001	43.9
104400001	44.6
104500001	47.9
104600001	41.7
104700001	43.3
104800001	45.5
104900001	44.4
105000001	43.6
105100001	43.8
105200001	47
105300001	46.4
105400001	45.4
105500001	40.9
105600001	43.6
105700001	43.3
105800001	39.8
105900001	39.2
106000001	37.6
106100001	38.1
106200001	40.6
106300001	38.4
106400001	39.6
106500001	37.5
106600001	39.6
106700001	40.6
106800001	41.6
106900001	45.8
107000001	46
107100001	42.7
107200001	48.6
107300001	47.9
107400001	44.6
107500001	46
107600001	47.8
107700001	46.4
107800001	47.5
107900001	45.3
108000001	45.5
108100001	47.1
108200001	49
108300001	44.5
108400001	41.8
108500001	44.1
108600001	43.5
108700001	43.9
108800001	42.9
108900001	41.3
109000001	41.7
109100001	42.4
109200001	40.7
109300001	40.1
109400001	39
109500001	40.9
109600001	38.9
109700001	39.3
109800001	39.1
109900001	39.4
110000001	39.4
110100001	38.8
110200001	38.2
110300001	36.8
110400001	37.3
110500001	36.7
110600001	36.7
110700001	36.4
110800001	35.8
110900001	36.7
111000001	36.6
111100001	35.2
111200001	37
111300001	37.5
111400001	36.5
111500001	37.2
111600001	35.8
111700001	35.5
111800001	36
111900001	37
112000001	36
112100001	35.8
112200001	36.9
112300001	36.6
112400001	36.1
112500001	36.8
112600001	36.8
112700001	37.1
112800001	37.9
112900001	37.7
113000001	39.2
113100001	38.4
113200001	36.4
113300001	37.8
113400001	37.7
113500001	37.7
113600001	38.3
113700001	36.7
113800001	34.7
113900001	36.8
114000001	36.1
114100001	36.8
114200001	36.8
114300001	37.4
114400001	36.3
114500001	36.8
114600001	36.3
114700001	36.8
114800001	37.3
114900001	37.6
115000001	38.8
115100001	38.7
115200001	40.6
115300001	42.1
115400001	42.3
115500001	40.9
115600001	42.2
115700001	41.6
115800001	41
115900001	42.9
116000001	43.4
116100001	44
116200001	42.8
116300001	41.3
116400001	42.2
116500001	43.1
116600001	41.8
116700001	41.4
116800001	40.5
116900001	40.8
117000001	39.2
117100001	39
117200001	38.9
117300001	38.7
117400001	38.6
117500001	40.1
117600001	37.8
117700001	38.9
117800001	38.4
117900001	37.5
118000001	38.1
118100001	37.9
118200001	38.6
118300001	37.2
118400001	37.5
118500001	36.4
118600001	37.3
118700001	36.8
118800001	38.4
118900001	37.4
119000001	38.8
119100001	39.4
119200001	39.5
119300001	40.5
119400001	38
119500001	40.3
119600001	40.7
119700001	40
119800001	38.6
119900001	39.2
120000001	39.2
120100001	38.6
120200001	38.1
120300001	39.6
120400001	40.8
120500001	40.9
120600001	40.9
120700001	42.2
120800001	42.4
120900001	43.8
121000001	45
121100001	46.5
121200001	45
121300001	44.7
121400001	42.5
121500001	43.5
121600001	40.9
121700001	44.4
121800001	46.5
121900001	43.5
122000001	46.4
122100001	46.8
122200001	41.5
122300001	41.6
122400001	40.9
122500001	41.6
122600001	40.2
122700001	41.7
122800001	43.9
122900001	42.7
123000001	42.3
123100001	41.6
123200001	41.4
123300001	41.5
123400001	39.4
123500001	39.3
123600001	38.6
123700001	38.8
123800001	37.8
123900001	37.8
124000001	37.2
124100001	37.5
124200001	37.9
124300001	36.3
124400001	35.4
124500001	37.3
124600001	36.1
124700001	37.1
124800001	36.9
124900001	36.7
125000001	36.2
125100001	36.7
125200001	36.7
125300001	37.6
125400001	37.6
125500001	37.6
125600001	37.8
125700001	37.8
125800001	39.1
125900001	38.9
126000001	38.7
126100001	39
126200001	40.1
126300001	41
126400001	40
126500001	39.1
126600001	40.9
126700001	40
126800001	40.2
126900001	42.5
127000001	41.3
127100001	43.5
127200001	41.4
127300001	43.6
127400001	43.8
127500001	42.6
127600001	42.3
127700001	40.8
127800001	40
127900001	39.9
128000001	38.8
128100001	38.3
128200001	38.1
128300001	38.6
128400001	38.4
128500001	38.3
128600001	40.4
128700001	40.3
128800001	41.6
128900001	43.8
129000001	43.4
129100001	44.1
129200001	44.6
129300001	44.1
129400001	42.8
129500001	44.2
129600001	44.1
129700001	44.1
129800001	42.8
129900001	41.2
130000001	41.6
130100001	40.4
130200001	41.2
130300001	42.9
130400001	43.5
130500001	43.7
130600001	44.9
130700001	43.6
130800001	46.3
130900001	47.2
131000001	45.1
131100001	45.1
131200001	44.9
131300001	41.1
131400001	40.1
131500001	40.6
131600001	40.3
131700001	39.6
131800001	38.9
131900001	38.5
132000001	39.4
132100001	39.1
132200001	40.1
132300001	39.5
132400001	40.3
132500001	43.2
132600001	41.5
132700001	39.6
132800001	40.3
132900001	41.9
133000001	42.6
133100001	41.6
133200001	43
133300001	40.1
133400001	39
133500001	39.6
133600001	40
133700001	38.3
133800001	38.5
133900001	38.6
134000001	37.5
134100001	37.5
134200001	37.9
134300001	38.4
134400001	38.5
134500001	38.1
134600001	38.7
134700001	39.8
134800001	40.4
134900001	43.4
135000001	41
135100001	42.4
135200001	45.1
135300001	43.2
135400001	41.1
135500001	40.9
135600001	39.9
135700001	39.1
135800001	38.8
135900001	37.6
136000001	38.8
136100001	39.6
136200001	38.1
136300001	41.4
136400001	40.5
136500001	40.5
136600001	39.4
136700001	39.3
136800001	38.3
136900001	40.3
137000001	38.5
137100001	39.9
137200001	41.7
137300001	41.7
137400001	43.5
137500001	42.9
137600001	44
137700001	43.7
137800001	43
137900001	42.7
138000001	42.3
138100001	43.8
138200001	43
138300001	43.7
138400001	46.1
138500001	44.8
138600001	39.7
138700001	41.5
138800001	40
138900001	39.1
139000001	38.9
139100001	38.1
139200001	38.7
139300001	37.7
139400001	39.8
139500001	38.1
139600001	37.2
139700001	38.5
139800001	38.1
139900001	36.3
140000001	37.1
140100001	36.7
140200001	36.9
140300001	36.8
140400001	37.9
140500001	37
140600001	37.6
140700001	36.6
140800001	37.5
140900001	37.6
141000001	36.8
141100001	37.7
141200001	38.4
141300001	37.2
141400001	39.4
141500001	39.2
141600001	38.9
141700001	39.7
141800001	41.3
141900001	38.3
142000001	38.9
142100001	41.9
142200001	40.9
142300001	42.2
142400001	40.4
142500001	39.2
142600001	41.2
142700001	40.2
142800001	39.7
142900001	39.1
143000001	39.5
143100001	39.3
143200001	41
143300001	39.5
143400001	40.3
143500001	40.5
143600001	41.8
143700001	42.3
143800001	44.2
143900001	44.5
144000001	46.3
144100001	43.1
144200001	44
144300001	42.6
144400001	40.8
144500001	39.9
144600001	41.3
144700001	41.6
144800001	41.5
144900001	41.5
145000001	40.3
145100001	40
145200001	43.7
145300001	44.3
145400001	44.5
145500001	44.9
145600001	45.1
145700001	45.7
145800001	45.9
145900001	44.9
146000001	45.7
146100001	40.6
146200001	43.9
146300001	44
146400001	40.6
146500001	42.6
146600001	41.2
146700001	41.5
146800001	41.7
146900001	41.2
147000001	39.4
147100001	38.4
147200001	38
147300001	38.4
147400001	38.9
147500001	39.1
147600001	40.6
147700001	38.5
147800001	38.4
147900001	39
148000001	40
148100001	39.5
148200001	40.4
148300001	41.7
148400001	42.8
148500001	41.1
148600001	41.6
148700001	43.1
148800001	42.6
148900001	41.9
149000001	41.6
149100001	40.2
149200001	39.6
149300001	39.2
149400001	38.2
149500001	37.5
149600001	37.2
149700001	38
149800001	36.5
149900001	36.3
150000001	37.9
150100001	36.9
150200001	37.4
150300001	37.4
150400001	36.4
150500001	37.1
150600001	37.1
150700001	37.2
150800001	38.2
150900001	38
151000001	37.9
151100001	38.6
151200001	39.5
151300001	40.2
151400001	40.7
151500001	41.1
151600001	41.8
151700001	44.2
151800001	41.6
151900001	44.4
152000001	42.8
152100001	44.9
152200001	44.1
152300001	43.7
152400001	45.1
152500001	45.5
152600001	44.9
152700001	44.1
152800001	43.5
152900001	44
153000001	44.7
153100001	44.8
153200001	45.6
153300001	47.4
153400001	46
153500001	42.5
153600001	44.3
153700001	44.3
153800001	43
153900001	44.9
154000001	43.6
154100001	42.6
154200001	44.4
154300001	43
154400001	42.8
154500001	41.7
154600001	41.1
154700001	39.8
154800001	38.6
154900001	38.9
155000001	38.8
155100001	38.3
155200001	38.1
155300001	37.8
155400001	37.8
155500001	37.4
155600001	37.5
155700001	37.3
155800001	37.9
155900001	39.7
156000001	37.9
156100001	38.5
156200001	38.6
156300001	39.9
156400001	39.4
156500001	39.3
156600001	40.5
156700001	40.2
156800001	39.9
156900001	40.7
157000001	41.1
157100001	41.9
157200001	41.1
157300001	41.8
157400001	40.7
157500001	41.6
157600001	39.7
157700001	39.8
157800001	38.9
157900001	37.1
158000001	37.3
158100001	36.9
158200001	38.8
158300001	38.7
158400001	38.7
158500001	38.2
158600001	37.7
158700001	37.4
158800001	38.7
158900001	39
159000001	38.6
159100001	37.1
159200001	39.1
159300001	39.2
159400001	39.1
