variableStep chrom=chr1 span=100000
1	0
100001	0
200001	0
300001	0
400001	0
500001	0
600001	0
700001	0
800001	0
900001	0
1000001	0
1100001	0
1200001	0
1300001	0
1400001	0
1500001	0
1600001	0
1700001	0
1800001	0
1900001	0
2000001	0
2100001	0
2200001	0
2300001	0
2400001	0
2500001	0
2600001	0
2700001	0
2800001	0
2900001	0
3000001	39
3100001	38.9
3200001	39
3300001	38.2
3400001	38.4
3500001	38.2
3600001	38.9
3700001	39.1
3800001	38.2
3900001	39.2
4000001	38.8
4100001	38.7
4200001	38.6
4300001	38.1
4400001	41.3
4500001	42
4600001	41.1
4700001	41.3
4800001	40
4900001	40.8
5000001	40.9
5100001	40.6
5200001	40.6
5300001	39.2
5400001	38.9
5500001	39.1
5600001	38.6
5700001	38.5
5800001	38.2
5900001	39.5
6000001	39.2
6100001	41
6200001	38.4
6300001	40.2
6400001	41.1
6500001	38.8
6600001	39.4
6700001	37.8
6800001	39.7
6900001	39.7
7000001	40.9
7100001	39.6
7200001	40
7300001	40.2
7400001	38.1
7500001	38
7600001	39.3
7700001	38.7
7800001	38
7900001	39
8000001	38.2
8100001	39.3
8200001	38.9
8300001	37.2
8400001	36.9
8500001	37.1
8600001	39
8700001	38.1
8800001	38.4
8900001	38.2
9000001	38
9100001	38
9200001	38.6
9300001	39.7
9400001	38.9
9500001	42.2
9600001	40.7
9700001	41
9800001	41.5
9900001	41.5
10000001	39.8
10100001	39.1
10200001	40.7
10300001	40.4
10400001	39.7
10500001	39.6
10600001	39.7
10700001	40.6
10800001	39.9
10900001	40.7
11000001	39.6
11100001	38.1
11200001	39.2
11300001	38.6
11400001	38.5
11500001	38.5
11600001	39
11700001	39.3
11800001	38.4
11900001	38.4
12000001	38.8
12100001	38.9
12200001	39.1
12300001	38.7
12400001	39.6
12500001	40.7
12600001	41
12700001	43.1
12800001	43.1
12900001	42.9
13000001	44.4
13100001	45.6
13200001	43.5
13300001	43.6
13400001	42.1
13500001	44.8
13600001	42
13700001	40.8
13800001	41.9
13900001	40.4
14000001	40.8
14100001	41.8
14200001	40.4
14300001	39.3
14400001	40.8
14500001	39.3
14600001	40.6
14700001	41.3
14800001	39.5
14900001	40.5
15000001	39.9
15100001	39.2
15200001	40.8
15300001	39.2
15400001	40.2
15500001	40.1
15600001	40.9
15700001	41.1
15800001	41.1
15900001	42
16000001	44
16100001	43.1
16200001	42.5
16300001	39.9
16400001	40.1
16500001	41.1
16600001	42.1
16700001	42.9
16800001	41.3
16900001	40
17000001	40.8
17100001	39.4
17200001	38.1
17300001	38.9
17400001	39
17500001	38.7
17600001	38.1
17700001	37.6
17800001	37.7
17900001	39.9
18000001	41.6
18100001	36.4
18200001	36.6
18300001	37.3
18400001	37.8
18500001	38.3
18600001	37.9
18700001	38.3
18800001	38
18900001	38.6
19000001	39.4
19100001	39.2
19200001	40.6
19300001	39.8
19400001	38.2
19500001	37.9
19600001	38.6
19700001	38.6
19800001	38.3
19900001	39
20000001	38.5
20100001	38.7
20200001	39
20300001	39.3
20400001	41
20500001	41
20600001	41.2
20700001	43.1
20800001	44
20900001	44.2
21000001	45.8
21100001	42.3
21200001	43.4
21300001	42.6
21400001	40.1
21500001	39.1
21600001	38.3
21700001	37.5
21800001	37.9
21900001	39.5
22000001	39.3
22100001	39
22200001	40
22300001	38.5
22400001	36.2
22500001	38.6
22600001	38.9
22700001	39.3
22800001	39.2
22900001	39.7
23000001	38.9
23100001	40.7
23200001	38.9
23300001	41.6
23400001	39.8
23500001	39.6
23600001	41.5
23700001	42.5
23800001	41
23900001	41.8
24000001	39.4
24100001	40.7
24200001	41
24300001	40.6
24400001	38.5
24500001	38.8
24600001	40.7
24700001	41.3
24800001	40.2
24900001	39.5
25000001	39.5
25100001	38.7
25200001	38.9
25300001	37.8
25400001	37.2
25500001	38.6
25600001	36.1
25700001	37.1
25800001	37.4
25900001	38
26000001	37.3
26100001	36.2
26200001	36.8
26300001	37.1
26400001	38.2
26500001	37.7
26600001	37.9
26700001	36.8
26800001	34.8
26900001	37.4
27000001	36.7
27100001	36.8
27200001	38.1
27300001	37.2
27400001	36.6
27500001	36.3
27600001	35.1
27700001	36.8
27800001	35.7
27900001	36
28000001	37.2
28100001	36.1
28200001	36.2
28300001	36.2
28400001	36.9
28500001	36.8
28600001	35.2
28700001	37.2
28800001	36.1
28900001	36
29000001	35.2
29100001	35.2
29200001	35.7
29300001	35.7
29400001	36.5
29500001	36.7
29600001	37.9
29700001	38.7
29800001	36.8
29900001	36.6
30000001	38
30100001	37.8
30200001	36.7
30300001	39.3
30400001	38.1
30500001	38.1
30600001	39.4
30700001	41.1
30800001	40.9
30900001	41
31000001	40.9
31100001	40.4
31200001	40.1
31300001	39.4
31400001	38
31500001	37.8
31600001	37.6
31700001	37.3
31800001	37.7
31900001	37.3
32000001	37.1
32100001	37.6
32200001	37.5
32300001	37.3
32400001	38.1
32500001	37.8
32600001	37.4
32700001	38.7
32800001	38.8
32900001	39.4
33000001	39.2
33100001	39.4
33200001	40.2
33300001	40
33400001	40.4
33500001	42.2
33600001	42.3
33700001	44.3
33800001	42.8
33900001	42.8
34000001	44
34100001	43.6
34200001	44.8
34300001	44.3
34400001	43.3
34500001	46.5
34600001	46.4
34700001	46
34800001	46.9
34900001	45
35000001	43.8
35100001	42.4
35200001	43.1
35300001	43.3
35400001	44.1
35500001	42.9
35600001	43.2
35700001	42.9
35800001	45.6
35900001	46.4
36000001	46.3
36100001	48.9
36200001	43.4
36300001	48.8
36400001	47.6
36500001	49.4
36600001	51
36700001	47
36800001	47.5
36900001	43.1
37000001	43.5
37100001	45.6
37200001	45.4
37300001	46.5
37400001	47.2
37500001	44.7
37600001	46
37700001	46.4
37800001	40.2
37900001	43
38000001	42.9
38100001	40.4
38200001	45.7
38300001	44.3
38400001	44.3
38500001	43.9
38600001	44.6
38700001	44.2
38800001	45.1
38900001	44.3
39000001	45.2
39100001	44.8
39200001	45.9
39300001	46.5
39400001	46.7
39500001	46.6
39600001	43.7
39700001	47
39800001	45
39900001	45.8
40000001	45
40100001	45.8
40200001	43.1
40300001	43.5
40400001	43.1
40500001	41.7
40600001	42.3
40700001	42.9
40800001	43.5
40900001	43
41000001	41.5
41100001	40.9
41200001	40.4
41300001	39.3
41400001	39.9
41500001	37.7
41600001	38.1
41700001	38.6
41800001	37.6
41900001	38.3
42000001	38.7
42100001	38.8
42200001	41.2
42300001	40.8
42400001	42.2
42500001	41.7
42600001	43.1
42700001	44.9
42800001	42.4
42900001	42.3
43000001	43.2
43100001	44.6
43200001	43.7
43300001	42.9
43400001	42.1
43500001	44.2
43600001	42.5
43700001	41.7
43800001	42.3
43900001	40.8
44000001	38.3
44100001	40.1
44200001	40.6
44300001	39.1
44400001	39.3
44500001	39.2
44600001	38.8
44700001	38.2
44800001	36.9
44900001	37.7
45000001	38.1
45100001	39.1
45200001	38.5
45300001	36.2
45400001	37.1
45500001	37
45600001	39.4
45700001	39.7
45800001	39.6
45900001	39.3
46000001	40.6
46100001	39.6
46200001	39.3
46300001	39.7
46400001	40.4
46500001	39.4
46600001	39.9
46700001	39.6
46800001	39.1
46900001	39.9
47000001	40.2
47100001	39.3
47200001	39.5
47300001	37.2
47400001	36.6
47500001	36.7
47600001	38.1
47700001	37.4
47800001	37.4
47900001	36.4
48000001	36.1
48100001	37.3
48200001	37.5
48300001	37.4
48400001	37.8
48500001	37.1
48600001	37.3
48700001	37.3
48800001	36.4
48900001	36
49000001	35.9
49100001	35.4
49200001	35.4
49300001	37.7
49400001	36.3
49500001	36.2
49600001	36
49700001	36.6
49800001	36.3
49900001	36.2
50000001	36.7
50100001	35.7
50200001	36.5
50300001	36.2
50400001	37.2
50500001	36.5
50600001	35.5
50700001	37
50800001	36.4
50900001	37.9
51000001	37.7
51100001	38.4
51200001	38.6
51300001	41.2
51400001	40.4
51500001	41.3
51600001	41.6
51700001	41.5
51800001	42.2
51900001	44
52000001	42.4
52100001	41.6
52200001	39.3
52300001	42.8
52400001	41.5
52500001	40.5
52600001	41.9
52700001	41.7
52800001	41.6
52900001	40.8
53000001	40.9
53100001	39.3
53200001	39.1
53300001	39.5
53400001	40.7
53500001	39.9
53600001	39.7
53700001	40.6
53800001	39.3
53900001	41.2
54000001	41.7
54100001	40.9
54200001	40.8
54300001	40.7
54400001	40.2
54500001	39.9
54600001	41
54700001	41.1
54800001	42.8
54900001	44.4
55000001	41.4
55100001	43.5
55200001	44
55300001	38.3
55400001	40.5
55500001	42
55600001	40.2
55700001	41.4
55800001	41.2
55900001	40.8
56000001	39.4
56100001	38.4
56200001	38.2
56300001	37.9
56400001	37.8
56500001	37.9
56600001	38.3
56700001	39.7
56800001	41.9
56900001	40.7
57000001	42.1
57100001	42.1
57200001	42.1
57300001	41.2
57400001	40.8
57500001	41.7
57600001	42.4
57700001	41.9
57800001	43
57900001	43.2
58000001	41.8
58100001	44
58200001	44.3
58300001	45.2
58400001	43.2
58500001	41.4
58600001	40
58700001	44.2
58800001	42.4
58900001	43.4
59000001	40.2
59100001	41.7
59200001	43.4
59300001	43.6
59400001	46
59500001	45.7
59600001	45
59700001	40.3
59800001	39.1
59900001	40.8
60000001	42
60100001	39.9
60200001	38.4
60300001	37.3
60400001	40.8
60500001	38.8
60600001	40.8
60700001	42.2
60800001	40.6
60900001	42.2
61000001	40.7
61100001	40.7
61200001	41.5
61300001	41.4
61400001	41.8
61500001	40.6
61600001	41.4
61700001	39.4
61800001	37.4
61900001	38.5
62000001	38.6
62100001	38.7
62200001	39
62300001	39.2
62400001	40.2
62500001	40.4
62600001	42.3
62700001	45.7
62800001	45.5
62900001	43.7
63000001	42.9
63100001	43.1
63200001	42.6
63300001	40.5
63400001	41.9
63500001	41.2
63600001	40.6
63700001	41.5
63800001	41.6
63900001	41.4
64000001	43.1
64100001	42.6
64200001	42.8
64300001	41.6
64400001	42.1
64500001	41.5
64600001	40.9
64700001	42.6
64800001	43.8
64900001	42.7
65000001	43
65100001	42.9
65200001	39.7
65300001	40
65400001	40.3
65500001	39.6
65600001	38.5
65700001	37.9
65800001	38
65900001	38.5
66000001	39.6
66100001	38
66200001	38.5
66300001	38.1
66400001	38.5
66500001	39.5
66600001	39.8
66700001	38.5
66800001	38.2
66900001	40.6
67000001	42
67100001	39.5
67200001	38.1
67300001	38.7
67400001	38.4
67500001	37.7
67600001	38.7
67700001	38
67800001	37.7
67900001	39
68000001	38.2
68100001	36.6
68200001	36
68300001	36.6
68400001	35.5
68500001	35.7
68600001	37.1
68700001	35.7
68800001	35.2
68900001	35.8
69000001	35.3
69100001	37.5
69200001	39.4
69300001	39.4
69400001	40
69500001	39.6
69600001	38.8
69700001	39.5
69800001	39.2
69900001	38.5
70000001	37.3
70100001	37.8
70200001	38
70300001	37.9
70400001	38
70500001	37.7
70600001	37.8
70700001	38
70800001	38.7
70900001	39.9
71000001	39.7
71100001	40
71200001	39.8
71300001	39.4
71400001	39.9
71500001	41.2
71600001	43.7
71700001	41.6
71800001	41.5
71900001	42.5
72000001	42.3
72100001	42.8
72200001	45.9
72300001	44.7
72400001	44.5
72500001	44.4
72600001	44.8
72700001	41.9
72800001	46.8
72900001	45.5
73000001	44.4
73100001	43.2
73200001	43.1
73300001	41.9
73400001	41.8
73500001	42.7
73600001	41.8
73700001	42.3
73800001	44.7
73900001	47.8
74000001	51.5
74100001	50.5
74200001	44.3
74300001	48.9
74400001	48.1
74500001	40.6
74600001	45.5
74700001	45.2
74800001	48.6
74900001	50.1
75000001	44.3
75100001	47.9
75200001	48.2
75300001	49.4
75400001	53.9
75500001	48.8
75600001	45.2
75700001	43.6
75800001	42.5
75900001	42.7
76000001	43.1
76100001	40.9
76200001	40.6
76300001	40
76400001	39.9
76500001	39.8
76600001	39.3
76700001	39.5
76800001	39.7
76900001	39.3
77000001	41.1
77100001	40.4
77200001	41.2
77300001	42.2
77400001	42.6
77500001	41.6
77600001	40.2
77700001	41.1
77800001	39.7
77900001	41.8
78000001	41.2
78100001	43
78200001	43
78300001	44.3
78400001	42.5
78500001	44.5
78600001	42.7
78700001	42.6
78800001	41.9
78900001	40.8
79000001	39.8
79100001	38.7
79200001	38.8
79300001	40.2
79400001	40.5
79500001	40.7
79600001	42.9
79700001	43.9
79800001	43.7
79900001	42.6
80000001	41.4
80100001	42.2
80200001	39.4
80300001	39.2
80400001	39.8
80500001	39.9
80600001	40
80700001	40.3
80800001	38.4
80900001	37.8
81000001	37.4
81100001	38.1
81200001	39
81300001	38
81400001	38.5
81500001	39.2
81600001	38.8
81700001	38.1
81800001	38.6
81900001	39.4
82000001	39.7
82100001	41.1
82200001	42.1
82300001	42
82400001	44.3
82500001	42.2
82600001	42
82700001	42
82800001	41.6
82900001	43.8
83000001	42.3
83100001	41.1
83200001	40.1
83300001	40
83400001	38.9
83500001	38.8
83600001	39.6
83700001	39.7
83800001	39.7
83900001	40.1
84000001	40.5
84100001	40.8
84200001	42
84300001	41.2
84400001	42.1
84500001	42.8
84600001	44.5
84700001	38.1
84800001	43.2
84900001	44.6
85000001	43.4
85100001	44.1
85200001	44.3
85300001	43.7
85400001	0
85500001	0
85600001	0
85700001	0
85800001	0
85900001	0
86000001	0
86100001	0
86200001	0
86300001	0
86400001	0
86500001	0
86600001	0
86700001	0
86800001	0
86900001	0
87000001	0
87100001	0
87200001	0
87300001	44.2
87400001	44.2
87500001	43.4
87600001	44.9
87700001	44.3
87800001	47.2
87900001	44.3
88000001	44.4
88100001	47.5
88200001	46.1
88300001	48
88400001	46.4
88500001	45.9
88600001	40
88700001	40.2
88800001	42.6
88900001	48.7
89000001	50.2
89100001	48.1
89200001	39.9
89300001	44.7
89400001	46.4
89500001	46.9
89600001	45.4
89700001	45.3
89800001	43.8
89900001	42.5
90000001	42.3
90100001	47.2
90200001	45
90300001	46
90400001	45.4
90500001	46.6
90600001	46.3
90700001	44.7
90800001	44.8
90900001	45.8
91000001	48.4
91100001	45.7
91200001	45.6
91300001	48.7
91400001	49.7
91500001	48.4
91600001	47.4
91700001	48.3
91800001	48.1
91900001	46.9
92000001	47.1
92100001	48
92200001	46.3
92300001	47.1
92400001	46.2
92500001	46.7
92600001	45.8
92700001	46.7
92800001	48.9
92900001	47.8
93000001	45.5
93100001	45.6
93200001	50.8
93300001	49.3
93400001	47.8
93500001	47.3
93600001	47.1
93700001	48
93800001	49.1
93900001	45
94000001	46.1
94100001	48
94200001	48
94300001	46.2
94400001	43.3
94500001	47.8
94600001	49.6
94700001	50.6
94800001	49
94900001	51.5
95000001	50.3
95100001	50.1
95200001	47.2
95300001	42.4
95400001	42.7
95500001	47
95600001	45.8
95700001	45.7
95800001	45.6
95900001	44.7
96000001	39.7
96100001	39.6
96200001	38.3
96300001	38
96400001	38
96500001	37.3
96600001	36.8
96700001	36.7
96800001	36.2
96900001	36.3
97000001	36.9
97100001	37.2
97200001	37.2
97300001	37.3
97400001	37.3
97500001	36.5
97600001	37
97700001	38.1
97800001	36.1
97900001	36.6
98000001	37.6
98100001	36.3
98200001	35.8
98300001	37.1
98400001	37.1
98500001	37.3
98600001	39.1
98700001	38.9
98800001	37.8
98900001	37.5
99000001	38.1
99100001	37.9
99200001	38
99300001	37.9
99400001	39.6
99500001	41.6
99600001	38.3
99700001	39
99800001	39.6
99900001	40.5
100000001	39.8
100100001	39.8
100200001	38.8
100300001	37.4
100400001	39.1
100500001	38.2
100600001	38.1
100700001	38.5
100800001	37.9
100900001	37.8
101000001	37.7
101100001	37.9
101200001	37.6
101300001	36.8
101400001	36.9
101500001	37.9
101600001	37.9
101700001	37.9
101800001	38.7
101900001	38.1
102000001	38.6
102100001	38.6
102200001	37.9
102300001	37.9
102400001	37.7
102500001	38.4
102600001	40.5
102700001	38.5
102800001	38.3
102900001	38.3
103000001	37.9
103100001	38.1
103200001	38.4
103300001	37.2
103400001	37.2
103500001	36.6
103600001	37.8
103700001	37.6
103800001	39.1
103900001	38.3
104000001	39.1
104100001	38.7
104200001	38.3
104300001	37.8
104400001	38.1
104500001	36.5
104600001	37.8
104700001	38.4
104800001	37.9
104900001	38.8
105000001	39.2
105100001	39.5
105200001	38
105300001	38.6
105400001	37.8
105500001	36.5
105600001	37.1
105700001	36.9
105800001	36.1
105900001	36.5
106000001	37.5
106100001	38.1
106200001	37.8
106300001	37.2
106400001	37.8
106500001	38.6
106600001	39.5
106700001	38.3
106800001	40.4
106900001	40.7
107000001	41.4
107100001	41.5
107200001	43.2
107300001	42
107400001	39.1
107500001	37.5
107600001	40.1
107700001	44.5
107800001	42.7
107900001	43.5
108000001	42.7
108100001	40.5
108200001	41.1
108300001	42
108400001	44
108500001	42.3
108600001	42.9
108700001	41.4
108800001	39.9
108900001	38.2
109000001	38.9
109100001	39.2
109200001	39.5
109300001	38.8
109400001	38.6
109500001	38.2
109600001	39.3
109700001	39.1
109800001	39
109900001	37.7
110000001	37.7
110100001	36.6
110200001	37.6
110300001	36.7
110400001	36.6
110500001	36
110600001	36
110700001	35.7
110800001	37.2
110900001	36.6
111000001	36.3
111100001	36.6
111200001	37.1
111300001	36.1
111400001	36.3
111500001	36.7
111600001	36.3
111700001	37.3
111800001	35.7
111900001	35.1
112000001	35.8
112100001	36.6
112200001	36.4
112300001	36.1
112400001	37.3
112500001	37.1
112600001	35.3
112700001	35.1
112800001	35.3
112900001	36.3
113000001	35.4
113100001	37.1
113200001	35.9
113300001	37
113400001	36.6
113500001	37.3
113600001	38.5
113700001	36.8
113800001	36.9
113900001	37.4
114000001	36.5
114100001	37.2
114200001	37.5
114300001	38.6
114400001	39.3
114500001	38
114600001	38.1
114700001	38.5
114800001	38.1
114900001	37.7
115000001	38
115100001	38.3
115200001	40
115300001	39.9
115400001	39
115500001	39.8
115600001	39.8
115700001	39.7
115800001	38.7
115900001	38.4
116000001	39.6
116100001	38.3
116200001	37.8
116300001	36.9
116400001	38.2
116500001	38.2
116600001	38.4
116700001	37.5
116800001	37.4
116900001	36.6
117000001	37.1
117100001	36.8
117200001	37.9
117300001	37.8
117400001	38.1
117500001	37.5
117600001	38.3
117700001	38.6
117800001	38.6
117900001	39.3
118000001	38.8
118100001	38.7
118200001	39.6
118300001	39.3
118400001	38.1
118500001	38.6
118600001	37.5
118700001	38.3
118800001	37.5
118900001	38.4
119000001	37.4
119100001	39.5
119200001	39
119300001	39.7
119400001	38.7
119500001	39.4
119600001	38.8
119700001	39.3
119800001	38.6
119900001	40.1
120000001	40.7
120100001	41.2
120200001	44.4
120300001	44.6
120400001	44.4
120500001	46.7
120600001	47.8
120700001	49.2
120800001	49.1
120900001	49
121000001	47.8
121100001	47.7
121200001	47.2
121300001	49.5
121400001	44.9
121500001	38.3
121600001	37
121700001	43.1
121800001	45.6
121900001	48.4
122000001	46.5
122100001	47.5
122200001	47.8
122300001	46.5
122400001	46.7
122500001	45.7
122600001	44.1
122700001	42.7
122800001	42.6
122900001	43.2
123000001	43.6
123100001	43.8
123200001	43.6
123300001	46.8
123400001	44.4
123500001	42.4
123600001	42
123700001	40.6
123800001	40.1
123900001	40.3
124000001	39
124100001	39.1
124200001	40.2
124300001	38.8
124400001	39.5
124500001	38.5
124600001	39.4
124700001	38.8
124800001	38.4
124900001	37.7
125000001	38.2
125100001	38.5
125200001	38.3
125300001	36.8
125400001	37.8
125500001	37.9
125600001	37.9
125700001	37.9
125800001	38.5
125900001	38.3
126000001	37.8
126100001	37.1
126200001	38.6
126300001	39
126400001	38.8
126500001	39.2
126600001	40.1
126700001	39.3
126800001	39.6
126900001	41.2
127000001	41.7
127100001	43.1
127200001	44.2
127300001	42
127400001	42.2
127500001	43.9
127600001	44.2
127700001	44
127800001	43
127900001	41.8
128000001	41.7
128100001	41.9
128200001	41.2
128300001	42.9
128400001	42.8
128500001	43.1
128600001	43.1
128700001	42.4
128800001	43.7
128900001	42.5
129000001	43.8
129100001	45.8
129200001	45.4
129300001	47.2
129400001	45.2
129500001	44.9
129600001	42
129700001	42.4
129800001	42.7
129900001	41.2
130000001	36.8
130100001	41.9
130200001	42.6
130300001	42.9
130400001	44.9
130500001	45
130600001	44.4
130700001	44.7
130800001	42.1
130900001	40.5
131000001	41.4
131100001	40.4
131200001	39.8
131300001	38.8
131400001	39.2
131500001	38.8
131600001	38.2
131700001	38.9
131800001	38.1
131900001	39
132000001	39.4
132100001	39.9
132200001	40.6
132300001	40.3
132400001	41.4
132500001	41.2
132600001	43.6
132700001	45.4
132800001	43.8
132900001	47
133000001	47.4
133100001	49.4
133200001	40.9
133300001	39.6
133400001	43.2
133500001	45.6
133600001	46.9
133700001	45.7
133800001	45.9
133900001	47
134000001	50.5
134100001	47.6
134200001	49.2
134300001	43.2
134400001	50.7
134500001	47.9
134600001	47.5
134700001	48.3
134800001	47.6
134900001	47.2
135000001	47.6
135100001	50.5
135200001	50.1
135300001	47.7
135400001	43.5
135500001	43.4
135600001	47.9
135700001	48.3
135800001	47.6
135900001	49.2
136000001	48.3
136100001	48.9
136200001	47
136300001	44.3
136400001	44.6
136500001	46.9
136600001	48.3
136700001	42.3
136800001	44.2
136900001	48.6
137000001	50.6
137100001	46.8
137200001	47.2
137300001	45.7
137400001	49.8
137500001	47.9
137600001	48.7
137700001	50.5
137800001	48.8
137900001	49.1
138000001	50.9
138100001	46
138200001	42.6
138300001	44.2
138400001	44.6
138500001	44.6
138600001	44.9
138700001	44.2
138800001	44.3
138900001	43
139000001	41.8
139100001	41.7
139200001	40.7
139300001	39.1
139400001	39.4
139500001	39
139600001	38.7
139700001	38.5
139800001	37.7
139900001	39.1
140000001	38.4
140100001	39.9
140200001	39.9
140300001	39.4
140400001	40.7
140500001	40.4
140600001	40.9
140700001	42
140800001	41
140900001	38
141000001	40.3
141100001	39.1
141200001	38.9
141300001	38.9
141400001	37.8
141500001	37.8
141600001	38.3
141700001	36.6
141800001	38.6
141900001	37
142000001	37.2
142100001	37.2
142200001	35.8
142300001	35.5
142400001	35.7
142500001	36.2
142600001	37.9
142700001	37.4
142800001	38.5
142900001	37.5
143000001	36.9
143100001	37.5
143200001	35.8
143300001	35.8
143400001	37.1
143500001	35.9
143600001	36.1
143700001	35.6
143800001	35.8
143900001	36.3
144000001	35.4
144100001	36.4
144200001	36.5
144300001	35.7
144400001	37.2
144500001	37.3
144600001	36.3
144700001	36.6
144800001	37
144900001	38
145000001	38.6
145100001	39.7
145200001	39.8
145300001	39.4
145400001	37.3
145500001	39.6
145600001	38.9
145700001	41
145800001	39.9
145900001	39.7
146000001	38.1
146100001	39.8
146200001	38.7
146300001	36.2
146400001	36.2
146500001	37.5
146600001	36.6
146700001	37.4
146800001	35.8
146900001	36.5
147000001	37.3
147100001	36
147200001	35.2
147300001	38
147400001	36.7
147500001	35.8
147600001	36.4
147700001	36.1
147800001	36.5
147900001	38.2
148000001	37.7
148100001	36.8
148200001	37.6
148300001	34.5
148400001	34.6
148500001	34.9
148600001	34.8
148700001	36.2
148800001	36.6
148900001	35.1
149000001	36.4
149100001	36.6
149200001	36.5
149300001	36.9
149400001	36.6
149500001	36.7
149600001	35.9
149700001	35.6
149800001	35.7
149900001	37.1
150000001	36.7
150100001	37
150200001	37.3
150300001	38
150400001	36.5
150500001	36.2
150600001	35.1
150700001	36.1
150800001	37
150900001	36
151000001	37.3
151100001	37.5
151200001	37.6
151300001	39.3
151400001	38.5
151500001	37.8
151600001	39
151700001	39
151800001	40
151900001	40.1
152000001	39.4
152100001	39.1
152200001	38.1
152300001	40.9
152400001	40.2
152500001	39.3
152600001	38.5
152700001	39.2
152800001	41.7
152900001	42.4
153000001	43.5
153100001	42.9
153200001	39.5
153300001	42.7
153400001	42.9
153500001	44.2
153600001	41.7
153700001	44.7
153800001	44
153900001	42.5
154000001	43.1
154100001	43.5
154200001	43.4
154300001	43.9
154400001	45.4
154500001	44.3
154600001	45.2
154700001	40.7
154800001	45.4
154900001	46.3
155000001	45
155100001	43.6
155200001	44.1
155300001	43
155400001	44.3
155500001	47.5
155600001	43.4
155700001	45
155800001	44.1
155900001	43.8
156000001	43.7
156100001	41.5
156200001	41.5
156300001	42
156400001	43
156500001	43.1
156600001	45.5
156700001	43
156800001	46.7
156900001	46.6
157000001	48.4
157100001	40.8
157200001	41
157300001	43.4
157400001	40.3
157500001	46
157600001	46.7
157700001	40.1
157800001	41.9
157900001	46.2
158000001	0
158100001	45
158200001	42.8
158300001	42.9
158400001	44.3
158500001	43.9
158600001	45.4
158700001	42.7
158800001	42
158900001	45.2
159000001	44.5
159100001	37.8
159200001	36.5
159300001	41.2
159400001	44.4
159500001	42.6
159600001	42.8
159700001	39.4
159800001	40.4
159900001	39.3
160000001	40.8
160100001	42.6
160200001	42.6
160300001	40.7
160400001	41.9
160500001	41.3
160600001	41.2
160700001	39.8
160800001	41.8
160900001	41.3
161000001	40.1
161100001	38.6
161200001	37.5
161300001	43.5
161400001	43
161500001	43.5
161600001	42.4
161700001	42.8
161800001	42.1
161900001	43.2
162000001	43.7
162100001	41.1
162200001	39.7
162300001	39.4
162400001	37.5
162500001	37.8
162600001	37.8
162700001	40.9
162800001	40.1
162900001	42.7
163000001	41.2
163100001	42.8
163200001	41.3
163300001	41.4
163400001	39.4
163500001	40.6
163600001	42.6
163700001	38.2
163800001	41.8
163900001	41.8
164000001	41.2
164100001	41.1
164200001	41.6
164300001	41.6
164400001	42.5
164500001	43.2
164600001	39.8
164700001	42
164800001	40.7
164900001	39.3
165000001	39.9
165100001	40.4
165200001	41
165300001	39.8
165400001	39.3
165500001	40.1
165600001	40.5
165700001	38.7
165800001	40.3
165900001	40.4
166000001	42.2
166100001	43
166200001	41.5
166300001	43.9
166400001	43.3
166500001	40.9
166600001	40.1
166700001	42.6
166800001	41.9
166900001	43.7
167000001	45.2
167100001	43.5
167200001	43.3
167300001	39.7
167400001	42.8
167500001	46.2
167600001	46.7
167700001	46.9
167800001	38.2
167900001	42.5
168000001	46.5
168100001	42.3
168200001	43.9
168300001	43.6
168400001	40.4
168500001	40.9
168600001	41.2
168700001	41.7
168800001	42.4
168900001	46.2
169000001	44.1
169100001	47.2
169200001	45.6
169300001	44.9
169400001	44.4
169500001	46.1
169600001	45.3
169700001	44.7
169800001	44.1
169900001	40.4
170000001	43.2
170100001	43.6
170200001	44.7
170300001	43.8
170400001	40.8
170500001	40.6
170600001	40
170700001	39.3
170800001	37.8
170900001	40.1
171000001	39.9
171100001	40.5
171200001	41.1
171300001	41.8
171400001	41.9
171500001	41.2
171600001	41.7
171700001	40.8
171800001	43.1
171900001	42.9
172000001	42.9
172100001	42.2
172200001	44.6
172300001	44.1
172400001	45.6
172500001	45.5
172600001	43.2
172700001	41.6
172800001	45.3
172900001	45.4
173000001	47
173100001	47.2
173200001	45.9
173300001	47.5
173400001	44.7
173500001	44.2
173600001	42.1
173700001	41.5
173800001	42.7
173900001	47.4
174000001	43.4
174100001	46
174200001	50
174300001	44
174400001	50.1
174500001	44.9
174600001	40.2
174700001	39.8
174800001	39.6
174900001	38.8
175000001	38.2
175100001	38.6
175200001	41.9
175300001	41.1
175400001	38.9
175500001	38.8
175600001	38.4
175700001	38.1
175800001	38.1
175900001	38.3
176000001	37
176100001	39
176200001	39.5
176300001	39.6
176400001	41.4
176500001	39.7
176600001	38.8
176700001	39.8
176800001	40.6
176900001	41.1
177000001	39.1
177100001	39.9
177200001	40.5
177300001	40.5
177400001	41.9
177500001	42.3
177600001	41.4
177700001	41.7
177800001	43.7
177900001	41.9
178000001	41
178100001	41.1
178200001	41.7
178300001	40.5
178400001	41.1
178500001	42.4
178600001	40.1
178700001	40.2
178800001	41
178900001	42.5
179000001	36.1
179100001	37.5
179200001	42.7
179300001	43.4
179400001	43.6
179500001	45.5
179600001	44.3
179700001	40.2
179800001	41.7
179900001	41.2
180000001	41.6
180100001	41.7
180200001	43.9
180300001	42.2
180400001	45.4
180500001	45.6
180600001	44.6
180700001	44.5
180800001	46.2
180900001	45.7
181000001	45
181100001	43.7
181200001	42.9
181300001	42.7
181400001	43.7
181500001	45.4
181600001	44.4
181700001	43.2
181800001	43.6
181900001	39
182000001	40.4
182100001	48.9
182200001	47.7
182300001	49.7
182400001	47.3
182500001	46
182600001	44.8
182700001	46.8
182800001	48.9
182900001	46.5
183000001	41.7
183100001	44.5
183200001	45.9
183300001	48.5
183400001	46.3
183500001	41.6
183600001	42.4
183700001	45.7
183800001	42.1
183900001	43.2
184000001	46.7
184100001	43.9
184200001	44
184300001	43.6
184400001	48
184500001	47.3
184600001	46
184700001	47
184800001	47.2
184900001	0
185000001	0
185100001	0
185200001	0
185300001	45.4
185400001	43.7
185500001	43
185600001	41.4
185700001	42.5
185800001	44.8
185900001	42.6
186000001	43.6
186100001	42.4
186200001	43
186300001	43.2
186400001	43.6
186500001	45.9
186600001	48
186700001	45
186800001	44.1
186900001	44.5
187000001	44.5
187100001	45
187200001	43.9
187300001	44.4
187400001	43.7
187500001	42.8
187600001	42.7
187700001	41.6
187800001	40.9
187900001	41.5
188000001	41.6
188100001	41.5
188200001	43.5
188300001	42.6
188400001	44
188500001	45.3
188600001	42
188700001	42.2
188800001	43.5
188900001	41.2
189000001	40.5
189100001	44.3
189200001	43
189300001	41.9
189400001	44.8
189500001	43.3
189600001	43
189700001	44
189800001	42.7
189900001	42.6
190000001	42.1
190100001	40.3
190200001	40.9
190300001	41.5
190400001	41.8
190500001	41.6
190600001	42.6
190700001	45.2
190800001	44.3
190900001	43
191000001	43.6
191100001	43.4
191200001	43.9
191300001	44.5
191400001	44
191500001	46.9
191600001	48.7
191700001	47.2
191800001	46
191900001	45.7
192000001	45.2
192100001	45.9
192200001	46.9
192300001	47.2
192400001	45.7
192500001	47.5
192600001	46.3
192700001	46.3
192800001	45.3
192900001	47.9
193000001	46.7
193100001	48.1
193200001	46.2
193300001	44
193400001	44.6
193500001	41.9
193600001	47.9
193700001	48.7
193800001	47.5
193900001	43.9
194000001	45.5
194100001	45.8
194200001	45.9
194300001	46
194400001	46.1
194500001	46.2
194600001	46.8
194700001	40
194800001	40.1
194900001	46.4
195000001	45.1
195100001	48.3
195200001	46.2
195300001	44.9
195400001	43.3
195500001	42.5
195600001	41.4
195700001	40.1
195800001	40.4
195900001	40.3
196000001	40.5
196100001	40.8
196200001	40.7
196300001	40.6
196400001	43.9
196500001	43.4
196600001	41.9
196700001	40.3
196800001	41.4
196900001	37.6
197000001	39.8
