variableStep chrom=chr10 span=100000
1	0
100001	0
200001	0
300001	0
400001	0
500001	0
600001	0
700001	0
800001	0
900001	0
1000001	0
1100001	0
1200001	0
1300001	0
1400001	0
1500001	0
1600001	0
1700001	0
1800001	0
1900001	0
2000001	0
2100001	0
2200001	0
2300001	0
2400001	0
2500001	0
2600001	0
2700001	0
2800001	0
2900001	0
3000001	43
3100001	45.5
3200001	44
3300001	40.8
3400001	41
3500001	39.6
3600001	39.2
3700001	39.4
3800001	38.7
3900001	40.2
4000001	38.6
4100001	38.7
4200001	39.9
4300001	41
4400001	41.1
4500001	40.9
4600001	40.9
4700001	41.1
4800001	40.8
4900001	39.6
5000001	41.7
5100001	42.7
5200001	41.8
5300001	41.9
5400001	40.8
5500001	40.1
5600001	42.1
5700001	43.2
5800001	43.4
5900001	46
6000001	45.2
6100001	45.3
6200001	44.8
6300001	44.4
6400001	42.4
6500001	42.5
6600001	42.7
6700001	43
6800001	43.6
6900001	43
7000001	41.6
7100001	41.5
7200001	43.4
7300001	43.6
7400001	43
7500001	43.9
7600001	41.5
7700001	42
7800001	43.4
7900001	44.2
8000001	43.4
8100001	42.1
8200001	44
8300001	42.1
8400001	44.8
8500001	45.6
8600001	43.8
8700001	42.6
8800001	40.8
8900001	40.4
9000001	40.2
9100001	39.4
9200001	40.7
9300001	41.3
9400001	41.1
9500001	39.9
9600001	40
9700001	39.3
9800001	39.3
9900001	39.6
10000001	40.8
10100001	39.6
10200001	40.6
10300001	40.2
10400001	39.5
10500001	38.7
10600001	39.4
10700001	40.2
10800001	39
10900001	39.3
11000001	40.7
11100001	41.5
11200001	40.1
11300001	40
11400001	40.7
11500001	40.3
11600001	39.5
11700001	39.1
11800001	40.2
11900001	39.9
12000001	40.6
12100001	39.9
12200001	41.1
12300001	39.8
12400001	42
12500001	44.4
12600001	43.8
12700001	43.5
12800001	42.8
12900001	42.4
13000001	41.6
13100001	43.2
13200001	41.9
13300001	41.6
13400001	42.6
13500001	41.2
13600001	42.4
13700001	42.4
13800001	41.4
13900001	41.1
14000001	40.6
14100001	40
14200001	39.7
14300001	40.1
14400001	37.6
14500001	38
14600001	37.9
14700001	38.1
14800001	37.6
14900001	37.5
15000001	37.3
15100001	36.2
15200001	36.9
15300001	37.7
15400001	36.7
15500001	37.4
15600001	37.1
15700001	36.1
15800001	36.4
15900001	35.5
16000001	35.7
16100001	36.9
16200001	36.1
16300001	36.2
16400001	36.9
16500001	37
16600001	37.1
16700001	37.7
16800001	38.4
16900001	39
17000001	39.8
17100001	39.2
17200001	41.9
17300001	40.6
17400001	41.9
17500001	40.7
17600001	40
17700001	42.4
17800001	41.7
17900001	43
18000001	43.9
18100001	43.6
18200001	43
18300001	42.1
18400001	41.1
18500001	42.2
18600001	41.4
18700001	41.2
18800001	41.6
18900001	41.3
19000001	42.2
19100001	41.2
19200001	41.3
19300001	41.4
19400001	42.2
19500001	43.1
19600001	42.9
19700001	42.9
19800001	45.1
19900001	44.8
20000001	41.6
20100001	42.2
20200001	42.7
20300001	41.5
20400001	41.4
20500001	40
20600001	40.3
20700001	40.9
20800001	43.8
20900001	42.4
21000001	42.4
21100001	44.2
21200001	42.3
21300001	42.7
21400001	42.4
21500001	44
21600001	43.4
21700001	44.1
21800001	41.4
21900001	43.5
22000001	42.8
22100001	42.9
22200001	43
22300001	43.9
22400001	44
22500001	42
22600001	41.2
22700001	40.4
22800001	40.1
22900001	39.2
23000001	39.3
23100001	40.3
23200001	40.2
23300001	41
23400001	41.3
23500001	43.2
23600001	41.7
23700001	40
23800001	41.7
23900001	40.8
24000001	40.8
24100001	40.4
24200001	40.6
24300001	42
24400001	42.3
24500001	42
24600001	42.6
24700001	42.3
24800001	42.8
24900001	43.1
25000001	42.6
25100001	42.9
25200001	41.9
25300001	42.5
25400001	41.5
25500001	40.6
25600001	42.2
25700001	41.1
25800001	40.3
25900001	40.6
26000001	41.8
26100001	39.4
26200001	39.7
26300001	39.5
26400001	41.2
26500001	40.6
26600001	40.3
26700001	38.5
26800001	38.5
26900001	37.2
27000001	37.6
27100001	37.1
27200001	37.2
27300001	38.5
27400001	37.9
27500001	41
27600001	38.6
27700001	40.6
27800001	40
27900001	38.8
28000001	38.2
28100001	37.5
28200001	38.2
28300001	38.7
28400001	37.7
28500001	37.8
28600001	39.5
28700001	38.5
28800001	39.3
28900001	39
29000001	38.8
29100001	38.7
29200001	38.6
29300001	37.6
29400001	37.5
29500001	37.9
29600001	38.6
29700001	38.1
29800001	37.9
29900001	38.3
30000001	38.3
30100001	39.2
30200001	40.9
30300001	40.1
30400001	39.7
30500001	40.8
30600001	39.2
30700001	40.7
30800001	40
30900001	40.4
31000001	40.7
31100001	40.6
31200001	39.5
31300001	40
31400001	39.6
31500001	38.8
31600001	37.1
31700001	37.6
31800001	37.2
31900001	37.3
32000001	36.8
32100001	36.4
32200001	37.4
32300001	36.9
32400001	37.7
32500001	37.7
32600001	38.5
32700001	38.4
32800001	35.6
32900001	36.2
33000001	36.4
33100001	35.5
33200001	38.6
33300001	38.3
33400001	40.6
33500001	38.3
33600001	38.8
33700001	40.7
33800001	40.7
33900001	40.6
34000001	40.5
34100001	40.9
34200001	37.8
34300001	38.7
34400001	39.1
34500001	37.4
34600001	38.4
34700001	37.3
34800001	37
34900001	36.5
35000001	37.7
35100001	37.7
35200001	36.9
35300001	37
35400001	37.3
35500001	37.1
35600001	36.8
35700001	35.5
35800001	37.5
35900001	37.9
36000001	38.4
36100001	37.2
36200001	38.4
36300001	39.3
36400001	39.6
36500001	39.9
36600001	41.6
36700001	40.2
36800001	41.1
36900001	41.4
37000001	40.4
37100001	38.7
37200001	38.2
37300001	37.9
37400001	38.7
37500001	37.6
37600001	37.4
37700001	37.4
37800001	37.1
37900001	38.3
38000001	36.7
38100001	38.4
38200001	37.7
38300001	39.6
38400001	39.8
38500001	40.6
38600001	41.6
38700001	40.7
38800001	42.8
38900001	44.2
39000001	42.7
39100001	45.2
39200001	47.5
39300001	45.7
39400001	39.7
39500001	38.3
39600001	43.3
39700001	43.9
39800001	44.3
39900001	44.5
40000001	43.4
40100001	41.7
40200001	44.4
40300001	44.6
40400001	42.9
40500001	41.9
40600001	41.4
40700001	44.7
40800001	44.1
40900001	45.4
41000001	43.2
41100001	45
41200001	45.6
41300001	45.4
41400001	43.9
41500001	42.7
41600001	44.7
41700001	45.8
41800001	47.1
41900001	47.8
42000001	45.2
42100001	43.5
42200001	45
42300001	46.8
42400001	43.3
42500001	42.6
42600001	45.6
42700001	46.3
42800001	43.6
42900001	41.2
43000001	42.9
43100001	45
43200001	46.9
43300001	44.3
43400001	45.3
43500001	43.6
43600001	44.9
43700001	44.3
43800001	43.6
43900001	40.7
44000001	42.6
44100001	45.2
44200001	41
44300001	41.3
44400001	40.7
44500001	40.4
44600001	40.9
44700001	42.7
44800001	45.4
44900001	41.6
45000001	43.5
45100001	38
45200001	40.4
45300001	39
45400001	39.9
45500001	40.5
45600001	39
45700001	39.3
45800001	39.1
45900001	38.2
46000001	38.2
46100001	37.3
46200001	37.5
46300001	37.5
46400001	37.2
46500001	37.4
46600001	37.7
46700001	37.5
46800001	36.4
46900001	35.2
47000001	37
47100001	37.2
47200001	36.6
47300001	37.2
47400001	39.5
47500001	36
47600001	37.4
47700001	35.7
47800001	35.3
47900001	36.7
48000001	35.7
48100001	36.2
48200001	36.8
48300001	36.4
48400001	37.1
48500001	37.1
48600001	36.7
48700001	38.1
48800001	34.4
48900001	34.5
49000001	36.9
49100001	35.3
49200001	35.6
49300001	35.6
49400001	35.9
49500001	39
49600001	38.3
49700001	38.1
49800001	37.6
49900001	37.9
50000001	39
50100001	38.9
50200001	39.7
50300001	36.5
50400001	35.8
50500001	38.2
50600001	40.3
50700001	38.5
50800001	38.7
50900001	37.6
51000001	37.4
51100001	39.6
51200001	40.3
51300001	39.5
51400001	37.7
51500001	38.9
51600001	40.2
51700001	41.3
51800001	40.4
51900001	43.1
52000001	41.5
52100001	41.1
52200001	41.1
52300001	39.1
52400001	40
52500001	39.1
52600001	39
52700001	39.5
52800001	41
52900001	40.3
53000001	38.4
53100001	42.4
53200001	43.2
53300001	40.6
53400001	42.6
53500001	41
53600001	40.1
53700001	39.9
53800001	39.7
53900001	38.7
54000001	38.3
54100001	37.8
54200001	38.2
54300001	37.7
54400001	37.5
54500001	36.8
54600001	38.7
54700001	37.2
54800001	36.9
54900001	36.5
55000001	36.7
55100001	36.8
55200001	37.7
55300001	38.4
55400001	38.7
55500001	37.3
55600001	38.1
55700001	37.8
55800001	39.6
55900001	39.7
56000001	40.1
56100001	41
56200001	40.4
56300001	39.1
56400001	39.2
56500001	38.8
56600001	38.8
56700001	38.1
56800001	38.5
56900001	38.2
57000001	37.9
57100001	39.2
57200001	38.6
57300001	39.1
57400001	39.1
57500001	40.2
57600001	45.7
57700001	41.3
57800001	41.4
57900001	39.1
58000001	44
58100001	44.6
58200001	44.1
58300001	45
58400001	42.8
58500001	46.2
58600001	41.5
58700001	44.1
58800001	43.8
58900001	43.7
59000001	43.5
59100001	43.1
59200001	45.1
59300001	49.8
59400001	47.8
59500001	48.3
59600001	49.2
59700001	49.9
59800001	51.3
59900001	51.3
60000001	49.9
60100001	50.5
60200001	52.9
60300001	48.3
60400001	49.4
60500001	46.6
60600001	48.8
60700001	49.1
60800001	50.6
60900001	48.1
61000001	48.2
61100001	46.8
61200001	47.2
61300001	51.1
61400001	49.8
61500001	49.6
61600001	49.1
61700001	49.4
61800001	48
61900001	44.2
62000001	44.3
62100001	45.1
62200001	41.4
62300001	45
62400001	45.8
62500001	46.3
62600001	43.5
62700001	40.2
62800001	44.7
62900001	41.9
63000001	42.4
63100001	41.3
63200001	40.8
63300001	40
63400001	39.6
63500001	41.1
63600001	39.1
63700001	39.5
63800001	37.8
63900001	37.2
64000001	38
64100001	37.9
64200001	37.6
64300001	37.5
64400001	37.8
64500001	36.5
64600001	36.5
64700001	36.9
64800001	36.6
64900001	36.9
65000001	37.4
65100001	38
65200001	36.8
65300001	37.2
65400001	38.1
65500001	39.4
65600001	38.1
65700001	39.8
65800001	39.8
65900001	41.4
66000001	42.7
66100001	43.8
66200001	44.2
66300001	44.7
66400001	44
66500001	44.8
66600001	38.5
66700001	44.3
66800001	43.5
66900001	45.4
67000001	45.2
67100001	45
67200001	43.5
67300001	43.8
67400001	43.6
67500001	43.5
67600001	42.8
67700001	43
67800001	43
67900001	42.1
68000001	40.7
68100001	40.1
68200001	39.9
68300001	42.1
68400001	43
68500001	42.6
68600001	43.4
68700001	46
68800001	45.3
68900001	43.4
69000001	43.9
69100001	44.7
69200001	43.6
69300001	44.3
69400001	44.7
69500001	46.2
69600001	46.5
69700001	45.8
69800001	44.3
69900001	44.7
70000001	40.5
70100001	43.2
70200001	43.4
70300001	43.7
70400001	44.2
70500001	43.8
70600001	44.5
70700001	45
70800001	45.5
70900001	43.9
71000001	41.4
71100001	42
71200001	39.8
71300001	40
71400001	39.7
71500001	38.7
71600001	38
71700001	38.2
71800001	39.1
71900001	38.7
72000001	39.7
72100001	40
72200001	39.7
72300001	39
72400001	38.7
72500001	39.3
72600001	38.9
72700001	38.5
72800001	37.6
72900001	38.4
73000001	38.7
73100001	38.4
73200001	38.9
73300001	38.6
73400001	37.9
73500001	38.3
73600001	38.3
73700001	38.6
73800001	39.2
73900001	38.8
74000001	38.1
74100001	40.7
74200001	40.2
74300001	42.2
74400001	50.9
74500001	48.8
74600001	46.4
74700001	45.5
74800001	44.4
74900001	45.7
75000001	48
75100001	50.9
75200001	46.9
75300001	49.1
75400001	45.9
75500001	43
75600001	43.8
75700001	46.9
75800001	47.5
75900001	46.5
76000001	49.4
76100001	48.3
76200001	47
76300001	43.5
76400001	46.6
76500001	50.7
76600001	49.3
76700001	48.6
76800001	45.5
76900001	49.7
77000001	49.3
77100001	49.3
77200001	48.8
77300001	50.5
77400001	50.3
77500001	49
77600001	49.9
77700001	49.7
77800001	49.2
77900001	47.7
78000001	43.7
78100001	42.1
78200001	43.2
78300001	40.1
78400001	39
78500001	40.4
78600001	37.8
78700001	38.8
78800001	39.3
78900001	41.4
79000001	51
79100001	53.2
79200001	52.9
79300001	53.6
79400001	54.9
79500001	54.3
79600001	53.9
79700001	54.6
79800001	54.5
79900001	53
80000001	54
80100001	53.2
80200001	52.1
80300001	54.6
80400001	52
80500001	52.7
80600001	53.3
80700001	56.5
80800001	55.7
80900001	52.4
81000001	52.9
81100001	43.7
81200001	41.8
81300001	41.7
81400001	42.1
81500001	40.7
81600001	39.6
81700001	41.6
81800001	40.5
81900001	38
82000001	40.8
82100001	42.8
82200001	45.5
82300001	47
82400001	48.1
82500001	49.1
82600001	48.1
82700001	44.3
82800001	45.9
82900001	44.6
83000001	43.3
83100001	46.2
83200001	45.5
83300001	45
83400001	44.5
83500001	44.5
83600001	42.6
83700001	43.9
83800001	46.5
83900001	47.8
84000001	44.5
84100001	44.8
84200001	46.6
84300001	45.4
84400001	43.9
84500001	41.3
84600001	42.5
84700001	44.1
84800001	45.4
84900001	47.1
85000001	46.3
85100001	45.6
85200001	44.3
85300001	44.1
85400001	43.4
85500001	45.2
85600001	45.1
85700001	45.8
85800001	44.9
85900001	44.1
86000001	44.3
86100001	44.5
86200001	46.1
86300001	45.4
86400001	44.4
86500001	42.2
86600001	41
86700001	40.8
86800001	41.1
86900001	42.9
87000001	42.2
87100001	41.1
87200001	41.3
87300001	41.3
87400001	40.5
87500001	40
87600001	40.9
87700001	43.6
87800001	45.2
87900001	41.3
88000001	42.1
88100001	43.8
88200001	43.4
88300001	40.8
88400001	40.9
88500001	40.1
88600001	39.7
88700001	41.6
88800001	42.3
88900001	42.5
89000001	43
89100001	41.9
89200001	42.2
89300001	41
89400001	40.3
89500001	39.3
89600001	38.8
89700001	39.4
89800001	39.6
89900001	39.6
90000001	41.1
90100001	42.5
90200001	42.7
90300001	42.8
90400001	44
90500001	42.5
90600001	43.8
90700001	43.5
90800001	41.1
90900001	41
91000001	42.2
91100001	41
91200001	40.1
91300001	39.4
91400001	39.8
91500001	39
91600001	40.6
91700001	41.6
91800001	40.7
91900001	40.7
92000001	41.6
92100001	40.9
92200001	41.9
92300001	41.9
92400001	43
92500001	43.4
92600001	41
92700001	46.5
92800001	45.4
92900001	45.3
93000001	44.5
93100001	43.4
93200001	43.4
93300001	43.4
93400001	42.1
93500001	44
93600001	43.6
93700001	44.3
93800001	46.1
93900001	45.1
94000001	45.9
94100001	40.3
94200001	41.7
94300001	44.7
94400001	46.7
94500001	43.3
94600001	45.5
94700001	45.4
94800001	45
94900001	43.3
95000001	44.8
95100001	44.5
95200001	43.2
95300001	42.7
95400001	39.1
95500001	41.5
95600001	43.1
95700001	41.6
95800001	42
95900001	41.8
96000001	43.3
96100001	42.4
96200001	40.5
96300001	40.1
96400001	39.1
96500001	39.2
96600001	38.1
96700001	39.9
96800001	38.7
96900001	38.4
97000001	38.3
97100001	37.9
97200001	37.4
97300001	37.3
97400001	37.1
97500001	37.3
97600001	37.2
97700001	37.3
97800001	39.1
97900001	39
98000001	39.9
98100001	39.6
98200001	39.8
98300001	40.8
98400001	41.7
98500001	44.4
98600001	43.5
98700001	42.8
98800001	41.8
98900001	41.8
99000001	42
99100001	40.2
99200001	39.5
99300001	39.2
99400001	40.8
99500001	39.9
99600001	38.9
99700001	39.4
99800001	39.8
99900001	37.4
100000001	39
100100001	38.1
100200001	37.7
100300001	36.7
100400001	36.7
100500001	36.6
100600001	36.4
100700001	35.8
100800001	36.1
100900001	36.5
101000001	37.2
101100001	36.5
101200001	36.2
101300001	35.1
101400001	35
101500001	36.2
101600001	36.5
101700001	36.7
101800001	36.4
101900001	37
102000001	35.9
102100001	37.2
102200001	37.3
102300001	38.2
102400001	36.9
102500001	35
102600001	36.7
102700001	38.5
102800001	37.1
102900001	37.8
103000001	38.2
103100001	37.8
103200001	36.7
103300001	36.8
103400001	35.9
103500001	36.9
103600001	38.2
103700001	35.5
103800001	35.8
103900001	38
104000001	37.4
104100001	36.4
104200001	38.3
104300001	37.4
104400001	38.3
104500001	38.5
104600001	38.9
104700001	38.3
104800001	40.1
104900001	41.1
105000001	40.3
105100001	40.1
105200001	40
105300001	38.5
105400001	38
105500001	39.1
105600001	38.4
105700001	37.1
105800001	38.6
105900001	37.1
106000001	37.7
106100001	36.1
106200001	35.4
106300001	36
106400001	37.1
106500001	38.9
106600001	37.8
106700001	39.1
106800001	39.7
106900001	38.3
107000001	37.3
107100001	37.7
107200001	38.3
107300001	39.3
107400001	40.5
107500001	41.9
107600001	38.7
107700001	42.7
107800001	43.7
107900001	42.3
108000001	40.2
108100001	38.3
108200001	37.3
108300001	38
108400001	37.4
108500001	37.7
108600001	37
108700001	38.5
108800001	38
108900001	38.3
109000001	38.8
109100001	37.9
109200001	38.2
109300001	37.7
109400001	37.7
109500001	38.2
109600001	38.9
109700001	39.4
109800001	40.3
109900001	40.5
110000001	40.4
110100001	42.7
110200001	43.6
110300001	42.4
110400001	42.3
110500001	43.7
110600001	41.7
110700001	42.7
110800001	44.6
110900001	43.7
111000001	44
111100001	42.8
111200001	42.3
111300001	42.5
111400001	41.6
111500001	38.9
111600001	39.3
111700001	39
111800001	38.2
111900001	38.8
112000001	38.6
112100001	38.2
112200001	39.3
112300001	37.6
112400001	37.7
112500001	37
112600001	36.6
112700001	36.8
112800001	36.4
112900001	37
113000001	36.1
113100001	36.9
113200001	36.2
113300001	36.7
113400001	36.2
113500001	36.9
113600001	37.5
113700001	37.2
113800001	37.1
113900001	36.8
114000001	37.8
114100001	38.1
114200001	39.3
114300001	39.3
114400001	41.3
114500001	42.8
114600001	42.3
114700001	43.4
114800001	40.4
114900001	41.7
115000001	41.6
115100001	41.1
115200001	41.5
115300001	40
115400001	39.6
115500001	41.1
115600001	41.8
115700001	43.1
115800001	45.1
115900001	38.9
116000001	42.6
116100001	44
116200001	44.8
116300001	45.4
116400001	45.8
116500001	42.7
116600001	44.7
116700001	42.2
116800001	44.8
116900001	44.8
117000001	45.7
117100001	45.4
117200001	44.1
117300001	44.3
117400001	45.1
117500001	45.4
117600001	44.3
117700001	44.1
117800001	41.8
117900001	42.9
118000001	43.1
118100001	44
118200001	43.3
118300001	44.1
118400001	45.3
118500001	45
118600001	43.1
118700001	42.4
118800001	43.1
118900001	42.7
119000001	43.2
119100001	43.2
119200001	43.3
119300001	43
119400001	43.6
119500001	45.2
119600001	44
119700001	43.4
119800001	44.3
119900001	44.2
120000001	43.8
120100001	44.5
120200001	43.3
120300001	42.7
120400001	43.4
120500001	43.5
120600001	44.8
120700001	45.3
120800001	48.8
120900001	46.4
121000001	46
121100001	45.3
121200001	44.8
121300001	44
121400001	44.9
121500001	41.7
121600001	41.6
121700001	41.3
121800001	41.1
121900001	42.1
122000001	42.5
122100001	44.5
122200001	46.1
122300001	46.2
122400001	43
122500001	41.4
122600001	41.4
122700001	41.1
122800001	39.5
122900001	39.4
123000001	39.2
123100001	38.8
123200001	40.4
123300001	39.2
123400001	37.2
123500001	37.4
123600001	37.5
123700001	37.5
123800001	36.4
123900001	37
124000001	38
124100001	37.9
124200001	37.5
124300001	38.8
124400001	38
124500001	39.3
124600001	39
124700001	40.8
124800001	40.1
124900001	39.9
125000001	40.6
125100001	41
125200001	42.3
125300001	41.8
125400001	43.5
125500001	41.6
125600001	42
125700001	42.5
125800001	41.8
125900001	42.3
126000001	43.2
126100001	43.8
126200001	44.2
126300001	46.6
126400001	50.9
126500001	48.7
126600001	51.1
126700001	50.8
126800001	43.4
126900001	51.8
127000001	51
127100001	49.1
127200001	44
127300001	45.4
127400001	44.5
127500001	45.8
127600001	47.3
127700001	46
127800001	48.9
127900001	48
128000001	46.9
128100001	45.9
128200001	43.9
128300001	47.7
128400001	42.2
128500001	38.9
128600001	39.1
128700001	37.8
128800001	39
128900001	36.3
129000001	36.7
129100001	36.9
129200001	36.9
129300001	36.9
129400001	38.5
129500001	37.6
129600001	37.5
129700001	38.5
129800001	37.7
