variableStep chrom=chr13 span=100000
1	0
100001	0
200001	0
300001	0
400001	0
500001	0
600001	0
700001	0
800001	0
900001	0
1000001	0
1100001	0
1200001	0
1300001	0
1400001	0
1500001	0
1600001	0
1700001	0
1800001	0
1900001	0
2000001	0
2100001	0
2200001	0
2300001	0
2400001	0
2500001	0
2600001	0
2700001	0
2800001	0
2900001	0
3000001	42.1
3100001	42.8
3200001	41.3
3300001	42.5
3400001	41
3500001	40.5
3600001	43.3
3700001	43.1
3800001	44.3
3900001	42
4000001	39.5
4100001	38.3
4200001	38.4
4300001	40.1
4400001	38.7
4500001	38.6
4600001	39.5
4700001	37.2
4800001	37.9
4900001	38.1
5000001	38
5100001	38.6
5200001	37.9
5300001	37.8
5400001	37.9
5500001	37.2
5600001	38.3
5700001	39.3
5800001	40.9
5900001	39.1
6000001	39.5
6100001	39.5
6200001	39.3
6300001	39.5
6400001	40.8
6500001	43.5
6600001	45
6700001	41.2
6800001	40.8
6900001	39.9
7000001	39.6
7100001	38.6
7200001	38.3
7300001	38
7400001	38.8
7500001	38.1
7600001	38
7700001	37.5
7800001	37.6
7900001	38.7
8000001	38.1
8100001	38.9
8200001	39.7
8300001	40.3
8400001	40.6
8500001	41.5
8600001	42.5
8700001	43.1
8800001	41.3
8900001	42.6
9000001	42.7
9100001	43.3
9200001	42.8
9300001	40.2
9400001	40.6
9500001	39.5
9600001	42
9700001	41.3
9800001	43.4
9900001	41.1
10000001	40.7
10100001	40.2
10200001	39.4
10300001	39.7
10400001	39.3
10500001	39.6
10600001	38.8
10700001	38.9
10800001	39.2
10900001	39.8
11000001	38.9
11100001	39.4
11200001	39.9
11300001	39.9
11400001	40
11500001	41
11600001	42.1
11700001	39.7
11800001	41.5
11900001	40.8
12000001	42.1
12100001	45.3
12200001	44.1
12300001	44.5
12400001	43.4
12500001	45.4
12600001	43.3
12700001	46.5
12800001	38.8
12900001	37.6
13000001	38.4
13100001	38.1
13200001	37.4
13300001	38.6
13400001	44.5
13500001	45.2
13600001	44
13700001	38
13800001	42.7
13900001	42.2
14000001	42.2
14100001	41.3
14200001	38.2
14300001	39.8
14400001	39.1
14500001	39.5
14600001	40
14700001	40.1
14800001	39.1
14900001	39.3
15000001	38.2
15100001	38.9
15200001	39.6
15300001	39.7
15400001	39.9
15500001	41.6
15600001	42.2
15700001	40.4
15800001	41.4
15900001	39.7
16000001	39.5
16100001	39.9
16200001	38.4
16300001	38.8
16400001	39.2
16500001	38.8
16600001	38
16700001	38.6
16800001	39.5
16900001	38.9
17000001	38
17100001	38.8
17200001	38.8
17300001	38.3
17400001	38.5
17500001	38.4
17600001	38.7
17700001	39.6
17800001	37.2
17900001	42.5
18000001	40.9
18100001	41.1
18200001	41.7
18300001	40.3
18400001	39.9
18500001	38.7
18600001	38.5
18700001	39.1
18800001	40.3
18900001	41.6
19000001	40.2
19100001	40.3
19200001	40.5
19300001	40.2
19400001	41.2
19500001	40.1
19600001	40.2
19700001	40.6
19800001	39.4
19900001	39.6
20000001	40.6
20100001	42.1
20200001	43.9
20300001	42.2
20400001	42.3
20500001	41.7
20600001	42.6
20700001	42.2
20800001	40.8
20900001	40.9
21000001	40.4
21100001	39.9
21200001	41.6
21300001	42.9
21400001	42.3
21500001	42.4
21600001	39.1
21700001	39.7
21800001	42.6
21900001	43.7
22000001	42.3
22100001	41.6
22200001	40.6
22300001	40.5
22400001	40.7
22500001	40.2
22600001	40.3
22700001	39.9
22800001	40.1
22900001	39.4
23000001	40.6
23100001	39.8
23200001	40.5
23300001	41
23400001	41.1
23500001	43.2
23600001	41.8
23700001	41.7
23800001	42.6
23900001	41.3
24000001	43.4
24100001	43.4
24200001	44
24300001	45.4
24400001	42.8
24500001	43.2
24600001	44.6
24700001	45.1
24800001	44.1
24900001	44
25000001	45.6
25100001	43.8
25200001	43.6
25300001	41.5
25400001	41.4
25500001	39.7
25600001	38.4
25700001	38.7
25800001	39.4
25900001	38.7
26000001	37.8
26100001	37.5
26200001	37.8
26300001	37.6
26400001	38.4
26500001	38.5
26600001	38.6
26700001	38.4
26800001	37.7
26900001	38.2
27000001	38.3
27100001	36.2
27200001	37
27300001	36.8
27400001	36.8
27500001	37.6
27600001	36.7
27700001	36.7
27800001	37.1
27900001	37.9
28000001	38.3
28100001	37.8
28200001	39.2
28300001	39.1
28400001	39.7
28500001	40.9
28600001	41.2
28700001	42.7
28800001	43
28900001	44.2
29000001	43.8
29100001	43.5
29200001	43.5
29300001	43.3
29400001	42.7
29500001	41.5
29600001	41.5
29700001	40.9
29800001	41.8
29900001	41.7
30000001	45.3
30100001	43.2
30200001	43.7
30300001	43.3
30400001	41.9
30500001	40.6
30600001	42.4
30700001	42.9
30800001	45.9
30900001	41.9
31000001	40.7
31100001	40.7
31200001	41.6
31300001	42.9
31400001	44.7
31500001	43
31600001	43.7
31700001	45.6
31800001	45.5
31900001	43.3
32000001	39.9
32100001	39
32200001	37.9
32300001	38.1
32400001	41.2
32500001	42.6
32600001	41
32700001	43.2
32800001	41.3
32900001	42.1
33000001	42.3
33100001	42
33200001	40.5
33300001	39.1
33400001	39
33500001	39.4
33600001	40.9
33700001	40.3
33800001	40.3
33900001	41.8
34000001	41.7
34100001	44
34200001	45.8
34300001	44.9
34400001	43.9
34500001	42.8
34600001	42.3
34700001	44.6
34800001	43.7
34900001	41.8
35000001	42.7
35100001	42.4
35200001	41.9
35300001	41.7
35400001	40.8
35500001	42.1
35600001	41.9
35700001	41.8
35800001	43.3
35900001	44.7
36000001	44.6
36100001	41.5
36200001	41.5
36300001	40.9
36400001	41.3
36500001	43.5
36600001	45.5
36700001	42.3
36800001	42.2
36900001	41.2
37000001	41.6
37100001	42.3
37200001	41
37300001	41.3
37400001	43.1
37500001	45.9
37600001	46.2
37700001	46
37800001	44.6
37900001	45
38000001	46.6
38100001	43.8
38200001	44.9
38300001	44.4
38400001	44.5
38500001	45.2
38600001	44.8
38700001	43.9
38800001	42.9
38900001	42.2
39000001	42
39100001	40.3
39200001	40.4
39300001	39.7
39400001	40.5
39500001	40.6
39600001	40.8
39700001	38.8
39800001	40.6
39900001	38.9
40000001	39.5
40100001	39.2
40200001	39.5
40300001	41
40400001	40.6
40500001	43.2
40600001	42.6
40700001	43.8
40800001	44.8
40900001	44.4
41000001	44.7
41100001	44.5
41200001	44
41300001	44.4
41400001	43.7
41500001	44.3
41600001	41.9
41700001	44
41800001	43.9
41900001	43
42000001	41.2
42100001	44.2
42200001	42.7
42300001	42.6
42400001	42.2
42500001	40.8
42600001	41.6
42700001	40.9
42800001	42
42900001	44.5
43000001	43.9
43100001	44.2
43200001	46.9
43300001	47.4
43400001	45.2
43500001	41.3
43600001	45.5
43700001	43.6
43800001	45.3
43900001	45.1
44000001	44.8
44100001	44.3
44200001	44.7
44300001	45.6
44400001	45.2
44500001	45
44600001	45.2
44700001	45.1
44800001	43
44900001	41.2
45000001	44.4
45100001	43.9
45200001	43.1
45300001	44.1
45400001	44.2
45500001	44.1
45600001	46.9
45700001	44.7
45800001	44.1
45900001	43.8
46000001	44.4
46100001	44
46200001	43.1
46300001	43.6
46400001	42.5
46500001	43.4
46600001	44.6
46700001	42.8
46800001	43.5
46900001	45.5
47000001	46
47100001	44.1
47200001	45.6
47300001	45.1
47400001	42.8
47500001	42.6
47600001	41.5
47700001	41.3
47800001	41
47900001	41.5
48000001	42.3
48100001	42.1
48200001	43.3
48300001	43.6
48400001	43.7
48500001	44.3
48600001	43.7
48700001	47.2
48800001	48.9
48900001	48.8
49000001	44.3
49100001	48.9
49200001	50.4
49300001	49.1
49400001	48.4
49500001	44.1
49600001	38.1
49700001	39.9
49800001	45.9
49900001	43.7
50000001	42.3
50100001	43.4
50200001	43.1
50300001	42.8
50400001	43.3
50500001	43.9
50600001	42.7
50700001	43.2
50800001	43.9
50900001	42.2
51000001	43.7
51100001	46.4
51200001	45.1
51300001	46.5
51400001	46.3
51500001	46.2
51600001	45.3
51700001	46.4
51800001	50.1
51900001	48.7
52000001	49.3
52100001	48.7
52200001	47.1
52300001	45.3
52400001	44.4
52500001	44.9
52600001	45.8
52700001	47.4
52800001	46.8
52900001	48.8
53000001	47.4
53100001	46
53200001	48.4
53300001	47.7
53400001	46
53500001	46.2
53600001	45.6
53700001	45.2
53800001	45.5
53900001	44.3
54000001	43.3
54100001	44.2
54200001	46.7
54300001	48.2
54400001	49.8
54500001	46
54600001	45.3
54700001	47.1
54800001	51.2
54900001	49.5
55000001	51.5
55100001	43.5
55200001	47.2
55300001	41.4
55400001	48.4
55500001	51.7
55600001	49.1
55700001	46
55800001	45.9
55900001	50.4
56000001	48.6
56100001	48.2
56200001	48.9
56300001	48.6
56400001	48.6
56500001	47.9
56600001	45.5
56700001	48.7
56800001	47.6
56900001	46.7
57000001	44.1
57100001	45
57200001	44.5
57300001	44.7
57400001	44.3
57500001	44.8
57600001	46.8
57700001	45.7
57800001	47
57900001	45.3
58000001	47.1
58100001	48.3
58200001	45.9
58300001	43.5
58400001	44
58500001	45
58600001	45.8
58700001	46.2
58800001	44.5
58900001	44.6
59000001	45.3
59100001	45.3
59200001	44.6
59300001	45.5
59400001	45.6
59500001	45.1
59600001	43.7
59700001	45.7
59800001	48
59900001	45
60000001	45.5
60100001	46.6
60200001	45.2
60300001	44.7
60400001	43.9
60500001	45.4
60600001	44.1
60700001	46.8
60800001	45.6
60900001	41.1
61000001	40.1
61100001	38.7
61200001	39.3
61300001	38.2
61400001	38.9
61500001	39
61600001	39.7
61700001	40.3
61800001	40.4
61900001	40.8
62000001	40.5
62100001	41.5
62200001	40.6
62300001	40.9
62400001	40.9
62500001	41.1
62600001	41.5
62700001	40.9
62800001	40.4
62900001	44.9
63000001	43.2
63100001	42.4
63200001	45.2
63300001	45.7
63400001	44.6
63500001	42.4
63600001	46.2
63700001	43.8
63800001	43.1
63900001	37.5
64000001	45.4
64100001	44.3
64200001	43.7
64300001	43.4
64400001	43.2
64500001	43.4
64600001	40.8
64700001	40.2
64800001	38.3
64900001	39
65000001	40.1
65100001	40
65200001	38.4
65300001	42
65400001	40.1
65500001	40.1
65600001	40.4
65700001	40.8
65800001	39.6
65900001	40.6
66000001	39.7
66100001	41.8
66200001	39.9
66300001	40.8
66400001	40
66500001	40.9
66600001	40
66700001	39.1
66800001	41.2
66900001	39.7
67000001	41.4
67100001	40
67200001	40.9
67300001	40.7
67400001	40.6
67500001	40.7
67600001	39.8
67700001	40.8
67800001	40.7
67900001	43.7
68000001	43.7
68100001	43.3
68200001	43.5
68300001	43.8
68400001	43
68500001	44.2
68600001	42.1
68700001	45.2
68800001	41.4
68900001	42
69000001	41.4
69100001	42.1
69200001	41.1
69300001	42.1
69400001	42.4
69500001	44.7
69600001	47.6
69700001	45.7
69800001	46.7
69900001	46
70000001	43.9
70100001	44.1
70200001	43
70300001	43.4
70400001	43.3
70500001	42.6
70600001	43.4
70700001	45.7
70800001	44.5
70900001	42.7
71000001	42.1
71100001	43
71200001	43.2
71300001	42.4
71400001	41.3
71500001	42.4
71600001	42
71700001	42.6
71800001	42.2
71900001	41.8
72000001	44
72100001	43
72200001	44.5
72300001	42.6
72400001	43.3
72500001	44.3
72600001	43
72700001	44.7
72800001	45
72900001	44.3
73000001	43.6
73100001	44
73200001	44.6
73300001	44.8
73400001	47.6
73500001	45.9
73600001	46.7
73700001	46.9
73800001	47.8
73900001	49.8
74000001	45.3
74100001	45.5
74200001	45.3
74300001	42.8
74400001	42.1
74500001	40.8
74600001	41.5
74700001	41.4
74800001	39.2
74900001	40
75000001	38.5
75100001	38.5
75200001	38.3
75300001	40.3
75400001	38.2
75500001	39.2
75600001	39.8
75700001	39.1
75800001	40.1
75900001	42.5
76000001	41.3
76100001	40.6
76200001	39.1
76300001	39.8
76400001	39.4
76500001	40
76600001	39.6
76700001	38.7
76800001	38.1
76900001	37.5
77000001	38.7
77100001	39.7
77200001	36.5
77300001	37.8
77400001	38.2
77500001	38.5
77600001	38.1
77700001	41.3
77800001	40.4
77900001	38.1
78000001	37.1
78100001	38.4
78200001	39.4
78300001	42.6
78400001	39.3
78500001	39.1
78600001	38.9
78700001	38.2
78800001	38.5
78900001	37
79000001	37
79100001	37.1
79200001	37.1
79300001	36.6
79400001	36.3
79500001	36.4
79600001	38.8
79700001	37.8
79800001	37.7
79900001	37
80000001	36.6
80100001	36.5
80200001	36.9
80300001	36.3
80400001	37.6
80500001	36.6
80600001	37.5
80700001	37
80800001	39.3
80900001	38.8
81000001	40.9
81100001	40.9
81200001	41.4
81300001	40
81400001	39.4
81500001	40.2
81600001	39.8
81700001	39.9
81800001	41.4
81900001	39.5
82000001	39.4
82100001	39
82200001	39.2
82300001	38.5
82400001	38
82500001	37.4
82600001	37.1
82700001	36
82800001	36.3
82900001	37.1
83000001	36
83100001	37.4
83200001	37.7
83300001	37.2
83400001	37.2
83500001	37.9
83600001	36.9
83700001	38
83800001	40.6
83900001	39
84000001	38.3
84100001	37.8
84200001	38.2
84300001	38.3
84400001	39.1
84500001	40
84600001	38.5
84700001	37.2
84800001	37.1
84900001	37.8
85000001	37.6
85100001	38.2
85200001	38.4
85300001	36
85400001	38.1
85500001	39
85600001	39
85700001	38.6
85800001	37.3
85900001	37.4
86000001	37.3
86100001	37.2
86200001	37
86300001	38.5
86400001	38
86500001	36.8
86600001	37.1
86700001	37
86800001	38
86900001	36.8
87000001	36.1
87100001	36.4
87200001	37.3
87300001	36.6
87400001	37.5
87500001	36.9
87600001	37.3
87700001	37.4
87800001	36.6
87900001	36
88000001	35.8
88100001	36.5
88200001	36
88300001	35.9
88400001	36.3
88500001	36.3
88600001	37.6
88700001	37.1
88800001	36.3
88900001	36.7
89000001	35.1
89100001	36.6
89200001	35.8
89300001	36.7
89400001	35.8
89500001	37.6
89600001	37.4
89700001	38.5
89800001	38.9
89900001	38.4
90000001	36.8
90100001	37.1
90200001	38.1
90300001	38.4
90400001	38.5
90500001	39.4
90600001	38.1
90700001	38.6
90800001	39.9
90900001	41
91000001	42.2
91100001	40.2
91200001	39.9
91300001	42.5
91400001	41.4
91500001	42.1
91600001	40.3
91700001	39.1
91800001	40.2
91900001	41.8
92000001	43.1
92100001	41
92200001	0
92300001	0
92400001	0
92500001	0
92600001	0
92700001	0
92800001	41.1
92900001	42.4
93000001	42.4
93100001	43.4
93200001	40.9
93300001	43.5
93400001	44.9
93500001	45
93600001	43.1
93700001	43.3
93800001	43.1
93900001	39.7
94000001	40.7
94100001	38.7
94200001	41.7
94300001	44
94400001	44.3
94500001	43.3
94600001	44.5
94700001	44.8
94800001	45.2
94900001	46.1
95000001	44.1
95100001	42.2
95200001	42.1
95300001	44
95400001	44.5
95500001	41.5
95600001	44.1
95700001	42.4
95800001	45.1
95900001	43.6
96000001	44.1
96100001	44.4
96200001	45.4
96300001	45.4
96400001	43.5
96500001	44.2
96600001	44.9
96700001	45.5
96800001	42
96900001	42
97000001	40.7
97100001	42.1
97200001	42.2
97300001	38.8
97400001	42.3
97500001	39.4
97600001	40.3
97700001	44.7
97800001	43
97900001	43.4
98000001	45.8
98100001	44.6
98200001	45.4
98300001	44.2
98400001	44.2
98500001	43.7
98600001	43.6
98700001	44.3
98800001	44
98900001	44.6
99000001	43.8
99100001	45.1
99200001	44.9
99300001	45.8
99400001	45.6
99500001	39.3
99600001	41.6
99700001	44.5
99800001	45.5
99900001	45.1
100000001	45
100100001	45.1
100200001	45.4
100300001	44.2
100400001	44.4
100500001	44.2
100600001	43.7
100700001	43.5
100800001	40.7
100900001	42.5
101000001	42.5
101100001	42.5
101200001	41.6
101300001	44
101400001	42.9
101500001	43.4
101600001	43.2
101700001	42.3
101800001	41.3
101900001	41.1
102000001	41.1
102100001	40.7
102200001	41.2
102300001	42.2
102400001	42.2
102500001	42.4
102600001	41.6
102700001	40.5
102800001	40.5
102900001	39.3
103000001	39.2
103100001	40.2
103200001	40.6
103300001	42.8
103400001	43.8
103500001	43.5
103600001	43.1
103700001	42.2
103800001	42.8
103900001	43.4
104000001	43
104100001	43.4
104200001	41.7
104300001	42.8
104400001	44
104500001	42.4
104600001	37.2
104700001	43.4
104800001	44
104900001	39.8
105000001	36.6
105100001	35.9
105200001	38.6
105300001	43.2
105400001	40.8
105500001	38.2
105600001	41.5
105700001	41.7
105800001	39.9
105900001	40.5
106000001	41.3
106100001	39.3
106200001	38.6
106300001	37.7
106400001	38.6
106500001	38
106600001	36.4
106700001	37.4
106800001	37
106900001	38
107000001	39
107100001	39.2
107200001	39.5
107300001	40.3
107400001	40.9
107500001	43.4
107600001	39.5
107700001	39.8
107800001	42.4
107900001	43
108000001	42.2
108100001	41.2
108200001	42.6
108300001	42.5
108400001	46.4
108500001	42.7
108600001	43.8
108700001	44.6
108800001	42.6
108900001	41.3
109000001	42.7
109100001	43.8
109200001	41
109300001	39.9
109400001	40.3
109500001	39.5
109600001	39.2
109700001	38.2
109800001	38.2
109900001	39.3
110000001	40.8
110100001	39.7
110200001	39.9
110300001	39.6
110400001	41.2
110500001	41.2
110600001	41.6
110700001	42.3
110800001	42.9
110900001	40.4
111000001	39.9
111100001	42.1
111200001	40.8
111300001	40
111400001	40.3
111500001	39.2
111600001	39.8
111700001	39.3
111800001	40.5
111900001	40.4
112000001	43.2
112100001	43
112200001	39.7
112300001	44.8
112400001	43.9
112500001	46
112600001	43.4
112700001	44.5
112800001	44.6
112900001	44.9
113000001	44.7
113100001	44.3
113200001	43.4
113300001	43
113400001	40.6
113500001	44.2
113600001	42.3
113700001	44.1
113800001	43.3
113900001	42.7
114000001	43.4
114100001	43.9
114200001	43
114300001	44.8
114400001	44.6
114500001	43.2
114600001	43.8
114700001	41.5
114800001	42.9
114900001	43.5
115000001	41.9
115100001	40.2
115200001	41.6
115300001	41
115400001	40
115500001	40.6
115600001	41
115700001	40.8
115800001	41.3
115900001	39.6
116000001	38
116100001	37.1
116200001	37.1
116300001	36.7
116400001	37
116500001	37
116600001	37.7
116700001	37.6
116800001	37.4
116900001	37.2
117000001	39.8
117100001	38.4
117200001	37.9
117300001	37.8
117400001	38.8
117500001	39.1
117600001	39.4
117700001	41.1
117800001	41.1
117900001	41.7
118000001	42
118100001	38.7
118200001	38.6
118300001	37.6
118400001	36.7
118500001	35.8
118600001	36
118700001	36.6
118800001	38.5
118900001	37.2
119000001	37.6
119100001	38.4
119200001	37.6
119300001	37.6
119400001	37.3
119500001	36.9
119600001	38.4
119700001	38.1
119800001	37.9
119900001	39.9
120000001	39.5
120100001	40.8
