variableStep chrom=chr4 span=100000
1	0
100001	0
200001	0
300001	0
400001	0
500001	0
600001	0
700001	0
800001	0
900001	0
1000001	0
1100001	0
1200001	0
1300001	0
1400001	0
1500001	0
1600001	0
1700001	0
1800001	0
1900001	0
2000001	0
2100001	0
2200001	0
2300001	0
2400001	0
2500001	0
2600001	0
2700001	0
2800001	0
2900001	0
3000001	39.6
3100001	42.1
3200001	43.4
3300001	43
3400001	40.9
3500001	41.1
3600001	42.7
3700001	42.6
3800001	39.7
3900001	40.6
4000001	41
4100001	40.2
4200001	39.1
4300001	38.8
4400001	38.1
4500001	39.6
4600001	39.3
4700001	39.8
4800001	40.5
4900001	39.3
5000001	40.1
5100001	39.9
5200001	40
5300001	38.9
5400001	38.3
5500001	40.9
5600001	42.2
5700001	41.4
5800001	40
5900001	39.4
6000001	39.4
6100001	40.5
6200001	40.8
6300001	41.9
6400001	40.6
6500001	40
6600001	39.8
6700001	39.2
6800001	39.1
6900001	38.9
7000001	39.6
7100001	39.1
7200001	38.3
7300001	38
7400001	37.4
7500001	37.9
7600001	37.8
7700001	39
7800001	39.3
7900001	39.4
8000001	41.1
8100001	41.3
8200001	41.8
8300001	42.3
8400001	42.3
8500001	42.1
8600001	46
8700001	45
8800001	45.3
8900001	44.8
9000001	44.5
9100001	42.6
9200001	40.5
9300001	41.4
9400001	42
9500001	42.4
9600001	41.2
9700001	44.1
9800001	41.2
9900001	41
10000001	39.9
10100001	40.3
10200001	40
10300001	40.3
10400001	39.6
10500001	39.8
10600001	42
10700001	42.5
10800001	44.8
10900001	44.7
11000001	44.1
11100001	40.8
11200001	42.2
11300001	43.5
11400001	41.6
11500001	42.6
11600001	44.3
11700001	42.5
11800001	42.2
11900001	42.1
12000001	40.4
12100001	41.4
12200001	40.5
12300001	41.5
12400001	41.3
12500001	39.2
12600001	39
12700001	38.5
12800001	37.7
12900001	38.3
13000001	37.7
13100001	38.8
13200001	39.7
13300001	39.3
13400001	38
13500001	39.1
13600001	41.1
13700001	40.5
13800001	39.2
13900001	38.7
14000001	38.1
14100001	39.1
14200001	39
14300001	38.4
14400001	39.4
14500001	39.8
14600001	39.2
14700001	40.7
14800001	39.8
14900001	39.5
15000001	39.3
15100001	41.1
15200001	40.7
15300001	39.4
15400001	38.2
15500001	38.7
15600001	39
15700001	39.3
15800001	40.1
15900001	40.6
16000001	40.3
16100001	39.8
16200001	39.7
16300001	37.9
16400001	37.4
16500001	37.7
16600001	37.4
16700001	37.8
16800001	36.9
16900001	37.5
17000001	36.9
17100001	35.7
17200001	37.6
17300001	37.7
17400001	35.8
17500001	36.7
17600001	37.6
17700001	37.9
17800001	36.1
17900001	36
18000001	35.9
18100001	37.4
18200001	37.5
18300001	37
18400001	38.2
18500001	36.3
18600001	36.6
18700001	35.9
18800001	36.5
18900001	37.6
19000001	38.2
19100001	38.3
19200001	38.3
19300001	38
19400001	39.6
19500001	37.7
19600001	39.9
19700001	39.7
19800001	39.9
19900001	40.4
20000001	39.8
20100001	39.2
20200001	38.6
20300001	39
20400001	37.6
20500001	37.1
20600001	36.8
20700001	39.7
20800001	38.3
20900001	38.9
21000001	39.2
21100001	39.7
21200001	39.4
21300001	40.1
21400001	39.1
21500001	41.7
21600001	42.5
21700001	40.3
21800001	42.3
21900001	42.6
22000001	41.6
22100001	40.6
22200001	40.1
22300001	39.6
22400001	41.2
22500001	39.1
22600001	39.1
22700001	37.9
22800001	38
22900001	37.2
23000001	38.4
23100001	37.9
23200001	37.4
23300001	37
23400001	37.6
23500001	37.5
23600001	35.4
23700001	36.4
23800001	37.1
23900001	37.1
24000001	38.5
24100001	38
24200001	39.3
24300001	39.1
24400001	37.7
24500001	40.8
24600001	40
24700001	40.8
24800001	40.8
24900001	40.2
25000001	39.9
25100001	38.8
25200001	39.1
25300001	39.3
25400001	39
25500001	37.6
25600001	37.2
25700001	37.7
25800001	38.5
25900001	38
26000001	38.6
26100001	37.9
26200001	38.3
26300001	37.6
26400001	37
26500001	37.4
26600001	36.5
26700001	36
26800001	35.8
26900001	36.9
27000001	35.9
27100001	35.8
27200001	36.9
27300001	36.2
27400001	36.1
27500001	35.8
27600001	37
27700001	36.1
27800001	35.9
27900001	37
28000001	36.1
28100001	35
28200001	35.8
28300001	38
28400001	36.7
28500001	37.9
28600001	37.8
28700001	37.2
28800001	35.8
28900001	38.5
29000001	37.7
29100001	38.5
29200001	36.9
29300001	37.4
29400001	36.8
29500001	36.4
29600001	37.2
29700001	35.9
29800001	35.8
29900001	36.4
30000001	36.4
30100001	37.7
30200001	37.6
30300001	36.3
30400001	36.6
30500001	37.5
30600001	37.8
30700001	37.4
30800001	37.8
30900001	38.3
31000001	37.4
31100001	39.1
31200001	39.1
31300001	40.2
31400001	39.9
31500001	38.4
31600001	41
31700001	42.2
31800001	42
31900001	41.3
32000001	40.6
32100001	43.5
32200001	44.8
32300001	45
32400001	44.4
32500001	42.9
32600001	44.7
32700001	40.8
32800001	43.9
32900001	46.8
33000001	45.5
33100001	45
33200001	44.5
33300001	43.9
33400001	38.8
33500001	40
33600001	44.6
33700001	43.1
33800001	41.3
33900001	40.4
34000001	41
34100001	39.1
34200001	41.4
34300001	41.6
34400001	42.6
34500001	39.6
34600001	42.2
34700001	40.3
34800001	42.1
34900001	44.5
35000001	44.3
35100001	42.1
35200001	41.3
35300001	42.1
35400001	39.5
35500001	39.6
35600001	38.3
35700001	38.5
35800001	38.3
35900001	37.2
36000001	36.8
36100001	36.7
36200001	37.8
36300001	36.3
36400001	36.6
36500001	36.3
36600001	36
36700001	36
36800001	36.8
36900001	37
37000001	36
37100001	37.8
37200001	36.7
37300001	36.3
37400001	36.5
37500001	37.4
37600001	36.1
37700001	35.8
37800001	36.2
37900001	37.3
38000001	36.9
38100001	37
38200001	35.9
38300001	36.4
38400001	36.2
38500001	37.6
38600001	36.4
38700001	36.3
38800001	39.2
38900001	37
39000001	37.4
39100001	37.5
39200001	37.9
39300001	39.6
39400001	37.9
39500001	38.7
39600001	39.4
39700001	39.2
39800001	39.8
39900001	41.5
40000001	42.8
40100001	44.6
40200001	43.2
40300001	43.2
40400001	43.3
40500001	43.1
40600001	44.3
40700001	45.8
40800001	46.6
40900001	45.3
41000001	47.6
41100001	43.3
41200001	44.3
41300001	42.8
41400001	47
41500001	48.2
41600001	51.8
41700001	49
41800001	45.9
41900001	47.1
42000001	48.6
42100001	45.2
42200001	47.1
42300001	48.9
42400001	47.2
42500001	46.2
42600001	49.1
42700001	46.9
42800001	45.3
42900001	46.7
43000001	46.1
43100001	40.9
43200001	43.4
43300001	44.5
43400001	49.1
43500001	50.8
43600001	47.4
43700001	47
43800001	44.4
43900001	46.1
44000001	45.5
44100001	43.6
44200001	44.2
44300001	43.8
44400001	47.2
44500001	49.4
44600001	48.6
44700001	42.7
44800001	36.4
44900001	44.6
45000001	48
45100001	45.3
45200001	46.9
45300001	42
45400001	50.2
45500001	48.6
45600001	46.7
45700001	48.4
45800001	48.6
45900001	47.6
46000001	46.7
46100001	46.1
46200001	46.4
46300001	47.2
46400001	46
46500001	48.8
46600001	50.4
46700001	49.6
46800001	49.2
46900001	48.1
47000001	49.7
47100001	47.5
47200001	48.4
47300001	43.8
47400001	44
47500001	44.5
47600001	44.9
47700001	42.5
47800001	43
47900001	42
48000001	44.4
48100001	41.7
48200001	39.5
48300001	39.1
48400001	41.9
48500001	43.8
48600001	44
48700001	42.8
48800001	40.8
48900001	40.3
49000001	40.7
49100001	40.3
49200001	40.3
49300001	40.5
49400001	41.2
49500001	42
49600001	42.1
49700001	39.6
49800001	39.5
49900001	37.8
50000001	38.4
50100001	37.3
50200001	36.9
50300001	38.4
50400001	37.2
50500001	37.5
50600001	36.6
50700001	37.1
50800001	36.6
50900001	36.4
51000001	37.4
51100001	37.9
51200001	35.7
51300001	37.8
51400001	35.8
51500001	36.9
51600001	37.5
51700001	36.9
51800001	37.8
51900001	37.8
52000001	38.7
52100001	37.4
52200001	38.6
52300001	39.4
52400001	39
52500001	39.6
52600001	39.8
52700001	39.4
52800001	38.8
52900001	39.3
53000001	42.5
53100001	44.5
53200001	44
53300001	43.6
53400001	43.3
53500001	40.7
53600001	42.5
53700001	41.3
53800001	42.6
53900001	44.1
54000001	42.2
54100001	40.3
54200001	39.9
54300001	40.4
54400001	40.2
54500001	40
54600001	41.7
54700001	41.2
54800001	41.9
54900001	42.6
55000001	43.7
55100001	43.5
55200001	44.5
55300001	42.1
55400001	45.1
55500001	45.2
55600001	45.5
55700001	44
55800001	42.4
55900001	40.8
56000001	41.9
56100001	41
56200001	41.2
56300001	40.2
56400001	42.2
56500001	42
56600001	44.2
56700001	44.7
56800001	43.6
56900001	43.6
57000001	46.8
57100001	47.2
57200001	46.7
57300001	46.5
57400001	43.3
57500001	44.5
57600001	44.9
57700001	44.9
57800001	45.5
57900001	45.1
58000001	42.7
58100001	41.8
58200001	41.3
58300001	40.6
58400001	41.3
58500001	43.1
58600001	42.1
58700001	41.2
58800001	36.9
58900001	42.4
59000001	42.3
59100001	40.4
59200001	44.2
59300001	44.6
59400001	43.2
59500001	40.7
59600001	41.8
59700001	42.4
59800001	45.5
59900001	43.4
60000001	40.7
60100001	40.5
60200001	41.1
60300001	41.8
60400001	41.1
60500001	40.3
60600001	40.8
60700001	40.1
60800001	40.4
60900001	40.5
61000001	40.8
61100001	40.4
61200001	40.7
61300001	41.4
61400001	40.8
61500001	41.7
61600001	40.8
61700001	40.9
61800001	42.7
61900001	44.5
62000001	43.5
62100001	46.5
62200001	47.1
62300001	50.4
62400001	47.1
62500001	43.9
62600001	45.2
62700001	47.2
62800001	50.4
62900001	50.6
63000001	51.8
63100001	47.6
63200001	46.5
63300001	43.3
63400001	42.3
63500001	41.9
63600001	43.2
63700001	40.2
63800001	40.1
63900001	39.3
64000001	39
64100001	38.7
64200001	38.4
64300001	38.2
64400001	37.8
64500001	37.8
64600001	38.6
64700001	39.4
64800001	39.8
64900001	41.8
65000001	40.5
65100001	40
65200001	41.3
65300001	40.4
65400001	41.1
65500001	39.7
65600001	39.3
65700001	39.6
65800001	40.1
65900001	40.1
66000001	41.1
66100001	39.3
66200001	38.7
66300001	38.6
66400001	38.9
66500001	39.5
66600001	37.9
66700001	36.5
66800001	37.6
66900001	37.2
67000001	37.4
67100001	36.4
67200001	36.4
67300001	36.7
67400001	36.4
67500001	37.5
67600001	36.6
67700001	37.7
67800001	37.1
67900001	37.3
68000001	37.2
68100001	37.6
68200001	37.4
68300001	37.7
68400001	38.4
68500001	38
68600001	39.3
68700001	36.9
68800001	39
68900001	38
69000001	38.1
69100001	38
69200001	39.2
69300001	38.8
69400001	41.3
69500001	41.1
69600001	41.9
69700001	41
69800001	42.8
69900001	44
70000001	42.5
70100001	38.1
70200001	40.8
70300001	39.1
70400001	38.2
70500001	37.8
70600001	38.1
70700001	38
70800001	36.3
70900001	38.1
71000001	37.8
71100001	38.8
71200001	37.8
71300001	37.8
71400001	39.2
71500001	38.3
71600001	38.9
71700001	39.7
71800001	40.2
71900001	39.4
72000001	39.3
72100001	38.2
72200001	38.9
72300001	37.9
72400001	37.7
72500001	36.8
72600001	36.8
72700001	37
72800001	38.8
72900001	38.6
73000001	38.2
73100001	38
73200001	40
73300001	40.3
73400001	39.7
73500001	40.9
73600001	39
73700001	37.9
73800001	40.1
73900001	37.6
74000001	39.2
74100001	39.1
74200001	38.9
74300001	38.5
74400001	37.8
74500001	38.4
74600001	37.8
74700001	37.8
74800001	36.9
74900001	38.4
75000001	37.6
75100001	38
75200001	38.9
75300001	37.1
75400001	38.4
75500001	38.9
75600001	37.8
75700001	37.4
75800001	37.2
75900001	38.1
76000001	39.2
76100001	38.4
76200001	37.3
76300001	36.9
76400001	37.2
76500001	36.5
76600001	36.8
76700001	37.3
76800001	36.1
76900001	36.6
77000001	36.8
77100001	37.5
77200001	37.2
77300001	36.6
77400001	35.5
77500001	35.2
77600001	36.7
77700001	35.8
77800001	37
77900001	36.6
78000001	37.1
78100001	38.5
78200001	36.8
78300001	38.3
78400001	36.5
78500001	36.5
78600001	36.6
78700001	36.6
78800001	36.2
78900001	36
79000001	37.1
79100001	36.7
79200001	37.3
79300001	36.1
79400001	35.4
79500001	36.4
79600001	36.3
79700001	37.4
79800001	37.5
79900001	37.7
80000001	37.4
80100001	37.4
80200001	38.6
80300001	38.6
80400001	39.6
80500001	40.7
80600001	38.3
80700001	39.8
80800001	40.3
80900001	40.4
81000001	40.2
81100001	39.6
81200001	39.7
81300001	39.4
81400001	39.5
81500001	39.3
81600001	40.8
81700001	39.8
81800001	41.1
81900001	39.9
82000001	41.1
82100001	43
82200001	42
82300001	43.2
82400001	40.3
82500001	42.5
82600001	42.3
82700001	41.8
82800001	43.1
82900001	44.8
83000001	43.1
83100001	42.1
83200001	41.8
83300001	39.4
83400001	40
83500001	42.8
83600001	44.9
83700001	44.8
83800001	45.1
83900001	40.9
84000001	39.3
84100001	39.8
84200001	40.1
84300001	41.4
84400001	41.1
84500001	39.4
84600001	37.9
84700001	39.2
84800001	42.7
84900001	40.8
85000001	41.9
85100001	40.5
85200001	38.9
85300001	39.4
85400001	39.3
85500001	39.9
85600001	40.3
85700001	39.4
85800001	39.7
85900001	41.9
86000001	42.9
86100001	42.6
86200001	42
86300001	44.3
86400001	40.1
86500001	45.3
86600001	43.7
86700001	42.6
86800001	40.7
86900001	39.9
87000001	41.7
87100001	40.5
87200001	41.1
87300001	42.5
87400001	40.3
87500001	40.5
87600001	42
87700001	41.1
87800001	39.9
87900001	40.3
88000001	41.3
88100001	40.6
88200001	40.3
88300001	40.8
88400001	47.1
88500001	40.6
88600001	40.1
88700001	41.2
88800001	42.6
88900001	43
89000001	41.4
89100001	41.1
89200001	39.7
89300001	39.3
89400001	38.9
89500001	37.8
89600001	36.9
89700001	37
89800001	37.4
89900001	38.4
90000001	38.3
90100001	36.5
90200001	37.3
90300001	37.8
90400001	37
90500001	38.5
90600001	40.2
90700001	39.8
90800001	41
90900001	40.1
91000001	40
91100001	38.5
91200001	39
91300001	38.5
91400001	37.9
91500001	37.2
91600001	37.1
91700001	35.9
91800001	36.4
91900001	36.9
92000001	36.5
92100001	36.3
92200001	36
92300001	36
92400001	35.9
92500001	37.3
92600001	38.1
92700001	36.9
92800001	36.4
92900001	36.1
93000001	37.4
93100001	37.9
93200001	38.6
93300001	38
93400001	37.1
93500001	38.2
93600001	38.1
93700001	38.3
93800001	39.5
93900001	40.1
94000001	39.5
94100001	39.3
94200001	38.9
94300001	38.6
94400001	41.6
94500001	40.7
94600001	40.7
94700001	44.5
94800001	44.4
94900001	42.4
95000001	41.5
95100001	41.6
95200001	40.7
95300001	41
95400001	41.4
95500001	42.3
95600001	37.7
95700001	40.1
95800001	38.8
95900001	39
96000001	39.8
96100001	38.6
96200001	38.6
96300001	39
96400001	38.4
96500001	38.6
96600001	39.2
96700001	38.4
96800001	38
96900001	38.2
97000001	38.8
97100001	39.2
97200001	41.4
97300001	43
97400001	41.3
97500001	40.6
97600001	41.3
97700001	42.1
97800001	41.4
97900001	42.4
98000001	42.1
98100001	42.4
98200001	42.3
98300001	44.5
98400001	47
98500001	43.7
98600001	39.7
98700001	40.6
98800001	42.3
98900001	43
99000001	44.2
99100001	43.2
99200001	42.3
99300001	44.7
99400001	39.4
99500001	38.6
99600001	44.6
99700001	44.3
99800001	44.1
99900001	42.7
100000001	43.5
100100001	41.3
100200001	42.5
100300001	43.6
100400001	43.7
100500001	43
100600001	44.1
100700001	44.3
100800001	44.2
100900001	43.7
101000001	45.1
101100001	44.1
101200001	43.5
101300001	42.6
101400001	40.3
101500001	42.9
101600001	42.4
101700001	40.9
101800001	40.3
101900001	39.2
102000001	39.7
102100001	41.6
102200001	41.9
102300001	41
102400001	42.4
102500001	42.6
102600001	42.1
102700001	40.7
102800001	41.7
102900001	42
103000001	42.9
103100001	43.4
103200001	43.1
103300001	43
103400001	42.7
103500001	42.3
103600001	42.2
103700001	41.5
103800001	41.8
103900001	41.9
104000001	42.5
104100001	44.3
104200001	43.1
104300001	44.5
104400001	44.8
104500001	44.1
104600001	42.3
104700001	40.7
104800001	45.4
104900001	45.6
105000001	43.6
105100001	42.7
105200001	41.3
105300001	41.1
105400001	40.8
105500001	43
105600001	44.8
105700001	44.8
105800001	45.1
105900001	43.6
106000001	41
106100001	49.5
106200001	48.6
106300001	49.6
106400001	49.5
106500001	49.7
106600001	49.8
106700001	51
106800001	46.2
106900001	44.7
107000001	45.1
107100001	50.7
107200001	50.2
107300001	48.1
107400001	50.1
107500001	48.1
107600001	49.2
107700001	44.6
107800001	45.4
107900001	43.4
108000001	45.5
108100001	39.3
108200001	40.5
108300001	41.4
108400001	40.1
108500001	44.7
108600001	42
108700001	42
108800001	43.1
108900001	40.7
109000001	43.1
109100001	42.7
109200001	41.4
109300001	40.3
109400001	35.3
109500001	36.6
109600001	43.8
109700001	45.1
109800001	43.3
109900001	40.5
110000001	38.1
110100001	37.3
110200001	37.2
110300001	38
110400001	37.9
110500001	38.8
110600001	37.8
110700001	38.3
110800001	39
110900001	40.5
111000001	41.4
111100001	44.8
111200001	43.3
111300001	42.7
111400001	37.9
111500001	41.2
111600001	38.3
111700001	37.9
111800001	37.5
111900001	37.4
112000001	39
112100001	38.8
112200001	37.3
112300001	37.8
112400001	37.1
112500001	36
112600001	37.9
112700001	37.7
112800001	36.2
112900001	37.4
113000001	38.1
113100001	37.8
113200001	36.3
113300001	36.8
113400001	36.4
113500001	35.9
113600001	36.9
113700001	39.4
113800001	38.9
113900001	39.7
114000001	44.9
114100001	45.6
114200001	47.9
114300001	46.5
114400001	46.3
114500001	47.1
114600001	42
114700001	45.8
114800001	41.1
114900001	41.6
115000001	41.4
115100001	40.7
115200001	42.4
115300001	41.7
115400001	42.6
115500001	48.9
115600001	49.2
115700001	44.4
115800001	45.5
115900001	42
116000001	39.4
116100001	41.1
116200001	40.9
116300001	43.4
116400001	44.4
116500001	41.9
116600001	44
116700001	46.2
116800001	47.8
116900001	49.6
117000001	48
117100001	45.3
117200001	46.4
117300001	47.3
117400001	45.4
117500001	52.4
117600001	48.9
117700001	46.8
117800001	49.3
117900001	51
118000001	49.1
118100001	48.6
118200001	49.5
118300001	44.2
118400001	42.3
118500001	42.5
118600001	46
118700001	47.7
118800001	47.5
118900001	47.2
119000001	45.3
119100001	46
119200001	40.2
119300001	47.6
119400001	43.6
119500001	46.8
119600001	49.6
119700001	49.8
119800001	50.7
119900001	50.8
120000001	44.7
120100001	39.5
120200001	46.4
120300001	48.7
120400001	44.9
120500001	47.1
120600001	44.1
120700001	44.1
120800001	41.3
120900001	41.2
121000001	40.9
121100001	41.1
121200001	40.7
121300001	40.4
121400001	40.4
121500001	40.1
121600001	40.4
121700001	40.8
121800001	39.9
121900001	40.2
122000001	39.4
122100001	40.2
122200001	39.5
122300001	40.6
122400001	41.5
122500001	44.1
122600001	46.4
122700001	46.7
122800001	47
122900001	48.8
123000001	44.6
123100001	40.8
123200001	42.2
123300001	45.5
123400001	45
123500001	45.2
123600001	46.3
123700001	45.9
123800001	47.6
123900001	46.5
124000001	45.2
124100001	48.3
124200001	48.7
124300001	49.7
124400001	47.3
124500001	49.4
124600001	49.7
124700001	47.6
124800001	49.6
124900001	49.8
125000001	48.1
125100001	50.7
125200001	49.7
125300001	50.6
125400001	48.2
125500001	49
125600001	48.5
125700001	48.1
125800001	47.2
125900001	51.6
126000001	40.1
126100001	43.7
126200001	45.6
126300001	44.4
126400001	46.1
126500001	42.4
126600001	42.2
126700001	41.5
126800001	47.3
126900001	48.8
127000001	49.1
127100001	46.7
127200001	45.4
127300001	46.1
127400001	44.6
127500001	44.6
127600001	48.7
127700001	46.2
127800001	48.7
127900001	48.7
128000001	47.6
128100001	48.1
128200001	47.9
128300001	48.4
128400001	50.1
128500001	49
128600001	48.4
128700001	48.6
128800001	46.1
128900001	48.6
129000001	45.5
129100001	48.4
129200001	48.2
129300001	46.4
129400001	45.4
129500001	44.9
129600001	52.2
129700001	51.6
129800001	50.2
129900001	49
130000001	45.6
130100001	49.3
130200001	42.5
130300001	50.1
130400001	51.4
130500001	50
130600001	49.6
130700001	48.3
130800001	48.9
130900001	49.3
131000001	48.9
131100001	48.6
131200001	48
131300001	50.8
131400001	48.3
131500001	41
131600001	47.8
131700001	44.9
131800001	46.8
131900001	44.7
132000001	46
132100001	46
132200001	44
132300001	47
132400001	44.9
132500001	51.2
132600001	51
132700001	48.1
132800001	49.4
132900001	48.8
133000001	50.2
133100001	49.9
133200001	46.3
133300001	46.4
133400001	48.9
133500001	46.8
133600001	51
133700001	47
133800001	48.8
133900001	50.4
134000001	49
134100001	52
134200001	50.1
134300001	48.1
134400001	48.1
134500001	50.1
134600001	52.4
134700001	49.6
134800001	47.3
134900001	47.7
135000001	49.3
135100001	49.8
135200001	49.2
135300001	49.9
135400001	46.3
135500001	48
135600001	48.7
135700001	50.2
135800001	45.5
135900001	47
136000001	41.7
136100001	44.4
136200001	51.8
136300001	52.2
136400001	51.1
136500001	50.6
136600001	48.9
136700001	50.8
136800001	49.1
136900001	46.7
137000001	53
137100001	48.1
137200001	53.1
137300001	49.1
137400001	51.5
137500001	48.4
137600001	45.6
137700001	45.5
137800001	52.1
137900001	48.7
138000001	50.7
138100001	49.8
138200001	49.2
138300001	49.7
138400001	48.3
138500001	49.3
138600001	49.2
138700001	48.6
138800001	50.8
138900001	48.8
139000001	51.1
139100001	51.7
139200001	50.8
139300001	52.4
139400001	49.7
139500001	50.2
139600001	51.5
139700001	52.3
139800001	51.1
139900001	51.5
140000001	51.7
140100001	53
140200001	51.7
140300001	53.1
140400001	50.6
140500001	53.7
140600001	51.3
140700001	47.7
140800001	53.1
140900001	51.7
141000001	49.4
141100001	51.1
141200001	47.3
141300001	48.6
141400001	50.7
141500001	48.8
141600001	50.7
141700001	51.3
141800001	49.1
141900001	48
142000001	47.8
142100001	46.1
142200001	45.9
142300001	45.1
142400001	45.7
142500001	45.5
142600001	47.2
142700001	44.2
142800001	46.1
142900001	47.2
143000001	43.2
143100001	41.5
143200001	41.4
143300001	40.6
143400001	40.7
143500001	42.1
143600001	42.9
143700001	41.6
143800001	41.4
143900001	42.5
144000001	41.8
144100001	41.3
144200001	41.1
144300001	40.2
144400001	44.3
144500001	46
144600001	44.1
144700001	44.4
144800001	48
144900001	42.4
145000001	40
145100001	39.8
145200001	39
145300001	40.9
145400001	40.3
145500001	39.8
145600001	41.1
145700001	40.2
145800001	41.5
145900001	40.4
146000001	39.5
146100001	41.2
146200001	39.8
146300001	41.3
146400001	40.2
146500001	41.4
146600001	39.6
146700001	40.4
146800001	39.6
146900001	38.5
147000001	40.6
147100001	40.1
147200001	47.5
147300001	49.5
147400001	50.7
147500001	51.2
147600001	50.8
147700001	49.9
147800001	48.7
147900001	47.9
148000001	49.7
148100001	50.9
148200001	52.4
148300001	50.6
148400001	47.6
148500001	47
148600001	42.6
148700001	47
148800001	47
148900001	49.2
149000001	50.3
149100001	48.8
149200001	50.3
149300001	50.5
149400001	50.4
149500001	48.5
149600001	45.8
149700001	42.3
149800001	43.6
149900001	46.6
150000001	49.9
150100001	47.9
150200001	47.3
150300001	47.6
150400001	46.7
150500001	52.3
150600001	51.4
150700001	49.5
150800001	48
150900001	49.3
151000001	49.1
151100001	47.4
151200001	46.7
151300001	51.2
151400001	52.3
151500001	51.3
151600001	53.1
151700001	54
151800001	53.4
151900001	52.1
152000001	49.7
152100001	48.2
152200001	49.2
152300001	48.1
152400001	47.9
152500001	48.1
152600001	49.1
152700001	49.7
152800001	51.5
152900001	49.5
153000001	49.4
153100001	48.6
153200001	49.5
153300001	51.3
153400001	51.8
153500001	52.2
153600001	53.1
153700001	51.5
153800001	51
153900001	51.7
154000001	49.7
154100001	50.9
154200001	50.8
154300001	54.1
154400001	51.4
154500001	52.2
154600001	50.2
154700001	48.6
154800001	47.2
154900001	45.2
155000001	46.9
155100001	47.9
155200001	50.2
155300001	47.1
155400001	47.5
155500001	50.6
