0.12604085366342865
-0.3326215222982909
-0.2218745370394872
-0.20847770304340948
0.01275261719705556
-0.02198288664549827
-0.3789016563026394
-0.25738343846845246
-0.35144150144983655
-0.33896946554724494
-0.36971925334947386
-0.3930349683167018
-0.3718483575208465
0.19866735964216425
-0.14717601831571236
-0.34208954266410213
-0.3365280266144119
-0.29004417718760445
-0.19844362487015266
-0.3732115891553933
-0.35396965764021066
-0.3537896507487755
-0.36151240734044665
-0.3674204737553628
-0.32603709688334115
-0.3064773809389964
-0.32564216061731854
-0.2876145039529413
-0.27699345477427295
-0.34475463208298934
-0.20731370257742762
-0.37655398524613654
-0.32380569336057197
-0.37200158651511345
-0.18170727843678125
-0.3606600957519001
-0.35899886836267897
-0.28580229851583105
-0.3697621748986877
-0.3412241442022178
-0.29541018585149975
-0.3373514081547074
-0.307453115321848
-0.352327535403989
-0.3611231473307668
-0.34043175619652455
-0.32125680166229464
-0.1821485240443558
0.13351922669713903
0.2862935485467358
0.3061791568575765
-0.03188003170001911
-0.28025758918458094
-0.3375210498887758
-0.3288014693406104
-0.2017517496701423
0.19185195773866212
0.2306231156519644
0.2424925155295653
-0.0051524471515117624
0.3549512140576719
0.3566167897868591
0.21323686577349704
0.1509792813773941
0.2979160542320787
0.308079043738349
0.37161979624350877
0.24436750923847805
0.3776276857848554
0.39866306733445445
0.3831578878581921
0.4070711881501156
0.40952867379517793
0.4039580301180307
0.41024490726509627
0.40894370005087005
0.3982476916839487
0.407823127356797
0.2886172625056397
0.39904771795701033
0.40158344534821666
0.3996228826668191
0.40183313369378043
0.3875999656482025
0.39408867022902494
0.25255243140509415
0.38918342465439526
0.2978231345255828
0.3926316997264504
0.1958738198477099
0.1936835869988686
0.36618603363227403
0.22767984838852098
-0.10102300672902585
0.18294199246874723
0.34879716850038883
0.36528537128094407
0.3867632819269542
0.38455318267883276
0.37918703966368456
0.09103447043118118
0.19242172201772104
0.3816590988905995
0.3748429879576097
0.37754026596372314
0.3815679310976972
0.37535774477167744
0.37105187252638383
0.3308268652572925
-0.2664342205427697
-0.3533637318013101
-0.34349209124085456
-0.2858120338157208
-0.2866939242489187
-0.23562065151588202
-0.04520167161527119
-0.05740436790853234
-0.20560766411337697
0.1726755839545604
0.21495228510155256
0.06066144869850931
0.19803193665669908
nan
nan
nan
nan
nan
nan
nan
nan
nan
nan
nan
nan
nan
nan
nan
nan
nan
nan
nan
nan
0.26095989118742635
0.26439907473187985
0.0208640478266656
-0.216383872768626
0.009690104956175652
-0.06677141755650833
0.26560117701398916
0.11880156224188075
-0.2799277949972111
-0.3161909553313382
-0.16097423862010765
-0.3141446446948725
-0.30809769300329903
-0.26961666018167313
-0.3152829703252993
-0.28186849884376325
0.038650490298638145
0.010664405656015275
-0.2796705620722083
-0.25707355067987026
0.10842817027271592
0.360379631018067
0.3426747772190212
0.2724370593946101
0.3409988336092185
-0.1300928805422655
-0.05751290331625945
0.05427029893252716
0.3702024192648212
0.20351792564968074
0.0677032908864719
-0.015308726340095693
0.10738826998979457
0.14248637649899282
0.32832580465284
0.3205154752804961
0.33673283859198183
0.11528416554818728
-0.12737956505376816
-0.1694177965046582
-0.23824165732101393
-0.19787152426360932
0.19348407291608127
0.3751689239728946
0.3791902106439757
0.4063024127482597
0.40619827168214484
0.40134857812828034
0.40132424354683205
0.40326033349968576
0.3780324485894349
0.38211756283853493
0.40082098699691493
0.3985506970321396
0.3968517363848727
0.39939538314018885
0.3025864248480808
0.35119506147171853
-0.12778230527986492
-0.3556368542790549
-0.3451384633421793
-0.343722620608592
-0.336769520762902
-0.35095532620869213
-0.2795578235701158
-0.3192601443112982
-0.01275580220162786
0.09695633115213548
0.24532687215639418
-0.04999544718303165
-0.22474849106925185
0.22464796225744424
0.35296382363542095
0.3918082122936008
0.39153695648396947
0.38906297371877446
0.3905844558128035
0.387880669222143
0.30187618177275816
0.27024825739998865
0.23232970703583128
0.18303712048287432
-0.045612140352129016
0.2892754333036975
-0.2854959331982547
0.06997195881353428
-0.1636198091695765
-0.27375637775563544
-0.20691790902767845
-0.12142587576078903
0.16186938250044663
-0.03285950421445852
-0.24567015866223174
-0.29373899457934427
-0.0199932558377092
0.3687064966326153
0.38910533657298685
0.3820870224082758
0.37066573931780855
0.36922434669462867
0.3733500448361399
0.31978637111560876
0.13068424938610454
0.03817961216124755
-0.012781231619448375
0.28656208952839685
0.3808195135845949
0.2946893420807032