0.12303473691292584
-0.3485012837339937
-0.21660884745224723
-0.20076956700851334
0.030621384043819564
-0.004018398013107994
-0.38627210017627556
-0.25084721312552266
-0.3673366743959316
-0.35689717502377905
-0.38560273602868994
-0.405625118187968
-0.3766246571643654
0.21195028575732658
-0.13205932577641938
-0.342523112375266
-0.35090727783959
-0.29307162939469544
-0.18928034978459843
-0.3794684126015662
-0.35749130798006873
-0.3680222936579394
-0.3712203024792987
-0.3802253945783073
-0.33918052145220395
-0.3203014538845938
-0.3411537853989589
-0.30413688748882634
-0.29369229373972644
-0.3496169905551296
-0.19849877939423938
-0.38599483618831
-0.3404483526198344
-0.3849413467209125
-0.17008814262826583
-0.3670422660134397
-0.37456708696656726
-0.2828914745722138
-0.3809607429883601
-0.35481595530091825
-0.3125453292670314
-0.34846585631568744
-0.31687863397680816
-0.36538388528825055
-0.37113972704247367
-0.3544378589856243
-0.3356286446608611
-0.17191746542824457
0.15909831162381932
0.3119072279706513
0.3327363685822109
-0.029105179975401903
-0.2926696788195909
-0.34686782958536305
-0.3340710659836707
-0.19510536929733235
0.2166605353666534
0.25826217962895254
0.27026863985908545
-0.002613227299957555
0.38105166398840906
0.3823656772028399
0.23428928621616427
0.16371191620057285
0.3226459874277827
0.3281352330706469
0.3882254595421359
0.2533997841904857
0.3992755574478177
0.4184713476616089
0.3999284886045833
0.4271204859369488
0.4273458213567639
0.4217059199197509
0.42828481026202847
0.42767385527017937
0.41757067561235256
0.42811943146771825
0.2984646831003463
0.41637183681460155
0.4187550354181183
0.4182881206788732
0.4206551965766584
0.4034907194206967
0.41197704080935116
0.2651955659800784
0.4090570589659305
0.3110491510708677
0.41479337090188995
0.2039024811524553
0.20542579841482445
0.38972046947895184
0.24286103589967223
-0.1087796120468577
0.20467937795375643
0.37556096123649263
0.3868787430258269
0.40686754360427796
0.40464841662410156
0.4012619114179467
0.09141605502236426
0.19943777160791612
0.4017791984067008
0.39242428010009345
0.3963560683721355
0.40045760053001467
0.39556119462744327
0.3937384013145161
0.35156516544238026
-0.2806401133220694
-0.3692625833548216
-0.3580668556396671
-0.2869402160185193
-0.2932594905681783
-0.23539981786834138
-0.02889135397233203
-0.041369934375774395
-0.20860341502757077
0.19777949451567112
0.24076728642590775
0.07360016132426919
0.2122539829677363
nan
nan
nan
nan
nan
nan
nan
nan
nan
nan
nan
nan
nan
nan
nan
nan
nan
nan
nan
nan
0.2656384385483368
0.2693758718232766
0.026475728731600996
-0.22261192159146662
0.006467527246338725
-0.0704005561741428
0.27102919872853715
0.11951865076465074
-0.30159915154114325
-0.3363447465908117
-0.15900136122552272
-0.329084930456524
-0.3272343436195186
-0.29018706127492394
-0.33600639583724434
-0.2971340381484672
0.03682724828536846
0.012019588509443235
-0.30222424433871325
-0.27973668206100205
0.10895129043147181
0.37356603451898196
0.3569280412248566
0.2801057449204334
0.3514204314210921
-0.14801215510727783
-0.07391034808450839
0.03982957422995635
0.3777431240249391
0.1990012714011221
0.053594452676915885
-0.032049430471065475
0.09757082781631744
0.14498813672959127
0.3399183210379205
0.33464955729918294
0.34389520574930005
0.10707067552387714
-0.14438192092174157
-0.18087075163163893
-0.2550350411036244
-0.2164979043503309
0.19075670910566744
0.37987467988586165
0.38248352336214697
0.41283707357379423
0.4133525991068606
0.4076745078846668
0.4070711881501156
0.40939208969395574
0.37940720800652533
0.384042928223321
0.4061599323413869
0.40398715861258966
0.4025994617689119
0.4050548116119354
0.300831664509918
0.35344659830710223
-0.14555438240136026
-0.3705083235130017
-0.3629320801265952
-0.3570489517649991
-0.34727008157094885
-0.36710365577243265
-0.29783603754544175
-0.33830507617287076
-0.006661273623309833
0.10374908317871702
0.25429857581345217
-0.06164222440837595
-0.24382372108012929
0.22353464771256665
0.35946220756574754
0.39944848710980424
0.3987329088569814
0.3962504817400325
0.3975157305380179
0.39407069462466177
0.3015053329863915
0.2681028415272175
0.22786304094497278
0.18326046584415395
-0.06168095332374284
0.2925533466901346
-0.30329032674895084
0.07480230163841012
-0.16344721660696448
-0.27884103767569096
-0.2070906707745074
-0.12221166681100648
0.17596156251904563
-0.03540608108645157
-0.2567321809355296
-0.3129995230290505
-0.03057565983091902
0.37721570608040894
0.39761368852863405
0.39106565040262187
0.3788633288256627
0.37751241455092244
0.38250630621812926
0.3227017230836691
0.12989954238915916
0.03968000443762393
-0.020225043680520166
0.28813320040507334
0.3878837542938427
0.2961354593818334